7 0.69453125 0.1703125 0.01640625 0.0234375
7 0.72734375 0.171875 0.0359375 0.03359375
7 0.85390625 0.17890625 0.0265625 0.04140625
7 0.809375 0.20390625 0.03515625 0.0453125
7 0.72421875 0.209375 0.040625 0.0484375
7 0.753125 0.215625 0.0328125 0.0515625
7 0.8515625 0.22734375 0.03359375 0.04140625
7 0.9375 0.2421875 0.02109375 0.03203125
7 0.6171875 0.246875 0.03046875 0.0265625
7 0.69921875 0.259375 0.0328125 0.0453125
7 0.62734375 0.27578125 0.040625 0.0484375
7 0.69296875 0.02890625 0.01640625 0.021875
7 0.51953125 0.28828125 0.0421875 0.05
7 0.678125 0.2890625 0.0375 0.0546875
7 0.7453125 0.03046875 0.01640625 0.025
7 0.465625 0.30390625 0.03828125 0.0546875
7 0.64453125 0.30390625 0.03828125 0.0484375
7 0.790625 0.30390625 0.03515625 0.0484375
7 0.58515625 0.309375 0.028125 0.04140625
7 0.1578125 0.3171875 0.01953125 0.025
7 0.5125 0.3203125 0.0328125 0.03359375
7 0.5453125 0.32109375 0.0234375 0.03515625
7 0.13359375 0.32890625 0.03515625 0.0484375
7 0.6078125 0.33203125 0.0375 0.046875
7 0.853125 0.03359375 0.01953125 0.0234375
7 0.17421875 0.3359375 0.0328125 0.0484375
7 0.99296875 0.34453125 0.0140625 0.0515625
7 0.14609375 0.35 0.02890625 0.03671875
7 0.465625 0.35078125 0.0359375 0.0453125
7 0.55 0.35078125 0.0328125 0.0515625
7 0.578125 0.3515625 0.03125 0.046875
7 0.015625 0.3640625 0.03125 0.0484375
7 0.596875 0.365625 0.03359375 0.04140625
7 0.571875 0.38203125 0.02890625 0.03671875
7 0.46171875 0.3828125 0.0375 0.04140625
7 0.68515625 0.03828125 0.0140625 0.0234375
7 0.753125 0.3859375 0.03046875 0.04140625
7 0.79921875 0.3875 0.02421875 0.04140625
7 0.0265625 0.39921875 0.028125 0.03203125
7 0.0078125 0.4 0.01484375 0.05
7 0.72578125 0.40234375 0.0234375 0.04140625
7 0.31484375 0.4078125 0.02578125 0.0453125
7 0.26875 0.409375 0.03046875 0.0484375
7 0.90859375 0.4296875 0.02890625 0.046875
7 0.2953125 0.4453125 0.03984375 0.03984375
7 0.63984375 0.0453125 0.01484375 0.0234375
7 0.45078125 0.453125 0.021875 0.046875
7 0.4640625 0.45390625 0.02109375 0.0484375
7 0.1109375 0.45546875 0.03125 0.04140625
7 0.07109375 0.46015625 0.03046875 0.04296875
7 0.81015625 0.47109375 0.021875 0.025
7 0.8421875 0.47421875 0.01484375 0.028125
7 0.86484375 0.47421875 0.021875 0.03203125
7 0.34453125 0.478125 0.0171875 0.0296875
7 0.7265625 0.0484375 0.01171875 0.0203125
7 0.3328125 0.49453125 0.02890625 0.04140625
7 0.44921875 0.49453125 0.02421875 0.028125
7 0.72578125 0.5046875 0.028125 0.03359375
7 0.6109375 0.50546875 0.0265625 0.0453125
7 0.74296875 0.51328125 0.03046875 0.04296875
7 0.62421875 0.0515625 0.0171875 0.0265625
7 0.0421875 0.52890625 0.03125 0.0453125
7 0.68671875 0.53203125 0.02890625 0.03984375
7 0.72109375 0.53984375 0.0328125 0.04296875
7 0.62265625 0.5453125 0.02421875 0.03359375
7 0.271875 0.54921875 0.028125 0.0484375
7 0.69453125 0.5546875 0.03046875 0.03984375
7 0.1625 0.55703125 0.02578125 0.0296875
7 0.03515625 0.5640625 0.02421875 0.03203125
7 0.43515625 0.5671875 0.03046875 0.0515625
7 0.2953125 0.5703125 0.03046875 0.03984375
7 0.8125 0.5703125 0.01875 0.0234375
7 0.12265625 0.57109375 0.0265625 0.025
7 0.0578125 0.57109375 0.03046875 0.04140625
7 0.946875 0.571875 0.0171875 0.0234375
7 0.7171875 0.578125 0.02890625 0.03984375
7 0.14453125 0.584375 0.02109375 0.025
7 0.378125 0.58671875 0.03984375 0.05703125
7 0.09921875 0.58984375 0.02421875 0.03984375
7 0.125 0.59609375 0.021875 0.03828125
7 0.2640625 0.6015625 0.0328125 0.03984375
7 0.446875 0.60703125 0.03046875 0.04296875
7 0.4875 0.61171875 0.02109375 0.0296875
7 0.8140625 0.61484375 0.01875 0.0265625
7 0.9109375 0.62109375 0.021875 0.03515625
7 0.4234375 0.621875 0.0375 0.046875
7 0.39453125 0.62578125 0.0234375 0.0453125
7 0.284375 0.6328125 0.0265625 0.03828125
7 0.19921875 0.634375 0.028125 0.0515625
7 0.4609375 0.6359375 0.021875 0.03515625
7 0.29609375 0.6484375 0.0265625 0.03671875
7 0.75078125 0.065625 0.0125 0.021875
7 0.43046875 0.65234375 0.03828125 0.0453125
7 0.471875 0.65234375 0.03515625 0.0484375
7 0.53671875 0.66171875 0.0171875 0.05
7 0.325 0.6640625 0.03359375 0.0515625
7 0.41953125 0.70078125 0.02890625 0.03828125
7 0.44296875 0.70859375 0.03046875 0.046875
7 0.971875 0.7421875 0.0171875 0.028125
7 0.371875 0.746875 0.0171875 0.04296875
7 0.7609375 0.07578125 0.0171875 0.01796875
7 0.39375 0.78359375 0.03125 0.03984375
7 0.43046875 0.7875 0.02890625 0.03203125
7 0.41640625 0.815625 0.028125 0.03828125
7 0.4359375 0.82421875 0.028125 0.03828125
7 0.17890625 0.82890625 0.028125 0.03828125
7 0.71171875 0.00859375 0.01640625 0.01640625
7 0.60859375 0.009375 0.01484375 0.01796875
7 0.371875 0.8453125 0.0171875 0.0234375
7 0.478125 0.8515625 0.02109375 0.03359375
7 0.70703125 0.85234375 0.0328125 0.04140625
7 0.1359375 0.85390625 0.028125 0.028125
7 0.37734375 0.85703125 0.0171875 0.0234375
7 0.3578125 0.8578125 0.01953125 0.025
7 0.484375 0.86484375 0.01953125 0.03359375
7 0.17578125 0.86796875 0.0265625 0.03671875
7 0.503125 0.86796875 0.02421875 0.03359375
7 0.30703125 0.871875 0.03046875 0.04296875
7 0.63828125 0.87265625 0.0328125 0.03828125
7 0.146875 0.87890625 0.02109375 0.04140625
7 0.11796875 0.88203125 0.02890625 0.03984375
7 0.70703125 0.88984375 0.0328125 0.04296875
7 0.16484375 0.8984375 0.0234375 0.03671875
7 0.6828125 0.9046875 0.02890625 0.046875
7 0.6515625 0.90546875 0.03125 0.04140625
7 0.13359375 0.909375 0.028125 0.03515625
7 0.72578125 0.91484375 0.02578125 0.0265625
7 0.3078125 0.9234375 0.03046875 0.03984375
7 0.58828125 0.9234375 0.02578125 0.0265625
7 0.60546875 0.9421875 0.02890625 0.04140625
7 0.26015625 0.94453125 0.028125 0.03828125
7 0.2875 0.94609375 0.0328125 0.04140625
7 0.71171875 0.94765625 0.0234375 0.03203125
7 0.584375 0.95546875 0.0265625 0.04140625
7 0.7875 0.97578125 0.021875 0.028125
7 0.49140625 0.98671875 0.021875 0.0265625
7 0.80390625 0.9875 0.0171875 0.01796875
7 0.31328125 0.98828125 0.03125 0.0234375
7 0.3859375 0.9890625 0.01875 0.021875
7 0.6046875 0.11328125 0.01875 0.0296875
7 0.81484375 0.11640625 0.01953125 0.0265625
7 0.4671875 0.125 0.02109375 0.0203125
7 0.61484375 0.1296875 0.01875 0.0234375
7 0.48046875 0.134375 0.0140625 0.01484375
7 0.5953125 0.14140625 0.0234375 0.0265625