7 0.70546875 0.42421875 0.2265625 0.20390625
7 0.50390625 0.453125 0.22265625 0.21875
7 0.36640625 0.48828125 0.1546875 0.2140625
7 0.25234375 0.49609375 0.225 0.21015625
7 0.8703125 0.49921875 0.22265625 0.2109375
7 0.67734375 0.55546875 0.2078125 0.16640625
7 0.49375 0.60390625 0.2078125 0.1828125
7 0.1203125 0.6109375 0.23984375 0.2140625
7 0.82578125 0.62265625 0.19609375 0.12734375
7 0.6453125 0.66171875 0.1875 0.1234375
7 0.359375 0.6765625 0.2265625 0.21640625
7 0.24609375 0.72734375 0.2125 0.1921875
7 0.91796875 0.0734375 0.1640625 0.146875
7 0.20859375 0.8265625 0.175 0.11484375