7 0.4515625 0.228125 0.07109375 0.13125
7 0.19453125 0.24921875 0.06015625 0.12265625
7 0.25625 0.253125 0.07109375 0.12734375
7 0.86953125 0.26796875 0.08125 0.13515625
7 0.69296875 0.27109375 0.08046875 0.12890625
7 0.53359375 0.278125 0.06015625 0.13515625
7 0.31484375 0.28046875 0.0625 0.12734375
7 0.5765625 0.28359375 0.0734375 0.13359375
7 0.48046875 0.29453125 0.06953125 0.12734375
7 0.365625 0.31171875 0.0578125 0.09765625
7 0.2421875 0.33671875 0.06875 0.10234375
7 0.403125 0.3625 0.06640625 0.1375
7 0.46015625 0.37265625 0.05703125 0.1
7 0.34375 0.37578125 0.06171875 0.12265625
7 0.91875 0.37890625 0.03203125 0.10859375
7 0.86796875 0.38203125 0.09140625 0.14375
7 0.2171875 0.390625 0.05546875 0.08984375
7 0.5953125 0.39296875 0.06953125 0.12265625
7 0.5203125 0.40234375 0.08359375 0.14140625
7 0.6453125 0.403125 0.05703125 0.11875
7 0.70546875 0.41953125 0.08046875 0.13515625
7 0.82421875 0.42265625 0.071875 0.13359375
7 0.3703125 0.45234375 0.0671875 0.11640625
7 0.76328125 0.46171875 0.071875 0.12734375
7 0.43359375 0.46484375 0.06640625 0.125
7 0.58046875 0.471875 0.05703125 0.09375
7 0.62265625 0.47734375 0.03984375 0.07890625
7 0.840625 0.478125 0.06171875 0.09765625
7 0.65859375 0.490625 0.0421875 0.08984375
7 0.3515625 0.49765625 0.053125 0.08359375
7 0.440625 0.53125 0.0421875 0.075
7 0.4 0.53359375 0.06484375 0.1125
7 0.51015625 0.534375 0.06953125 0.11875
7 0.84921875 0.146875 0.0859375 0.11875
7 0.51328125 0.20390625 0.08125 0.12890625