7 0.678125 0.0109375 0.09765625 0.021875
7 0.465625 0.1203125 0.1234375 0.1046875
7 0.82890625 0.128125 0.18125 0.125
7 0.71015625 0.16875 0.15 0.11640625
7 0.44140625 0.01875 0.10703125 0.0328125
7 0.3765625 0.18671875 0.09765625 0.065625
7 0.5578125 0.19140625 0.1734375 0.1234375
7 0.91875 0.19609375 0.1625 0.1359375
7 0.57734375 0.0203125 0.12890625 0.040625
7 0.2875 0.20625 0.15078125 0.115625
7 0.43203125 0.23125 0.13515625 0.0953125
7 0.7859375 0.2453125 0.17578125 0.125
7 0.034375 0.25703125 0.06875 0.06328125
7 0.65 0.26640625 0.1734375 0.11640625
7 0.9 0.2703125 0.10703125 0.06328125
7 0.50546875 0.290625 0.15078125 0.1015625
7 0.36484375 0.29453125 0.14296875 0.10625
7 0.1578125 0.30390625 0.1546875 0.103125
7 0.05 0.3109375 0.1 0.0796875
7 0.95859375 0.0328125 0.0828125 0.065625
7 0.86953125 0.3453125 0.13046875 0.109375
7 0.6 0.35 0.16171875 0.1125
7 0.7484375 0.359375 0.14609375 0.12890625
7 0.43359375 0.3703125 0.15859375 0.103125
7 0.3328125 0.38203125 0.1265625 0.096875
7 0.67265625 0.3859375 0.134375 0.1125
7 0.54140625 0.396875 0.125 0.1015625
7 0.88671875 0.41328125 0.04921875 0.040625
7 0.81328125 0.0421875 0.1609375 0.084375
7 0.6234375 0.4375 0.0765625 0.0609375
7 0.490625 0.04453125 0.12734375 0.06328125
7 0.8046875 0.44453125 0.15859375 0.10234375
7 0.4453125 0.4578125 0.140625 0.0984375
7 0.6828125 0.49140625 0.1546875 0.0953125
7 0.525 0.49296875 0.12265625 0.1078125
7 0.32890625 0.49609375 0.146875 0.0953125
7 0.296875 0.55078125 0.1171875 0.0796875
7 0.4125 0.571875 0.16171875 0.10234375
7 0.6578125 0.57265625 0.08046875 0.096875
7 0.521875 0.62109375 0.13671875 0.109375
7 0.34296875 0.621875 0.1234375 0.07890625
7 0.13984375 0.63125 0.1109375 0.0921875
7 0.4453125 0.634375 0.06484375 0.075
7 0.07109375 0.6515625 0.1078125 0.0609375
7 0.41171875 0.6828125 0.125 0.08671875
7 0.3375 0.70390625 0.125 0.1125
7 0.5609375 0.7140625 0.1015625 0.06953125
7 0.11875 0.72265625 0.13125 0.0796875
7 0.675 0.0734375 0.1546875 0.109375
7 0.2953125 0.734375 0.11328125 0.0875
7 0.44765625 0.7484375 0.11953125 0.1015625
7 0.2203125 0.753125 0.09609375 0.0796875
7 0.51015625 0.7953125 0.12265625 0.08984375
7 0.60859375 0.796875 0.1 0.0921875
7 0.3359375 0.81171875 0.11953125 0.0796875
7 0.41171875 0.8171875 0.03671875 0.0453125
7 0.23125 0.821875 0.11328125 0.08671875
7 0.47109375 0.8296875 0.10390625 0.07109375
7 0.35625 0.84453125 0.09765625 0.04609375
7 0.528125 0.85625 0.08203125 0.06953125
7 0.434375 0.87890625 0.12890625 0.08203125
7 0.609375 0.890625 0.06015625 0.0796875
7 0.3203125 0.8984375 0.11484375 0.0859375
7 0.2234375 0.903125 0.1 0.06875
7 0.553125 0.09140625 0.15234375 0.1125
7 0.12109375 0.92421875 0.06015625 0.04609375
7 0.17265625 0.92734375 0.08984375 0.0578125
7 0.390625 0.934375 0.08828125 0.0578125
7 0.48046875 0.94453125 0.10703125 0.0921875
7 0.2828125 0.9609375 0.1390625 0.078125
7 0.15390625 0.96953125 0.1015625 0.05859375