7 0.721875 0.16171875 0.02890625 0.04140625
7 0.46875 0.184375 0.0359375 0.05625
7 0.73515625 0.1859375 0.0328125 0.034375
7 0.7328125 0.22265625 0.025 0.04140625
7 0.65546875 0.2703125 0.05 0.0671875
7 0.75 0.2734375 0.03046875 0.07265625
7 0.6515625 0.3375 0.0390625 0.06015625
7 0.7484375 0.34921875 0.02890625 0.05
7 0.62421875 0.39296875 0.0390625 0.0578125
7 0.70703125 0.4015625 0.046875 0.05234375
7 0.59921875 0.40625 0.0515625 0.08046875
7 0.63984375 0.43203125 0.03515625 0.04609375
7 0.63828125 0.48671875 0.053125 0.075
7 0.68359375 0.50390625 0.04140625 0.075
7 0.5921875 0.50625 0.05546875 0.084375
7 0.71328125 0.58671875 0.03515625 0.0671875
7 0.55625 0.5953125 0.05859375 0.09140625
7 0.60625 0.59765625 0.0328125 0.0359375
7 0.7078125 0.6578125 0.0578125 0.0828125
7 0.74453125 0.67578125 0.03828125 0.07890625
7 0.65078125 0.69765625 0.053125 0.0875
7 0.5828125 0.7 0.025 0.06328125
7 0.70859375 0.73671875 0.02734375 0.0671875
7 0.75078125 0.07421875 0.0328125 0.040625
7 0.73359375 0.74921875 0.05 0.08515625