7 0.62734375 0.346875 0.09140625 0.084375
7 0.690625 0.40859375 0.07734375 0.096875
7 0.80078125 0.41015625 0.13515625 0.0984375
7 0.95859375 0.421875 0.075 0.0734375
7 0.871875 0.44296875 0.12734375 0.1
7 0.584375 0.465625 0.11484375 0.0875
7 0.63671875 0.5 0.13515625 0.0859375
7 0.76796875 0.515625 0.15234375 0.1109375
7 0.84375 0.53125 0.1 0.0984375
7 0.61328125 0.5546875 0.11875 0.0734375
7 0.6875 0.609375 0.1125 0.08046875
7 0.59296875 0.62734375 0.10625 0.0765625
7 0.9859375 0.06640625 0.028125 0.0796875
7 0.69140625 0.66796875 0.09609375 0.05546875
7 0.53203125 0.70546875 0.13984375 0.09453125
7 0.66484375 0.72265625 0.14140625 0.0984375
7 0.33046875 0.75078125 0.15234375 0.10390625
7 0.453125 0.796875 0.14765625 0.10546875
7 0.31484375 0.8234375 0.14609375 0.08046875
7 0.875 0.84140625 0.12109375 0.078125
7 0.77109375 0.85703125 0.07890625 0.06953125
7 0.42734375 0.86484375 0.13359375 0.08203125
7 0.79296875 0.88359375 0.10234375 0.0640625
7 0.52578125 0.128125 0.08515625 0.08203125
7 0.61015625 0.13359375 0.1125 0.0890625