7 0.965625 0.203125 0.06796875 0.153125
7 0.95078125 0.35234375 0.0984375 0.16484375
7 0.7296875 0.4109375 0.0765625 0.08515625
7 0.45390625 0.4265625 0.1453125 0.146875
7 0.8234375 0.43359375 0.13984375 0.13671875
7 0.98359375 0.44921875 0.0328125 0.1265625
7 0.35859375 0.47265625 0.146875 0.1484375
7 0.67109375 0.4734375 0.1484375 0.13671875
7 0.56640625 0.4890625 0.13359375 0.1515625
7 0.47734375 0.521875 0.08515625 0.06640625
7 0.7234375 0.525 0.13671875 0.146875
7 0.33046875 0.53828125 0.121875 0.1234375
7 0.62421875 0.58984375 0.13203125 0.103125
7 0.4390625 0.61640625 0.1515625 0.15
7 0.2875 0.6453125 0.11796875 0.13984375