7 0.32109375 0.9671875 0.1046875 0.065625
7 0.7484375 0.096875 0.09296875 0.1515625
7 0.73359375 0.17109375 0.084375 0.1109375
7 0.50859375 0.25546875 0.08203125 0.11640625
7 0.72734375 0.27265625 0.1 0.16953125
7 0.425 0.35078125 0.09140625 0.11328125
7 0.50625 0.37109375 0.08203125 0.153125
7 0.6984375 0.403125 0.09140625 0.16640625
7 0.6265625 0.4390625 0.08515625 0.165625
7 0.56640625 0.465625 0.09453125 0.15625
7 0.43515625 0.46640625 0.10390625 0.1953125
7 0.3875 0.525 0.08984375 0.16484375
7 0.58046875 0.5578125 0.06953125 0.11015625
7 0.5015625 0.56171875 0.09609375 0.16953125
7 0.5265625 0.678125 0.0890625 0.16171875
7 0.4671875 0.73984375 0.08515625 0.128125
7 0.30234375 0.85546875 0.09609375 0.1953125