7 0.9015625 0.09453125 0.065625 0.05859375
7 0.9234375 0.23671875 0.13828125 0.15625
7 0.565625 0.2671875 0.11328125 0.1
7 0.76953125 0.27421875 0.14765625 0.20546875
7 0.365625 0.29609375 0.0921875 0.12890625
7 0.92421875 0.3796875 0.10859375 0.1390625
7 0.16171875 0.39140625 0.1484375 0.20234375
7 0.46875 0.39609375 0.08515625 0.06953125
7 0.76328125 0.4234375 0.096875 0.12421875
7 0.3578125 0.44140625 0.0875 0.08046875
7 0.453125 0.45703125 0.11328125 0.11875
7 0.859375 0.46015625 0.15234375 0.18984375
7 0.52421875 0.4734375 0.13828125 0.17734375
7 0.96953125 0.48984375 0.0609375 0.1796875
7 0.37109375 0.490625 0.075 0.06875
7 0.66015625 0.515625 0.153125 0.178125
7 0.221875 0.52265625 0.12734375 0.17265625
7 0.978125 0.53828125 0.04296875 0.175
7 0.3078125 0.5546875 0.13125 0.153125
7 0.4265625 0.578125 0.14296875 0.19765625
7 0.93984375 0.5921875 0.09921875 0.14765625
7 0.85546875 0.63203125 0.13359375 0.184375
7 0.1359375 0.640625 0.1421875 0.16875
7 0.4921875 0.6640625 0.09765625 0.15625
7 0.1953125 0.675 0.08828125 0.1375
7 0.590625 0.67734375 0.1296875 0.1640625
7 0.72734375 0.68046875 0.125 0.1828125
7 0.95390625 0.71796875 0.0921875 0.1640625
7 0.29140625 0.72109375 0.1359375 0.16796875