7 0.284375 0.32109375 0.11328125 0.15390625
7 0.08828125 0.32421875 0.1296875 0.17265625
7 0.19609375 0.34140625 0.09140625 0.14453125
7 0.90625 0.38125 0.0984375 0.12890625
7 0.3 0.4671875 0.125 0.15703125
7 0.9 0.4890625 0.10625 0.15078125
7 0.61328125 0.5046875 0.125 0.17578125
7 0.50859375 0.5078125 0.12265625 0.16953125
7 0.80390625 0.5359375 0.09140625 0.13828125
7 0.73203125 0.575 0.09375 0.12890625
7 0.925 0.5921875 0.0796875 0.13203125
7 0.52109375 0.64765625 0.10625 0.13515625
7 0.853125 0.64765625 0.1015625 0.14765625
7 0.6984375 0.64921875 0.0984375 0.10625
7 0.615625 0.65078125 0.1109375 0.13515625
7 0.78671875 0.65234375 0.04921875 0.09375
7 0.68125 0.74453125 0.1015625 0.13515625
7 0.87265625 0.22890625 0.084375 0.075
7 0.43984375 0.26015625 0.14140625 0.18203125
7 0.57421875 0.29453125 0.075 0.09375
7 0.5765625 0.29453125 0.075 0.08125