7 0.425 0.14296875 0.2078125 0.221875
7 0.25 0.24765625 0.215625 0.2296875
7 0.08515625 0.2859375 0.16875 0.2
7 0.4953125 0.3296875 0.2203125 0.20703125
7 0.8890625 0.34609375 0.221875 0.2296875
7 0.1609375 0.39921875 0.21171875 0.19765625
7 0.684375 0.403125 0.22578125 0.22734375
7 0.9140625 0.47578125 0.171875 0.1203125
7 0.309375 0.5203125 0.17734375 0.19296875
7 0.53046875 0.5390625 0.21875 0.2140625
7 0.22265625 0.5546875 0.12734375 0.1328125
7 0.7953125 0.5703125 0.23984375 0.21328125
7 0.64375 0.653125 0.18984375 0.1671875
7 0.521875 0.83828125 0.20625 0.209375
7 0.33125 0.86796875 0.196875 0.2203125
7 0.16875 0.92578125 0.13203125 0.14765625
7 0.6421875 0.9828125 0.1296875 0.034375