7 0.35859375 0.77265625 0.134375 0.13828125
7 0.4890625 0.77734375 0.1546875 0.146875
7 0.24453125 0.45703125 0.1234375 0.12890625
7 0.66171875 0.48359375 0.13671875 0.13203125
7 0.9171875 0.515625 0.1375 0.13125
7 0.35390625 0.55234375 0.15390625 0.14296875
7 0.71015625 0.590625 0.14765625 0.14765625
7 0.57890625 0.6 0.10625 0.12109375
7 0.5015625 0.6359375 0.13515625 0.13203125
7 0.50859375 0.6453125 0.1125 0.121875
7 0.27890625 0.66015625 0.134375 0.13046875
7 0.41640625 0.690625 0.1109375 0.103125