5 0.91015625 0.62109375 0.11171875 0.13359375
5 0.79921875 0.6859375 0.1109375 0.1296875
5 0.73125 0.56171875 0.096875 0.10234375
5 0.6515625 0.625 0.13046875 0.1296875
5 0.54609375 0.6 0.12265625 0.11484375
5 0.5140625 0.528125 0.1171875 0.08671875
5 0.51328125 0.41953125 0.109375 0.1265625
5 0.61015625 0.46015625 0.12890625 0.096875
5 0.69375 0.440625 0.1625 0.121875
5 0.78671875 0.375 0.115625 0.1078125
5 0.653125 0.30234375 0.12734375 0.08984375
5 0.51015625 0.34296875 0.13828125 0.0890625
5 0.5140625 0.30546875 0.140625 0.10234375
5 0.4125 0.30703125 0.0828125 0.0765625
5 0.2171875 0.321875 0.11796875 0.0703125
5 0.26171875 0.35546875 0.10859375 0.096875
5 0.3015625 0.4015625 0.14609375 0.096875
5 0.328125 0.51015625 0.14765625 0.121875