5 0.44609375 0.52890625 0.14296875 0.0859375
5 0.58671875 0.503125 0.12578125 0.0921875
5 0.61171875 0.5703125 0.1390625 0.07890625
5 0.3578125 0.6046875 0.1328125 0.06953125
5 0.278125 0.56875 0.13203125 0.07890625
5 0.24375 0.63203125 0.1609375 0.0921875
5 0.40859375 0.675 0.1734375 0.10078125
5 0.57109375 0.6796875 0.1421875 0.08203125
5 0.6578125 0.64140625 0.1640625 0.103125
5 0.77890625 0.5765625 0.1234375 0.09921875
5 0.9484375 0.5578125 0.10234375 0.08671875
5 0.91015625 0.59921875 0.12421875 0.08359375
5 0.79453125 0.66796875 0.125 0.07734375
5 0.9203125 0.6734375 0.11953125 0.07265625