5 0.1375 0.2140625 0.23984375 0.190625
5 0.3421875 0.2828125 0.2609375 0.1859375
5 0.52421875 0.29609375 0.2796875 0.23203125
5 0.67734375 0.36953125 0.19140625 0.16640625
5 0.5203125 0.48828125 0.21640625 0.16484375
5 0.51328125 0.628125 0.2296875 0.15703125
5 0.13203125 0.42421875 0.2234375 0.16640625
5 0.11796875 0.58125 0.234375 0.20546875
5 0.12890625 0.8 0.21171875 0.1515625
5 0.30078125 0.7640625 0.27734375 0.17734375
5 0.3125 0.61015625 0.20546875 0.1609375
5 0.29609375 0.50625 0.22421875 0.15390625
5 0.57734375 0.7828125 0.2578125 0.16796875