5 0.52421875 0.14609375 0.11015625 0.15234375
5 0.6109375 0.0796875 0.096875 0.1453125
5 0.6640625 0.15390625 0.090625 0.1328125
5 0.59609375 0.23203125 0.10546875 0.109375
5 0.47890625 0.321875 0.103125 0.15390625
5 0.47734375 0.49296875 0.115625 0.13125
5 0.49453125 0.6421875 0.07890625 0.16796875
5 0.5234375 0.80078125 0.1109375 0.13515625
5 0.60390625 0.94375 0.10859375 0.1125
5 0.62578125 0.83359375 0.12109375 0.13515625
5 0.7203125 0.9296875 0.08828125 0.13125
5 0.8203125 0.890625 0.103125 0.1671875
5 0.9265625 0.871875 0.0921875 0.12890625
5 0.96015625 0.79375 0.0796875 0.1296875
5 0.8953125 0.73359375 0.0765625 0.0875
5 0.8265625 0.74609375 0.1015625 0.096875
5 0.78515625 0.6390625 0.096875 0.1296875
5 0.74296875 0.77890625 0.1 0.1140625
5 0.68828125 0.6984375 0.0796875 0.0875
5 0.65 0.60234375 0.0625 0.0875
5 0.584375 0.678125 0.09921875 0.1
5 0.5796875 0.55703125 0.0625 0.09765625
5 0.62109375 0.50390625 0.08203125 0.1
5 0.58671875 0.33828125 0.10625 0.134375
5 0.66171875 0.390625 0.1203125 0.16953125
5 0.70234375 0.48125 0.10859375 0.1203125
5 0.80859375 0.51484375 0.0890625 0.12265625
5 0.865625 0.5484375 0.10078125 0.15
5 0.7984375 0.34765625 0.11484375 0.1328125
5 0.7421875 0.25703125 0.0859375 0.09765625
5 0.7921875 0.15703125 0.08515625 0.10859375
5 0.8375 0.22109375 0.1109375 0.1625
5 0.9484375 0.4421875 0.10078125 0.1328125
5 0.95703125 0.32109375 0.0859375 0.14453125
5 0.95859375 0.1484375 0.0828125 0.1484375