5 0.3953125 0.31015625 0.18125 0.23671875
5 0.60625 0.31796875 0.1921875 0.22734375
5 0.62890625 0.53984375 0.31328125 0.3359375
5 0.8921875 0.5046875 0.19296875 0.22109375
5 0.83828125 0.32109375 0.19453125 0.17890625
5 0.85625 0.81796875 0.2875 0.3640625
5 0.4578125 0.84765625 0.33828125 0.3046875
5 0.3609375 0.5640625 0.29140625 0.35625
5 0.165625 0.4546875 0.271875 0.3109375
5 0.15 0.784375 0.28125 0.43046875
5 0.18828125 0.24453125 0.22890625 0.2328125
5 0.2921875 0.13125 0.17578125 0.1828125
5 0.490625 0.16484375 0.18203125 0.19296875