5 0.4384185328125 0.38286010625 0.47894883750000006 0.3596110421875 0.4954611796875 0.316689640625 0.469942115625 0.2666147171875 0.46093539375 0.2540959703125 0.420404975 0.23084690624999998 0.3768724671875 0.2326353375 0.33934436562500003 0.25230760625 0.3168275046875 0.279133465625 0.30932188437499997 0.327420025 0.3123240859375 0.3596110421875 0.333339846875 0.390013696875 0.357357809375 0.42041635 0.37086794843750004 0.4078976015625 0.4384185328125 0.38286010625
5 0.481951153125 0.506259084375 0.5059691171875 0.520566196875 0.5419961171875001 0.5044706531250001 0.5495017375 0.4830100203125 0.5389938 0.4347234609375 0.5224814578125 0.39895565 0.4879555578125 0.3792833109375 0.44742525468750005 0.375706584375 0.41139825312499995 0.3846485375 0.387380290625 0.41326275937499996 0.38437808906250004 0.4239930765625 0.387380290625 0.42220471249999997 0.369366846875 0.4830100203125 0.40689495000000003 0.4973171328125 0.4564319765625 0.49016354218749997 0.481951153125 0.506259084375
5 0.4489263546875 0.6654258078125 0.481951153125 0.651118696875 0.4954611796875 0.6242928375 0.5029668 0.5724295515625 0.5029668 0.5366617390624999 0.481951153125 0.5080474484375 0.44742525468750005 0.48658674687500003 0.40539373437500004 0.484798384375 0.3663645296875 0.5026822906249999 0.352854390625 0.520566196875 0.33634204843750004 0.5831600031249999 0.34985218906250004 0.6242928375 0.3858791890625 0.6582722859375 0.4489263546875 0.6654258078125
5 0.46844101406250005 0.7763060375 0.48645445781249996 0.7441151578125 0.48945677343750005 0.7119240046875001 0.4669399140625 0.6761561921875 0.4098971515625 0.6636375796875 0.3753712515625 0.6493303328125 0.3663645296875 0.636811721875 0.3453487703125 0.651118696875 0.334840946875 0.6940400984374999 0.334840946875 0.7065588453125 0.3603600109375 0.7530571109374999 0.3858791890625 0.7924015796874999 0.43691743125000004 0.8102854859375 0.46844101406250005 0.7763060375
5 0.30932188437499997 0.8138622124999999 0.322831909375 0.770941015625 0.3303375296875 0.7333847046875 0.322831909375 0.6797329859375 0.298813946875 0.6600606499999999 0.2657892625 0.64217674375 0.222256640625 0.654695628125 0.1967375765625 0.6833097125 0.192234159375 0.6958284609375001 0.192234159375 0.70119361875 0.18322743749999998 0.73696143125 0.21174881874999998 0.781671196875 0.256782540625 0.821015803125 0.30932188437499997 0.8138622124999999
5 0.576521903125 0.8746675203125 0.6110478031250001 0.8567836140624999 0.630562346875 0.8263810296875 0.630562346875 0.7834596281249999 0.6140500046875 0.7512686109375 0.585528625 0.7119240046875001 0.5449983203125 0.6994053921875001 0.49396007812500003 0.7083473453125 0.4804499375 0.745903384375 0.46393759687499997 0.7852479906250001 0.48495335624999997 0.8406880718749999 0.5374926999999999 0.8746675203125 0.576521903125 0.8746675203125
5 0.6335646640625 0.765575721875 0.671092765625 0.7834596281249999 0.7116230703124999 0.774517675 0.747650071875 0.7530571109374999 0.7581578953125 0.7172892984375 0.7551556921875 0.6833097125 0.7356410328125 0.651118696875 0.7266343109375 0.6314464265625 0.683101690625 0.6242928375 0.6440724859375 0.633234790625 0.612548903125 0.6529071281250001 0.59153314375 0.6994053921875001 0.5930342453125 0.710135571875 0.612548903125 0.7387498625 0.6335646640625 0.765575721875
5 0.7071197671875 0.57064111875 0.7071197671875 0.542026896875 0.6921085265625 0.48122158906249995 0.6695916656249999 0.45439573125 0.62605904375 0.449030571875 0.5990387640625 0.45260736718750005 0.5795242203125001 0.47406806718750005 0.5720185984375 0.5259313546875 0.5735197000000001 0.5581223718749999 0.6035421828125 0.6064089312500001 0.6545804234375 0.6099858625000001 0.6816005890625 0.6046205671875 0.7071197671875 0.57064111875
5 0.48945677343750005 0.6439651750000001 0.469942115625 0.6886749390625 0.4984634953125 0.710135571875 0.5374926999999999 0.710135571875 0.5930342453125 0.6940400984374999 0.600539865625 0.62786976875 0.587029840625 0.5473920546875 0.546499421875 0.540238465625 0.5168215 0.5375335 0.517978040625 0.543815259375 0.5149758375 0.6117740890625 0.48945677343750005 0.6439651750000001
5 0.20124088125 0.6761561921875 0.21174881874999998 0.654695628125 0.24477350156250002 0.64217674375 0.2823016046875 0.6385999484375 0.28380270625000004 0.62786976875 0.27479598437499997 0.57421805 0.2612858453125 0.5545456453125001 0.22525884375 0.542026896875 0.186229640625 0.540238465625 0.15320495625 0.5634875984375001 0.14269701875000002 0.6135625203124999 0.14870153749999998 0.6564838546875 0.18322743749999998 0.6815214859375 0.20124088125 0.6761561921875
5 0.23726788124999998 0.3596110421875 0.21625212187499998 0.35782267968750003 0.1787240203125 0.3631878375 0.15470605625 0.38286010625 0.14269701875000002 0.41862791875000005 0.1472004359375 0.45439573125 0.1712183984375 0.48122158906249995 0.24477350156250002 0.41326275937499996 0.24477350156250002 0.3971672171875 0.23726788124999998 0.3596110421875
5 0.322831909375 0.391802059375 0.3063195671875 0.3381503421875 0.3213308078125 0.27734510156250003 0.3063195671875 0.25588440156250003 0.2973128453125 0.259461196875 0.256782540625 0.2844986234375 0.23726788124999998 0.314901278125 0.240270084375 0.356034246875 0.2417713 0.3649762 0.26428816093749996 0.41326275937499996 0.322831909375 0.391802059375
5 0.6966118296875 0.4508189359375 0.7161264890625 0.43830025624999996 0.7251332109375 0.38286010625 0.7101219703125 0.352457453125 0.683101690625 0.3381503421875 0.656081525 0.3381503421875 0.6200545234375 0.354245884375 0.5930342453125 0.38286010625 0.5900320421874999 0.41326275937499996 0.59752720625 0.44146558281250003 0.6200545234375 0.44008861875000005 0.6725938671875 0.45618416249999993 0.6966118296875 0.4508189359375
5 0.8347153140625 0.6081973625 0.903767 0.588525025 0.917277025 0.5187778328125 0.888755759375 0.46870284218749997 0.8437220359375001 0.445453778125 0.7971872125 0.449030571875 0.7641624140625 0.47764479375 0.7596591109374999 0.5187778328125 0.783677071875 0.5456036921874999 0.7941848953124999 0.59210195625 0.8347153140625 0.6081973625
5 0.6936096265625 0.49552870000000004 0.7116230703124999 0.5563341453125 0.66809045 0.601043909375 0.7191286906250001 0.6225044734375 0.7581578953125 0.6618490796875001 0.7911826937499999 0.6081973625 0.7761714515625 0.543815259375 0.7416455531249999 0.49910549531250004 0.6936096265625 0.49552870000000004
5 0.45493087499999996 0.25051924375 0.4729443171875 0.21832815781249998 0.4564319765625 0.17361842656249998 0.4144005703125 0.161099746875 0.369366846875 0.157522884375 0.3273353265625 0.18792560625000002 0.3273353265625 0.24515401718750002 0.37086794843750004 0.23084690624999998 0.4324140140625 0.2290585421875 0.45493087499999996 0.25051924375
5 0.357357809375 0.1539461234375 0.324333125 0.15215779375 0.286805021875 0.168253234375 0.25978474375 0.212963 0.2792994015625 0.2540959703125 0.3303375296875 0.24515401718750002 0.3168275046875 0.20580951249999999 0.357357809375 0.1539461234375