5 0.09140625 0.52265625 0.1265625 0.12265625
5 0.33828125 0.46171875 0.11640625 0.14375
5 0.19453125 0.5625 0.1703125 0.1625
5 0.3046875 0.64765625 0.15 0.15625
5 0.4171875 0.6390625 0.14140625 0.1359375
5 0.4671875 0.51875 0.11171875 0.140625
5 0.5953125 0.5359375 0.09765625 0.0828125
5 0.5546875 0.65859375 0.18671875 0.15390625
5 0.7 0.646875 0.1359375 0.13828125
5 0.73828125 0.52109375 0.14921875 0.1625
5 0.8578125 0.60078125 0.15625 0.159375
5 0.85078125 0.5125 0.1 0.1125
5 0.9234375 0.5625 0.07890625 0.115625