5 0.513289896875 0.7933334109375 0.46659286875 0.7850000781250001 0.433237884375 0.8083333093749999 0.4732639328125 0.8383333609375001 0.51106618125 0.82666674375 0.513289896875 0.7933334109375
5 0.5733288859375001 0.748333334375 0.5333028375 0.7400000015625 0.5088425484375 0.75666666875 0.5510922296875 0.773333334375 0.5733288859375001 0.748333334375
5 0.5977891750000001 0.7516668078125 0.5799998671875 0.79666669375 0.6266968109375 0.8066666687499999 0.6266968109375 0.7749999765625 0.5977891750000001 0.7516668078125
5 0.7245381328125 0.80166674375 0.6845121671875 0.7800000265625 0.6489334671875 0.8083333093749999 0.691183146875 0.8533333859375001 0.735656459375 0.83166666875 0.7245381328125 0.80166674375
5 0.733432828125 0.835000078125 0.7067488234375 0.8749999765625001 0.753445853125 0.895000053125 0.7756825093749999 0.8600000781249999 0.733432828125 0.835000078125
5 0.8134847578125 0.9033333859375 0.8646291343750001 0.88166666875 0.8646291343750001 0.8400000015625 0.8232291546875 0.837083284375 0.7912481015624999 0.8433334109375 0.7779061406250001 0.89666669375 0.8134847578125 0.9033333859375
5 0.28828125 0.47421875 0.04609375 0.0453125
5 0.3234375 0.47734375 0.05546875 0.05546875
5 0.3765625 0.4765625 0.04609375 0.05
5 0.43984375 0.4859375 0.04453125 0.071875
5 0.40078125 0.51328125 0.04296875 0.04375
5 0.35390625 0.52421875 0.05625 0.0453125
5 0.29296875 0.5453125 0.071875 0.053125
5 0.35703125 0.58046875 0.06796875 0.02890625
5 0.3734375 0.609375 0.06171875 0.0578125
5 0.4 0.5796875 0.08046875 0.034375
5 0.4765625 0.5734375 0.04609375 0.04296875
5 0.5125 0.56015625 0.0453125 0.0421875
5 0.53046875 0.52421875 0.05390625 0.04140625
5 0.51015625 0.49765625 0.04609375 0.04140625
5 0.5296875 0.45859375 0.0515625 0.03515625
5 0.584375 0.47578125 0.04921875 0.04453125
5 0.50625 0.4140625 0.071875 0.04140625
5 0.4859375 0.39296875 0.05859375 0.03671875
5 0.5453125 0.29375 0.04375 0.0390625
5 0.58984375 0.225 0.0609375 0.0296875
5 0.5546875 0.2515625 0.04140625 0.04609375
5 0.82734375 0.28203125 0.04765625 0.03203125
5 0.85390625 0.30546875 0.04453125 0.0328125
5 0.89140625 0.3109375 0.0578125 0.04765625
5 0.9296875 0.31171875 0.09140625 0.03671875
5 0.85546875 0.24296875 0.03671875 0.03359375
5 0.23125 0.7421875 0.07109375 0.05546875
5 0.56640625 0.69296875 0.053125 0.04453125
5 0.57421875 0.8296875 0.05703125 0.05703125
5 0.59375 0.90078125 0.05703125 0.05546875
5 0.5921875 0.96953125 0.08203125 0.0609375
5 0.6578125 0.9609375 0.06328125 0.0515625
5 0.740625 0.9515625 0.07421875 0.0703125
5 0.771875 0.9171875 0.06484375 0.06484375
5 0.771875 0.77734375 0.04765625 0.0515625
5 0.79140625 0.71796875 0.0578125 0.05390625
5 0.84453125 0.63046875 0.05859375 0.0453125
5 0.84453125 0.5890625 0.05859375 0.0546875
5 0.89296875 0.57734375 0.05 0.04765625
5 0.86796875 0.5265625 0.05625 0.06640625
5 0.8609375 0.478125 0.0421875 0.03671875
5 0.7578125 0.4453125 0.08046875 0.0421875
5 0.73125 0.48046875 0.04921875 0.05859375
5 0.7375 0.528125 0.0671875 0.04453125
5 0.78125 0.5390625 0.05546875 0.04140625
5 0.6875 0.5703125 0.07890625 0.0625
5 0.69375 0.61171875 0.05234375 0.03671875
5 0.2609375 0.8109375 0.0640625 0.03515625
5 0.2875 0.8703125 0.05078125 0.0328125
5 0.20546875 0.82734375 0.0640625 0.0421875
5 0.1578125 0.8046875 0.05234375 0.04375
5 0.09765625 0.8359375 0.065625 0.03125
5 0.09140625 0.87421875 0.06953125 0.0484375
5 0.3734375 0.3015625 0.06640625 0.05
5 0.4109375 0.275 0.053125 0.046875
5 0.41953125 0.24375 0.04921875 0.021875
5 0.45625 0.253125 0.03359375 0.053125
5 0.50859375 0.22265625 0.05390625 0.0453125
5 0.546875 0.16953125 0.04765625 0.02734375
5 0.72734375 0.0265625 0.04765625 0.040625
5 0.7015625 0.07890625 0.06796875 0.03828125
5 0.76640625 0.084375 0.05859375 0.028125
5 0.81328125 0.0796875 0.0359375 0.04375
5 0.64453125 0.06640625 0.07109375 0.0296875
5 0.60390625 0.07734375 0.07265625 0.0390625
5 0.259375 0.08046875 0.0546875 0.0453125
5 0.325 0.1015625 0.0703125 0.03671875
5 0.0640625 0.19765625 0.07578125 0.0453125
5 0.0625 0.26796875 0.06171875 0.04453125
5 0.32578125 0.4015625 0.05 0.0296875
5 0.840625 0.48125 0.04609375 0.03203125