5 0.40859375 0.24765625 0.17890625 0.25625
5 0.39921875 0.42109375 0.1734375 0.33359375
5 0.36328125 0.75390625 0.1390625 0.29375
5 0.1765625 0.6109375 0.14609375 0.27265625
5 0.096875 0.5171875 0.13359375 0.24765625
5 0.159375 0.34921875 0.12890625 0.203125
5 0.315625 0.62421875 0.12421875 0.2140625
5 0.6 0.846875 0.14453125 0.22734375
5 0.50703125 0.65 0.18828125 0.3
5 0.76015625 0.8375 0.2234375 0.325
5 0.7984375 0.38359375 0.2109375 0.33984375
5 0.84296875 0.60546875 0.1484375 0.3
5 0.94140625 0.83359375 0.11640625 0.321875