5 0.14375 0.3640625 0.11953125 0.14375
5 0.2578125 0.3484375 0.13515625 0.16171875
5 0.32734375 0.28359375 0.14140625 0.146875
5 0.39765625 0.34453125 0.1328125 0.1828125
5 0.31796875 0.43984375 0.1359375 0.1375
5 0.31796875 0.60703125 0.159375 0.2125
5 0.4078125 0.48203125 0.11015625 0.16171875
5 0.4421875 0.596875 0.109375 0.16328125
5 0.5 0.47890625 0.09140625 0.20078125
5 0.68828125 0.6640625 0.121875 0.16328125
5 0.58203125 0.690625 0.11953125 0.1703125
5 0.684375 0.48984375 0.15859375 0.19609375