5 0.46484375 0.16796875 0.05078125 0.03515625
5 0.5 0.178125 0.053125 0.0265625
5 0.49296875 0.22890625 0.0890625 0.053125
5 0.39609375 0.246875 0.078125 0.03046875
5 0.384375 0.29296875 0.05625 0.04375
5 0.2890625 0.43359375 0.015625 0.03671875
5 0.3328125 0.38125 0.053125 0.028125
5 0.4109375 0.4953125 0.09765625 0.05703125
5 0.30078125 0.53828125 0.07265625 0.05078125
5 0.57734375 0.70234375 0.0703125 0.053125
5 0.5 0.73515625 0.075 0.03671875
5 0.48984375 0.821875 0.0546875 0.03046875
5 0.4765625 0.86875 0.07265625 0.05703125
5 0.75703125 0.54921875 0.084375 0.0484375
5 0.73046875 0.478125 0.05859375 0.04765625
5 0.84453125 0.44765625 0.0703125 0.05234375
5 0.903125 0.50390625 0.059375 0.0359375
5 0.89296875 0.5828125 0.06640625 0.05234375
5 0.865625 0.6375 0.06796875 0.03984375
5 0.690625 0.81328125 0.05703125 0.0546875
5 0.5984375 0.89921875 0.09921875 0.059375
5 0.740625 0.9625 0.06328125 0.06640625
5 0.60625 0.9640625 0.07109375 0.053125
5 0.81796875 0.8625 0.0609375 0.05703125
5 0.87265625 0.83828125 0.07578125 0.0640625
5 0.81015625 0.75390625 0.08984375 0.0609375
5 0.728125 0.7609375 0.08828125 0.05859375
5 0.7484375 0.79296875 0.06640625 0.04296875
5 0.25234375 0.8125 0.08046875 0.03671875
5 0.228125 0.73359375 0.07109375 0.0375
5 0.41875 0.58828125 0.04140625 0.03046875
5 0.3703125 0.60546875 0.04453125 0.03984375