5 0.40390625 0.25390625 0.08671875 0.07109375
5 0.46171875 0.3265625 0.1234375 0.0984375
5 0.35703125 0.3359375 0.13203125 0.09921875
5 0.3484375 0.4109375 0.09140625 0.09609375
5 0.4078125 0.4203125 0.1109375 0.10234375
5 0.50390625 0.43046875 0.11875 0.08671875
5 0.58671875 0.42421875 0.10078125 0.0984375
5 0.5546875 0.346875 0.08046875 0.09140625
5 0.61171875 0.31328125 0.09453125 0.090625
5 0.6234375 0.2046875 0.1125 0.12578125
5 0.7203125 0.3125 0.09296875 0.071875
5 0.7859375 0.33984375 0.10859375 0.0953125
5 0.7953125 0.41875 0.0765625 0.07578125
5 0.65390625 0.37890625 0.0953125 0.08125
5 0.72578125 0.39609375 0.09453125 0.0671875
5 0.684375 0.509375 0.11640625 0.12109375
5 0.7609375 0.47734375 0.08671875 0.07578125
5 0.8171875 0.48125 0.08671875 0.078125
5 0.73125 0.60234375 0.0984375 0.1109375
5 0.79765625 0.5546875 0.0859375 0.0890625
5 0.7703125 0.6359375 0.07734375 0.0734375
5 0.66875 0.6984375 0.11953125 0.10625
5 0.59921875 0.66015625 0.10234375 0.08515625
5 0.54296875 0.57890625 0.090625 0.0890625
5 0.5375 0.5171875 0.07421875 0.08125
5 0.47578125 0.52109375 0.0953125 0.0828125
5 0.37890625 0.53125 0.0921875 0.096875
5 0.2390625 0.58359375 0.09140625 0.0796875
5 0.25703125 0.44609375 0.0875 0.075
5 0.2203125 0.34296875 0.0875 0.08984375
5 0.28515625 0.66875 0.08828125 0.053125
5 0.37265625 0.6609375 0.09140625 0.0984375
5 0.46015625 0.6140625 0.08125 0.103125
5 0.52421875 0.6953125 0.096875 0.10703125
5 0.6015625 0.73984375 0.10703125 0.078125
5 0.53046875 0.80546875 0.09296875 0.08828125
5 0.41171875 0.82578125 0.0796875 0.09140625
5 0.340625 0.78984375 0.07109375 0.075