5 0.40078125 0.15 0.07578125 0.1046875
5 0.34609375 0.146875 0.059375 0.08984375
5 0.2765625 0.1046875 0.0578125 0.07109375
5 0.328125 0.1875 0.05078125 0.08828125
5 0.39140625 0.1984375 0.059375 0.0875
5 0.4875 0.22734375 0.08984375 0.1859375
5 0.4171875 0.253125 0.08203125 0.11015625
5 0.47734375 0.3609375 0.0921875 0.1078125
5 0.39140625 0.4515625 0.05703125 0.0921875
5 0.52421875 0.61015625 0.05234375 0.1109375
5 0.58046875 0.6328125 0.06015625 0.08671875
5 0.6234375 0.67265625 0.07109375 0.096875
5 0.70234375 0.61015625 0.06796875 0.1109375
5 0.75390625 0.67109375 0.0578125 0.09375
5 0.56796875 0.734375 0.06953125 0.07578125
5 0.59609375 0.81015625 0.059375 0.0921875
5 0.6265625 0.7515625 0.04765625 0.0625