5 0.37890625 0.14375 0.1453125 0.1359375
5 0.39296875 0.29609375 0.2125 0.2140625
5 0.5625 0.29296875 0.19609375 0.20859375
5 0.61640625 0.21015625 0.171875 0.1875
5 0.76484375 0.20390625 0.18671875 0.2
5 0.84921875 0.3359375 0.21328125 0.221875
5 0.74140625 0.60859375 0.17890625 0.1640625
5 0.57578125 0.628125 0.14140625 0.16484375
5 0.62734375 0.7390625 0.20625 0.18203125
5 0.85625 0.7375 0.1546875 0.19609375
5 0.25859375 0.63515625 0.22890625 0.175
5 0.39921875 0.74296875 0.23203125 0.1890625
5 0.1546875 0.70078125 0.20078125 0.225
5 0.1328125 0.53046875 0.1625 0.175