5 0.4625 0.253125 0.05703125 0.09296875
5 0.51875 0.2640625 0.0671875 0.0921875
5 0.59453125 0.33046875 0.0625 0.08203125
5 0.446875 0.3296875 0.06015625 0.0625
5 0.42890625 0.31484375 0.10546875 0.11015625
5 0.4125 0.36640625 0.0640625 0.09140625
5 0.49453125 0.478125 0.06875 0.11484375
5 0.48984375 0.3984375 0.05703125 0.08203125
5 0.56171875 0.3984375 0.0515625 0.07265625
5 0.625 0.48828125 0.0890625 0.10859375
5 0.52421875 0.57890625 0.08671875 0.07109375
5 0.584375 0.603125 0.05703125 0.096875
5 0.5203125 0.6578125 0.0765625 0.10234375
5 0.42421875 0.659375 0.084375 0.07890625