5 0.42266105625000006 0.12426467968749999 0.3885363359375 0.028377796875 0.3096228265625 0.004406171875 0.2669668828125 0.038651459375 0.2349749265625 0.11227878124999999 0.2392405359375 0.2013165828125 0.2701661140625 0.281792925 0.3000252234375 0.300627871875 0.3618763703125 0.281792925 0.4183955265625 0.20645329375000002 0.42266105625000006 0.12426467968749999
5 0.437590653125 0.42219862499999994 0.4365242703125 0.3297363796875 0.38320434375 0.2920665515625 0.3266851859375 0.31775051875 0.3138884359375 0.360557128125 0.29682607656250004 0.4341844859375 0.35334515 0.4632929953125 0.405598696875 0.47699109687499996 0.437590653125 0.42219862499999994
5 0.514371396875 0.1465240375 0.4727818359375 0.11399102187500001 0.41306353281249997 0.1465240375 0.40714999374999994 0.23657752968749998 0.46744984375 0.2937787921875 0.50477379375 0.28350522968749997 0.5325001406250001 0.209877903125 0.514371396875 0.1465240375
5 0.53676575 0.468429775 0.589019296875 0.441033571875 0.6178120234375 0.3759674703125 0.6135464140625 0.305764653125 0.5740897 0.26980712812499996 0.5325001406250001 0.254396721875 0.5186369265625 0.26980712812499996 0.48771143281249996 0.3228873 0.48771143281249996 0.3982269625 0.497308953125 0.45473167343750004 0.53676575 0.468429775
5 0.45998500625 0.8091703640624999 0.5293009093750001 0.8143072078125 0.5612928671875 0.774925075 0.583687303125 0.6944486953125 0.5751560828125 0.6036986953125 0.545296890625 0.506099609375 0.4887778171875 0.490689203125 0.439723496875 0.49411374375 0.4141299171875 0.5197977109374999 0.39280194687500003 0.60027415 0.3789387328125 0.6961609359375001 0.39280194687500003 0.76636381875 0.45998500625 0.8091703640624999
5 0.33415002656250004 0.6910242828125 0.3746731203125 0.65849110625 0.394934709375 0.579727096875 0.398133940625 0.5506184546874999 0.37680596718750003 0.470142015625 0.3288180328125 0.43932126718750003 0.2776308703125 0.4478825875 0.23284216406249997 0.5043873046875 0.2264437859375 0.5643165609375 0.2552365171875 0.6191090375 0.2690997296875 0.6739016421875 0.33415002656250004 0.6910242828125
5 0.20618219999999998 0.7817741609375 0.2552365171875 0.7509535406250001 0.278697253125 0.7098590375 0.2595021265625 0.6310950328125 0.2221781765625 0.56945340625 0.166725403125 0.579727096875 0.1606999828125 0.59769440625 0.1283350734375 0.6482176734375 0.1251359265625 0.6824629625 0.159260646875 0.7235572078125 0.17525662343749998 0.76978829375 0.20618219999999998 0.7817741609375
5 0.14113190312499999 0.94615151875 0.1699246328125 0.8485524968749999 0.1699246328125 0.7612269734375 0.13260068281249998 0.7184203578125 0.0952767328125 0.7098590375 0.0878119359375 0.7235572078125 0.089816659375 0.7221390265625 0.064351159375 0.7715005984375 0.052620790625000004 0.8519769734375 0.072882340625 0.9238921609374999 0.14113190312499999 0.94615151875
5 0.16885825000000002 0.8759487 0.1955182140625 0.9256043953124999 0.2520372859375 0.9290288765625 0.3010916859375 0.9033449093750001 0.30429083281249997 0.8399911765624999 0.28509570625 0.7937600859375 0.2520372859375 0.757802496875 0.21791256718750002 0.76636381875 0.1795222359375 0.7920477171875 0.16885825000000002 0.8759487
5 0.5495625000000001 1 0.5165041593749999 0.9136185984375 0.4813129765625 0.845128021875 0.42799305 0.8177316843750001 0.3746731203125 0.83142985625 0.32241965625 0.8810855515625 0.28296286406250004 0.9444392828125 0.26483412031250003 1 0.5495625000000001 1
5 0.88547804375 0.667052428125 0.8630837734375 0.571165775 0.7990998593749999 0.51466093125 0.7148542765625 0.5471939140625001 0.71592065625 0.6465053046875 0.72765110625 0.7851987640625 0.7959006296875 0.8485524968749999 0.8662828359375 0.8091703640624999 0.88547804375 0.667052428125
5 0.666866340625 0.46671754062500004 0.6124800296874999 0.441033571875 0.559160103125 0.51466093125 0.56875770625 0.6156844921875 0.589019296875 0.6756137484375 0.6700655703125 0.6910242828125 0.7105886671875 0.62253370625 0.7009911437499999 0.5334958125 0.666866340625 0.46671754062500004
5 0.74577985 0.5283590328125001 0.8097638437500001 0.511236384375 0.830025353125 0.45301936875 0.8065646171875 0.3588448234375 0.7564438359375 0.3263118390625 0.7063231359375 0.355420346875 0.6839287 0.420486384375 0.6796631734374999 0.4170618453125 0.680729553125 0.511236384375 0.74577985 0.5283590328125001
5 0.653003209375 0.204741059375 0.5847536859375 0.21159010625 0.569824090625 0.281792925 0.6178120234375 0.3126137375 0.6306087734375 0.3759674703125 0.6828623203124999 0.38110431562499997 0.712721509375 0.321175059375 0.6924599234375 0.233849534375 0.653003209375 0.204741059375
5 0.9110717062499999 0.4804156421875 0.9473291937500001 0.42391092500000005 0.9462627296875 0.355420346875 0.9281339859375001 0.300627871875 0.8812125171874999 0.2663825828125 0.8332245796875 0.2663825828125 0.7969669328125 0.33829770625 0.8140293734374999 0.38281655625 0.8502868593749999 0.4632929953125 0.9110717062499999 0.4804156421875
5 1 0.4975382828125 0.95479395 0.47356655625000005 0.898620490625 0.56209136875 0.9025404859374999 0.6533543265625 0.9771883828125001 0.7543779515625 1 0.68417506875 1 0.4975382828125
5 0.19658459687500002 0.2578212625 0.159260646875 0.238986315625 0.1080734828125 0.274943903125 0.081413559375 0.33316086093749997 0.097409496875 0.3913778765625 0.1176710859375 0.405075978125 0.1549950359375 0.40850051875000004 0.19018622031250002 0.3519958078125 0.19658459687500002 0.2578212625
5 0.151795890625 0.63451944375 0.1805886171875 0.571165775 0.183787846875 0.5249344921875 0.181655 0.4598684546875 0.1709910140625 0.42733540156250005 0.12726869062499999 0.39309011250000003 0.0910111234375 0.430759946875 0.0739487640625 0.45644391406249996 0.06115197343749999 0.54890621875 0.0878119359375 0.6054110640625 0.1102063296875 0.6447930000000001 0.151795890625 0.63451944375
5 0.310689209375 0.3228873 0.2680332671875 0.280080684375 0.253103753125 0.2475476359375 0.24883814062499998 0.2304249890625 0.21151419374999997 0.300627871875 0.1880533734375 0.38110431562499997 0.1933853671875 0.41534960468750004 0.2445725296875 0.45473167343750004 0.28296286406250004 0.44959489374999995 0.310689209375 0.38624109687499997 0.310689209375 0.3228873