5 0.44375 0.4046875 0.03984375 0.0328125
5 0.4453125 0.428125 0.0390625 0.0453125
5 0.4265625 0.471875 0.03203125 0.0375
5 0.4640625 0.48671875 0.04375 0.04765625
5 0.465625 0.5140625 0.04375 0.05234375
5 0.50390625 0.553125 0.03671875 0.05078125
5 0.5140625 0.51328125 0.0375 0.0546875
5 0.5421875 0.47265625 0.04296875 0.06875
5 0.5828125 0.5265625 0.04453125 0.05234375
5 0.5609375 0.57421875 0.0296875 0.04140625
5 0.5796875 0.60625 0.03203125 0.03671875
5 0.41328125 0.57890625 0.05859375 0.05625
5 0.38046875 0.56484375 0.04375 0.059375
5 0.3890625 0.5296875 0.03984375 0.05390625
5 0.40234375 0.49609375 0.034375 0.05625
5 0.23046875 0.8421875 0.04609375 0.0625
5 0.25703125 0.83671875 0.03984375 0.05234375
5 0.275 0.86953125 0.0625 0.0828125
5 0.31875 0.84453125 0.06015625 0.07734375
5 0.30390625 0.89296875 0.03984375 0.05546875
5 0.33203125 0.9171875 0.0453125 0.06796875
5 0.3234375 0.96640625 0.03828125 0.05703125
5 0.359375 0.925 0.04375 0.06796875
5 0.71328125 0.16875 0.03125 0.05546875
5 0.6640625 0.14296875 0.040625 0.0546875
5 0.66796875 0.17734375 0.0375 0.07421875
5 0.928125 0.45546875 0.04140625 0.0546875
5 0.903125 0.49140625 0.03515625 0.05078125
5 0.94453125 0.53828125 0.0453125 0.07578125
5 0.93125 0.63359375 0.0484375 0.0859375
5 0.90390625 0.66484375 0.03984375 0.07265625
5 0.8765625 0.59765625 0.0421875 0.07421875
5 0.0421875 0.4875 0.04921875 0.07421875
5 0.13515625 0.24609375 0.0421875 0.10546875
5 0.23359375 0.1390625 0.0328125 0.07109375