5 0.41640625 0.1546875 0.07265625 0.08046875
5 0.4875 0.175 0.08359375 0.09140625
5 0.5453125 0.17578125 0.0640625 0.0796875
5 0.6015625 0.17578125 0.11171875 0.1265625
5 0.5875 0.30625 0.06328125 0.128125
5 0.34140625 0.40390625 0.071875 0.11953125
5 0.3625 0.34609375 0.13046875 0.178125
5 0.45 0.521875 0.0890625 0.1390625
5 0.465625 0.62890625 0.09375 0.1453125
5 0.534375 0.52265625 0.08515625 0.1140625
5 0.54453125 0.609375 0.10234375 0.14375
5 0.525 0.6984375 0.1046875 0.14296875
5 0.59765625 0.74375 0.1109375 0.14453125
5 0.61953125 0.64921875 0.109375 0.11796875
5 0.6484375 0.58515625 0.0703125 0.08359375
5 0.67421875 0.52421875 0.08359375 0.10078125
5 0.7296875 0.6296875 0.11015625 0.12421875
5 0.27421875 0.4578125 0.08515625 0.1078125