5 0.37109375 0.13125 0.09453125 0.08125
5 0.44765625 0.1109375 0.08125 0.08203125
5 0.51328125 0.1390625 0.07578125 0.0890625
5 0.56875 0.1375 0.078125 0.0859375
5 0.62734375 0.2015625 0.0578125 0.0640625
5 0.56171875 0.19296875 0.09609375 0.0921875
5 0.50078125 0.20234375 0.05078125 0.07890625
5 0.41953125 0.165625 0.0796875 0.07578125
5 0.296875 0.17265625 0.07890625 0.08125
5 0.31953125 0.26484375 0.09609375 0.09453125
5 0.34765625 0.271875 0.07734375 0.059375
5 0.4015625 0.2625 0.059375 0.06171875
5 0.38046875 0.328125 0.07578125 0.0671875
5 0.45703125 0.3609375 0.07109375 0.065625
5 0.50078125 0.3421875 0.0671875 0.053125
5 0.54609375 0.278125 0.06640625 0.05859375
5 0.22109375 0.36484375 0.05 0.03671875
5 0.19453125 0.4109375 0.05 0.065625
5 0.25234375 0.43203125 0.04453125 0.04609375
5 0.2109375 0.4671875 0.06171875 0.0625
5 0.71796875 0.39296875 0.059375 0.08046875
5 0.77734375 0.4234375 0.0484375 0.0703125
5 0.75703125 0.465625 0.04140625 0.059375
5 0.70859375 0.5203125 0.065625 0.09375
5 0.66953125 0.55546875 0.04609375 0.0671875
5 0.65234375 0.60703125 0.04453125 0.06640625
5 0.54921875 0.60390625 0.0546875 0.0859375
5 0.5140625 0.559375 0.06796875 0.04609375
5 0.47734375 0.525 0.05390625 0.0609375
5 0.42265625 0.56328125 0.0734375 0.0671875
5 0.3453125 0.53203125 0.071875 0.0703125
5 0.40625 0.61015625 0.05703125 0.0515625
5 0.26875 0.63125 0.07421875 0.06875
5 0.32421875 0.6265625 0.06015625 0.06796875
5 0.31328125 0.68359375 0.0828125 0.07421875
5 0.30625 0.728125 0.06953125 0.06796875
5 0.37421875 0.7671875 0.07109375 0.0703125
5 0.4140625 0.72578125 0.0640625 0.0796875
5 0.5 0.73515625 0.08984375 0.084375
5 0.578125 0.76484375 0.06328125 0.07421875
5 0.509375 0.80234375 0.04296875 0.03671875
5 0.39609375 0.834375 0.0609375 0.0625
5 0.39609375 0.8921875 0.0734375 0.05390625