5 0.68515625 0.32109375 0.228125 0.23671875
5 0.75234375 0.50859375 0.221875 0.2875
5 0.85234375 0.66328125 0.21875 0.2796875
5 0.92265625 0.80234375 0.15390625 0.25390625
5 0.69765625 0.8578125 0.3046875 0.284375
5 0.6109375 0.76015625 0.2296875 0.31171875
5 0.4109375 0.9 0.23515625 0.2
5 0.278125 0.7765625 0.2421875 0.25625
5 0.38046875 0.59921875 0.19765625 0.296875
5 0.4671875 0.25625 0.15859375 0.19921875
5 0.321875 0.1546875 0.1953125 0.2046875
5 0.1828125 0.334375 0.1625 0.2
5 0.1125 0.503125 0.19609375 0.2390625
5 0.3265625 0.4609375 0.16796875 0.21328125
5 0.14921875 0.67421875 0.16328125 0.24765625
5 0.0734375 0.796875 0.146875 0.36796875
5 0.12109375 0.1734375 0.2046875 0.2046875
5 0.68515625 0.12265625 0.17265625 0.18984375