5 0.2265625 0.15390625 0.05703125 0.06328125
5 0.26953125 0.240625 0.078125 0.1328125
5 0.17109375 0.2703125 0.075 0.12109375
5 0.2890625 0.30703125 0.0546875 0.06953125
5 0.32421875 0.3828125 0.07890625 0.134375
5 0.278125 0.40859375 0.08046875 0.1140625
5 0.26484375 0.4921875 0.08203125 0.0828125
5 0.2328125 0.5828125 0.07109375 0.084375
5 0.29921875 0.5765625 0.06640625 0.10078125
5 0.34296875 0.61640625 0.08828125 0.10859375
5 0.315625 0.68671875 0.11796875 0.1375
5 0.278125 0.75390625 0.0890625 0.10625
5 0.2953125 0.8109375 0.0890625 0.09921875
5 0.31484375 0.92578125 0.1125 0.10703125
5 0.4453125 0.44453125 0.06953125 0.11171875
5 0.42265625 0.5171875 0.06953125 0.06953125
5 0.47109375 0.49296875 0.078125 0.0953125
5 0.36796875 0.24296875 0.06171875 0.1046875
5 0.41171875 0.225 0.07890625 0.11015625
5 0.36875 0.16015625 0.09921875 0.1265625
5 0.71484375 0.1921875 0.07109375 0.11953125
5 0.63984375 0.365625 0.10859375 0.14609375
5 0.71015625 0.34765625 0.09296875 0.109375
5 0.74765625 0.66640625 0.08046875 0.09765625
5 0.7828125 0.57890625 0.08203125 0.0796875
5 0.85234375 0.54140625 0.0984375 0.1015625
5 0.8078125 0.43984375 0.07265625 0.08515625
5 0.8015625 0.4640625 0.08515625 0.0921875
5 0.9203125 0.30078125 0.08203125 0.0859375