5 0.628125 0.17265625 0.13984375 0.234375
5 0.809375 0.2046875 0.12265625 0.24921875
5 0.921875 0.2171875 0.13203125 0.24453125
5 0.86328125 0.409375 0.12421875 0.23125
5 0.93984375 0.58515625 0.10625 0.36796875
5 0.8484375 0.73984375 0.1453125 0.253125
5 0.7875 0.84453125 0.109375 0.1984375
5 0.6875 0.78359375 0.11796875 0.225
5 0.68671875 0.55234375 0.1265625 0.23203125
5 0.67265625 0.3625 0.1109375 0.2140625
5 0.6296875 0.190625 0.1265625 0.303125
5 0.36875 0.30546875 0.1296875 0.28515625
5 0.14375 0.3890625 0.12421875 0.26328125
5 0.25546875 0.61953125 0.11875 0.23046875
5 0.353125 0.71640625 0.16796875 0.34609375
5 0.05625 0.61875 0.0796875 0.15546875
5 0.08359375 0.83046875 0.1359375 0.26953125