5 0.5927917953125 0.0956375859375 0.546675225 0.00167788125 0.3622090671875 0.0218120984375 0.35902860312499996 0.0576062921875 0.3542579375 0.254474325 0.44490075625000003 0.30369125937499997 0.55939701875 0.2701342125 0.5927917953125 0.0956375859375
5 0.45285188437499996 0.323825521875 0.3971939828125 0.23657716562500003 0.2922391109375 0.216442990625 0.2365812109375 0.2723714015625 0.230220284375 0.462528 0.28110751875 0.5341163843750001 0.400374446875 0.47595078593749995 0.45285188437499996 0.323825521875
5 0.2874684453125 0.5274049062499999 0.2413518765625 0.3551454671875 0.16502105312499998 0.2857941859375 0.14911879687500001 0.3282998125 0.08232930468750001 0.40436240156250003 0.079148871875 0.5743848234375 0.2413518765625 0.614653434375 0.2874684453125 0.5274049062499999
5 0.440130090625 0.7488816218750001 0.346306809375 0.601230478125 0.28269778125 0.5766219265625 0.2652052625 0.6034677515625 0.17297218281249999 0.7399328703125 0.2445323390625 0.8987696109375 0.3940135796875 0.8853468265625001 0.440130090625 0.7488816218750001
5 0.56098728125 0.5408277765625 0.46557373750000003 0.408836690625 0.40514511249999996 0.44910513124999996 0.3304045515625 0.6325503375 0.441720353125 0.7399328703125 0.5419045609375 0.6907159359375 0.56098728125 0.5408277765625
5 0.662761690625 0.2678971109375 0.5705286109375 0.216442990625 0.5450850234375 0.2142058015625 0.4719346046875 0.276845690625 0.5069195828125 0.4446309265625 0.6261865109375 0.48713646875 0.6945662046875001 0.39317671875000004 0.662761690625 0.2678971109375
5 0.8631301062500001 0.26118571875 0.8233744640625 0.1336689234375 0.7708970875000001 0.07326622187500001 0.6659422140625 0.10906049843750001 0.6007429234375 0.2522371390625 0.6850248750000001 0.3864653265625 0.8011113999999999 0.332774103125 0.8631301062500001 0.26118571875
5 0.94741211875 0.3976510078125 0.9012955484375 0.283557084375 0.8138331328125 0.2678971109375 0.7136489859374999 0.33053691406249996 0.7009271328125 0.4893736546875 0.762945959375 0.5341163843750001 0.8822128875 0.4714764953125 0.94741211875 0.3976510078125
5 0.976036228125 0.5609620390625001 0.9283294578125 0.44686802812500004 0.832915915625 0.4244966625 0.7104684625 0.5385905890625 0.707288059375 0.69966443125 0.84722785 0.789149890625 0.9617241734374999 0.7197986953125 0.976036228125 0.5609620390625001
5 0 0.3864653265625 0.0441638921875 0.44910513124999996 0.1125435859375 0.350671178125 0.1459383328125 0.1672259703125 0.11095338437499999 0.10234902187499999 0 0.07774042656249999 0 0.3864653265625
5 0.1443481015625 0.3529082796875 0.2365812109375 0.34843399062499997 0.3065511671875 0.26342282031250003 0.2572541328125 0.113534703125 0.136396971875 0.093400440625 0.122084946875 0.07997765625 0.095051128125 0.2522371390625 0.1443481015625 0.3529082796875