5 0.29765625 0.18828125 0.0625 0.09765625
5 0.36015625 0.19453125 0.05390625 0.10234375
5 0.39453125 0.1921875 0.071875 0.12421875
5 0.5 0.17578125 0.0828125 0.11796875
5 0.54140625 0.12890625 0.05859375 0.1203125
5 0.36484375 0.4703125 0.08203125 0.12890625
5 0.325 0.525 0.05234375 0.07734375
5 0.22890625 0.5515625 0.07265625 0.09453125
5 0.2875 0.54375 0.05703125 0.07890625
5 0.32734375 0.51640625 0.0546875 0.0640625
5 0.49140625 0.54765625 0.0890625 0.13046875
5 0.5578125 0.60390625 0.06484375 0.08125
5 0.56171875 0.48828125 0.0421875 0.07421875