5 0.75390625 0.30078125 0.1359375 0.17265625
5 0.8375 0.27578125 0.1296875 0.171875
5 0.909375 0.22734375 0.12421875 0.1609375
5 0.83046875 0.3875 0.14453125 0.19765625
5 0.6 0.39453125 0.1546875 0.18359375
5 0.56171875 0.2578125 0.103125 0.13984375
5 0.5359375 0.1796875 0.08671875 0.115625
5 0.37421875 0.7734375 0.10625 0.13984375
5 0.51015625 0.71171875 0.08125 0.1375
5 0.4875 0.775 0.09609375 0.1234375
5 0.559375 0.82421875 0.1109375 0.12890625
5 0.42265625 0.675 0.09375 0.1140625
5 0.48515625 0.6125 0.084375 0.11953125
5 0.31640625 0.6765625 0.08828125 0.09921875
5 0.3796875 0.6171875 0.08671875 0.12421875
5 0.25546875 0.703125 0.07578125 0.07578125
5 0.1671875 0.696875 0.10546875 0.12109375
5 0.1015625 0.74375 0.09609375 0.10234375
5 0.084375 0.67421875 0.08984375 0.12578125
5 0.09453125 0.87734375 0.08203125 0.10859375