5 0.5078125 0.2734375 0.0703125 0.1078125
5 0.43203125 0.33359375 0.0734375 0.0890625
5 0.36953125 0.43515625 0.05625 0.1109375
5 0.3640625 0.5234375 0.065625 0.109375
5 0.39921875 0.57578125 0.05234375 0.0703125
5 0.58671875 0.540625 0.05625 0.11640625
5 0.5140625 0.615625 0.05078125 0.109375
5 0.484375 0.69765625 0.0421875 0.09609375
5 0.43515625 0.63984375 0.0703125 0.1125
5 0.58359375 0.71171875 0.05703125 0.11171875
5 0.6375 0.69296875 0.04765625 0.0953125
5 0.66640625 0.66171875 0.0578125 0.08984375
5 0.64140625 0.525 0.05546875 0.1125
5 0.66328125 0.4140625 0.06875 0.096875
5 0.7171875 0.3671875 0.07890625 0.12734375
5 0.75625 0.57734375 0.06484375 0.11953125
5 0.8046875 0.53671875 0.07578125 0.075
5 0.63515625 0.265625 0.05859375 0.08046875