5 0.48515625 0.4765625 0.11953125 0.24921875
5 0.65546875 0.528125 0.13671875 0.3015625
5 0.8390625 0.5625 0.153125 0.3015625
5 0.29296875 0.496875 0.1515625 0.23515625
5 0.13828125 0.375 0.1234375 0.23359375
5 0.2890625 0.27890625 0.1375 0.24140625
5 0.47578125 0.321875 0.15625 0.2625
5 0.640625 0.334375 0.11328125 0.240625
5 0.78984375 0.31640625 0.146875 0.2484375
5 0.1703125 0.69375 0.134375 0.178125
5 0.4109375 0.7515625 0.1578125 0.2203125
5 0.62734375 0.7359375 0.1828125 0.29140625
5 0.81796875 0.80703125 0.1703125 0.234375
5 0.96328125 0.8640625 0.0734375 0.140625