5 0.4203125 0.37265625 0.11484375 0.11328125
5 0.32109375 0.37734375 0.09765625 0.10078125
5 0.296875 0.32421875 0.09921875 0.07890625
5 0.24609375 0.3984375 0.10859375 0.07578125
5 0.20546875 0.37734375 0.084375 0.06875
5 0.17265625 0.4484375 0.11328125 0.07890625
5 0.21171875 0.503125 0.1203125 0.09453125
5 0.1578125 0.59375 0.11015625 0.084375
5 0.2765625 0.56328125 0.1015625 0.09453125
5 0.28984375 0.6046875 0.1109375 0.09375
5 0.3609375 0.5640625 0.0890625 0.096875
5 0.425 0.5234375 0.12421875 0.0953125
5 0.39140625 0.45234375 0.10546875 0.0859375
5 0.5125 0.48515625 0.1265625 0.10234375
5 0.553125 0.40859375 0.109375 0.10546875
5 0.62890625 0.471875 0.0921875 0.0890625
5 0.58515625 0.53046875 0.10234375 0.0859375
5 0.5046875 0.6015625 0.10625 0.078125
5 0.4015625 0.62421875 0.0953125 0.06953125
5 0.353125 0.6765625 0.090625 0.09921875
5 0.62421875 0.640625 0.09921875 0.115625
5 0.49140625 0.7125 0.140625 0.09140625
5 0.671875 0.51328125 0.0890625 0.078125
5 0.65546875 0.42109375 0.046875 0.07265625
5 0.70390625 0.3734375 0.0640625 0.065625
5 0.7234375 0.31640625 0.103125 0.0984375
5 0.74296875 0.421875 0.08515625 0.075
5 0.8546875 0.46953125 0.08984375 0.07578125