5 0.63984375 0.328125 0.04609375 0.06953125
5 0.6171875 0.3734375 0.05703125 0.09609375
5 0.6484375 0.43046875 0.0484375 0.06796875
5 0.53203125 0.44765625 0.06875 0.09296875
5 0.48828125 0.49609375 0.0703125 0.1125
5 0.41171875 0.4265625 0.084375 0.0859375
5 0.40390625 0.371875 0.07265625 0.0921875
5 0.28984375 0.47109375 0.06953125 0.08359375
5 0.32421875 0.53671875 0.0765625 0.1078125
5 0.19921875 0.48046875 0.07578125 0.0984375
5 0.16640625 0.64140625 0.075 0.075
5 0.1609375 0.68125 0.0859375 0.0984375
5 0.2671875 0.8328125 0.07578125 0.0859375
5 0.35 0.80859375 0.075 0.0859375
5 0.6015625 0.8296875 0.07265625 0.0984375