5 0.36015625 0.07109375 0.08359375 0.11171875
5 0.4125 0.2234375 0.07578125 0.11875
5 0.3 0.4890625 0.0796875 0.09453125
5 0.4328125 0.421875 0.09453125 0.18515625
5 0.528125 0.42578125 0.084375 0.1671875
5 0.596875 0.61015625 0.10546875 0.1375
5 0.7171875 0.5125 0.09375 0.18203125
5 0.63515625 0.3140625 0.0640625 0.11953125
5 0.57421875 0.20078125 0.109375 0.13125
5 0.6875 0.0765625 0.0765625 0.11015625
5 0.65234375 0.18671875 0.08359375 0.1046875
5 0.70234375 0.23984375 0.08046875 0.13984375
5 0.75 0.17578125 0.08359375 0.1578125
5 0.796875 0.2765625 0.0765625 0.09453125
5 0.85546875 0.24296875 0.1046875 0.1
5 0.69609375 0.6953125 0.1078125 0.1484375
5 0.64609375 0.80703125 0.0890625 0.1109375
5 0.60390625 0.875 0.09140625 0.121875
5 0.57109375 0.7546875 0.07890625 0.10390625
5 0.52734375 0.66328125 0.08203125 0.1296875
5 0.4796875 0.63046875 0.0828125 0.1109375
5 0.42265625 0.771875 0.0859375 0.11328125
5 0.34921875 0.7265625 0.07265625 0.10625
5 0.35859375 0.86484375 0.06875 0.1015625
5 0.44453125 0.93515625 0.08203125 0.12890625
5 0.21015625 0.70234375 0.0796875 0.125
5 0.203125 0.5765625 0.08125 0.115625
5 0.19375 0.421875 0.0546875 0.10859375
5 0.159375 0.3390625 0.05859375 0.10234375
5 0.23984375 0.2734375 0.071875 0.10625
5 0.315625 0.296875 0.0578125 0.12734375
5 0.34296875 0.3828125 0.06875 0.11015625
5 0.36328125 0.59296875 0.06171875 0.115625
5 0.31328125 0.6578125 0.07265625 0.115625
5 0.41015625 0.65 0.0578125 0.10859375
5 0.43203125 0.5296875 0.04765625 0.08125
5 0.4546875 0.2859375 0.07109375 0.121875
5 0.48125 0.18515625 0.08046875 0.10546875
5 0.46796875 0.115625 0.08203125 0.0921875
5 0.74140625 0.375 0.08671875 0.12421875
5 0.796875 0.52890625 0.08046875 0.14296875
5 0.8765625 0.5359375 0.0953125 0.15234375
5 0.9 0.6375 0.0796875 0.12421875
5 0.95625 0.71875 0.08671875 0.13984375
5 0.85234375 0.7140625 0.1015625 0.10546875
5 0.79453125 0.671875 0.07890625 0.10546875
5 0.77890625 0.76640625 0.07421875 0.16484375
5 0.875 0.83828125 0.08671875 0.1359375
5 0.75625 0.9265625 0.0921875 0.14609375
5 0.8546875 0.95625 0.0921875 0.0875
5 0.69375 0.91484375 0.0921875 0.1296875