5 0.571875 0.31328125 0.05078125 0.08203125
5 0.67578125 0.36171875 0.0890625 0.09375
5 0.72421875 0.3515625 0.07109375 0.0734375
5 0.77265625 0.3625 0.0828125 0.07890625
5 0.7796875 0.42578125 0.09296875 0.10390625
5 0.71328125 0.39296875 0.07890625 0.08125
5 0.63671875 0.3984375 0.1078125 0.09140625
5 0.66875 0.45390625 0.1171875 0.10546875
5 0.60546875 0.4828125 0.0921875 0.0953125
5 0.5453125 0.52265625 0.08671875 0.09375
5 0.4890625 0.46171875 0.07421875 0.05703125
5 0.409375 0.45078125 0.0640625 0.07421875
5 0.3453125 0.421875 0.07421875 0.07890625
5 0.31640625 0.4625 0.084375 0.071875
5 0.36171875 0.54375 0.07421875 0.0984375
5 0.2875 0.5078125 0.06484375 0.07265625
5 0.35234375 0.61484375 0.08984375 0.12265625
5 0.43828125 0.615625 0.05390625 0.06015625
5 0.509375 0.6484375 0.07734375 0.0921875
5 0.56953125 0.63828125 0.071875 0.06796875