5 0.36484375 0.11484375 0.1828125 0.2296875
5 0.40546875 0.33046875 0.125 0.2125
5 0.3484375 0.53203125 0.15703125 0.234375
5 0.53984375 0.634375 0.2625 0.3453125
5 0.67265625 0.31328125 0.1140625 0.15625
5 0.75 0.55859375 0.20234375 0.26640625
5 0.86015625 0.7734375 0.18671875 0.2171875
5 0.93515625 0.6734375 0.1296875 0.3
5 0.30390625 0.859375 0.17265625 0.1890625
5 0.50390625 0.90078125 0.22734375 0.1984375
5 0.14296875 0.83828125 0.1984375 0.22734375
5 0.153125 0.5359375 0.1796875 0.27734375
5 0.2328125 0.66171875 0.2046875 0.25546875
5 0.16328125 0.3015625 0.16015625 0.20234375
5 0.20546875 0.15625 0.12734375 0.16796875