5 0.40078125 0.15 0.109375 0.3
5 0.459375 0.32734375 0.0859375 0.2734375
5 0.42890625 0.54140625 0.10859375 0.34921875
5 0.2703125 0.3625 0.11875 0.38125
5 0.12265625 0.11875 0.12578125 0.2375
5 0.09765625 0.45078125 0.1125 0.384375
5 0.18359375 0.45078125 0.103125 0.3515625
5 0.0609375 0.79296875 0.11171875 0.296875
5 0.15703125 0.840625 0.1296875 0.31875
5 0.27734375 0.771875 0.1328125 0.34921875
5 0.38515625 0.84375 0.103125 0.2765625
5 0.70625 0.65859375 0.096875 0.271875
5 0.6125 0.57734375 0.10625 0.27109375
5 0.63359375 0.26640625 0.09375 0.28046875
5 0.565625 0.2890625 0.096875 0.284375
5 0.6015625 0.915625 0.12734375 0.16875
5 0.71875 0.9 0.10234375 0.19921875
5 0.8515625 0.83515625 0.1109375 0.325
5 0.93828125 0.66875 0.10390625 0.28515625
5 0.82421875 0.53359375 0.14453125 0.3265625
5 0.8375 0.17421875 0.13984375 0.30703125
5 0.9578125 0.334375 0.084375 0.35625
5 0.7421875 0.2546875 0.1265625 0.33125