5 0.1234375 0.090625 0.13359375 0.125
5 0.2078125 0.2015625 0.14921875 0.1765625
5 0.0703125 0.25390625 0.140625 0.17421875
5 0.2765625 0.38125 0.13203125 0.12109375
5 0.16484375 0.41328125 0.14375 0.0953125
5 0.1953125 0.49453125 0.1671875 0.13828125
5 0.103125 0.534375 0.115625 0.10625
5 0.3171875 0.49921875 0.159375 0.15234375
5 0.21796875 0.6078125 0.16015625 0.15078125
5 0.24296875 0.7609375 0.1375 0.1359375
5 0.15078125 0.7265625 0.146875 0.12265625
5 0.18515625 0.846875 0.18125 0.1453125
5 0.30234375 0.92265625 0.15859375 0.13046875
5 0.3453125 0.6515625 0.14140625 0.1828125
5 0.48203125 0.6609375 0.14140625 0.16796875
5 0.46875 0.54375 0.140625 0.09140625
5 0.42109375 0.421875 0.13359375 0.1375
5 0.35625 0.2625 0.121875 0.1
5 0.35390625 0.13359375 0.15859375 0.12890625
5 0.49921875 0.29609375 0.15078125 0.1421875
5 0.6625 0.24375 0.13125 0.1234375
5 0.9171875 0.10546875 0.165625 0.13671875
5 0.86796875 0.246875 0.16171875 0.134375
5 0.77109375 0.34375 0.18515625 0.13515625
5 0.91796875 0.41640625 0.15078125 0.14765625
5 0.759375 0.4703125 0.184375 0.1453125
5 0.5953125 0.44296875 0.1765625 0.1328125
5 0.58359375 0.60078125 0.190625 0.14921875
5 0.91015625 0.5640625 0.1796875 0.196875
5 0.8875 0.721875 0.1578125 0.15234375
5 0.7375 0.74453125 0.153125 0.13359375