5 0.4229840953125 0.48614980937499996 0.4553420484375 0.481113221875 0.477657865625 0.4525724734375 0.47654209375 0.4089219671875 0.4575735953125 0.3837389671875 0.4330262328125 0.3619137109375 0.4129419625 0.35351937968749997 0.40368651718750004 0.3674496640625 0.39620509843749996 0.40220647343750004 0.39620509843749996 0.4374627109375 0.40401568593750004 0.47271888593750006 0.4229840953125 0.48614980937499996
5 0.5211737296875001 0.5079751234375001 0.5568790046875 0.4928652984375 0.5758475 0.47104004687499995 0.5870054078125 0.435783809375 0.578079046875 0.3988487921875 0.5301000046875 0.368629140625 0.5189420953125 0.363592553125 0.5077841875 0.3770234734375 0.48546836875 0.40388537968750005 0.47654209375 0.4542513796875 0.4943947296875 0.4878287109375 0.5211737296875001 0.5079751234375001
5 0.535678959375 0.33001521875 0.5412579125 0.30483221875 0.5390263656250001 0.2729337921875 0.5323316390625 0.25446621875000003 0.5066684125 0.25446621875000003 0.49885791093750004 0.2595028046875 0.47988941562500004 0.28972245625 0.47319468750000004 0.32665747343749996 0.474310459375 0.34512504375 0.4910473234375 0.368629140625 0.5033210921875 0.37030804375000004 0.5211737296875001 0.3602348046875 0.535678959375 0.33001521875
5 0.47542631875 0.3216208859375 0.483236821875 0.2846858046875 0.47877364062499994 0.26789714062500003 0.46649995781250003 0.2527873796875 0.44864732187499995 0.2527873796875 0.4374894125 0.2578239671875 0.418520915625 0.26789714062500003 0.40736300625000005 0.2762914734375 0.40401568593750004 0.293080140625 0.4017840515625 0.31490545625 0.40847886562499996 0.3367307109375 0.4118261875 0.343446140625 0.444184140625 0.35184047343749997 0.44864732187499995 0.35519821875 0.4620367765625 0.34008845625 0.47542631875 0.3216208859375
5 0.483236821875 0.690971553125 0.48993154843750003 0.707760221875 0.514479 0.712796809375 0.535678959375 0.7044024765625 0.54572109375 0.6892927140625 0.5602264109374999 0.670825140625 0.5635737328125 0.6489998890625001 0.5579947765625 0.632211221875 0.5535316828125 0.6137437140625 0.54572109375 0.6187804296875 0.542373771875 0.6154225531249999 0.5155947750000001 0.6305323796875 0.4999736859375 0.6473210468749999 0.48546836875 0.670825140625 0.483236821875 0.690971553125
5 0.63275281875 0.6489998890625001 0.64167909375 0.6137437140625 0.6450265015625 0.586881809375 0.63275281875 0.5600200937500001 0.609321228125 0.544910140625 0.578079046875 0.5499467921875001 0.5602264109374999 0.5684144296875 0.5557632296875 0.591918459375 0.5568790046875 0.6171014593749999 0.5591106359375 0.63556909375 0.5624579578125 0.642284459375 0.5680369125 0.6808983796875 0.5903527296875 0.6892927140625 0.6227106828125 0.665788553125 0.63275281875 0.6489998890625001
5 0.4575735953125 1 0.47207891249999995 0.9931675578125001 0.48546836875 0.9679845578125 0.4888157765625 0.92769173125 0.48435259531249997 0.8941143953124999 0.4620367765625 0.8672525578125001 0.44753154687499996 0.8722892078125 0.41517359374999996 0.8873990328125 0.39620509843749996 0.9109030640625001 0.39620509843749996 0.946159365625 0.4118261875 0.9898098765625001 0.40736300625000005 0.996525365625 0.4207525484375 1 0.4575735953125 1
5 0.40289991093750005 0.8957933656250001 0.4017840515625 0.855500540625 0.379468234375 0.8135288718749999 0.343762959375 0.8118500328125 0.31921559374999997 0.82695973125 0.31252078125 0.8538216984375 0.31252078125 0.8941143953124999 0.3426471859375 0.9327283828124999 0.349341915625 0.934407221875 0.3738892796875 0.9243340468750001 0.40289991093750005 0.8957933656250001
5 0.19313118906249999 0.758126221875 0.2020575484375 0.763162809375 0.222141734375 0.7614840968750001 0.2377628234375 0.748053046875 0.253383915625 0.734622128125 0.26231018906250003 0.7144757140625 0.2645418234375 0.6876138093749999 0.25896286874999996 0.662430809375 0.2466891859375 0.6506787921875 0.2277206890625 0.6456421406249999 0.2098680515625 0.6523577625 0.1998259171875 0.662430809375 0.1964785953125 0.6691464296875 0.1741627765625 0.6960081406249999 0.1819732796875 0.7195124296875 0.1853206875 0.7396587140625 0.19313118906249999 0.758126221875
5 0.223257509375 0.640605553125 0.2399943734375 0.620459140625 0.25003650624999996 0.6036704765625001 0.248920734375 0.581845221875 0.24557332656250003 0.5600200937500001 0.23664705156250002 0.5331581234375 0.2210259625 0.5214060468749999 0.21321545937500003 0.514690553125 0.1987101421875 0.5180482984375 0.187552234375 0.526442634375 0.1741627765625 0.5381947109375 0.1685838234375 0.5482678859375001 0.16523641718749998 0.5600200937500001 0.161889009375 0.583524128125 0.1641206421875 0.6003127921875 0.1674679640625 0.6137437140625 0.1685838234375 0.6154225531249999 0.17907714218749998 0.640100671875 0.184204828125 0.6473210468749999 0.2065206453125 0.6489998890625001 0.223257509375 0.640605553125
5 0.3616155953125 0.766520553125 0.378352459375 0.748053046875 0.382815640625 0.7279067625 0.382815640625 0.692650459375 0.3593840484375 0.6557153796875 0.3504576875 0.6523577625 0.32925764218750003 0.670825140625 0.31140500625 0.692650459375 0.3069418265625 0.7279067625 0.3069418265625 0.746374140625 0.3080576859375 0.7446954296875 0.322562915625 0.763162809375 0.3281418703125 0.7648417140625 0.344878734375 0.7732360468749999 0.3616155953125 0.766520553125
5 0.3348365984375 0.66075209375 0.3560366421875 0.662430809375 0.343762959375 0.6456421406249999 0.3247945484375 0.6238168890625 0.3169839625 0.6238168890625 0.3069418265625 0.6254957921875001 0.29578391718749997 0.6288534765625 0.283510234375 0.6473210468749999 0.28239445937499996 0.657394221875 0.28574186562500004 0.685935096875 0.2902049625 0.7010447921875 0.3047102796875 0.711118096875 0.3158681875 0.6892927140625 0.3169839625 0.6741828890625 0.3348365984375 0.66075209375
5 0.4107104125 0.8403907140625 0.4386051859375 0.8252808890625 0.45199464218749996 0.8118500328125 0.4631525515625 0.7917035578125 0.47207891249999995 0.766520553125 0.46649995781250003 0.7497318890625 0.45868945468750005 0.732943221875 0.44195259218749994 0.712796809375 0.4330262328125 0.707760221875 0.419636775 0.6993658890625001 0.4006682796875 0.7027237625 0.386163046875 0.717833459375 0.3750051390625 0.7446954296875 0.37277350625 0.769878365625 0.37277350625 0.779951540625 0.3738892796875 0.7967402078125 0.379468234375 0.82695973125 0.38951036875 0.838711871875 0.4107104125 0.8403907140625
5 0.3928577765625 0.711118096875 0.417405140625 0.711118096875 0.4352577796875 0.6943294296875 0.44083673437500004 0.672504046875 0.4386051859375 0.6305323796875 0.421868321875 0.6036704765625001 0.4118261875 0.6036704765625001 0.3939735484375 0.608707128125 0.383931415625 0.612064809375 0.3705419578125 0.6305323796875 0.3694261859375 0.640605553125 0.3688092859375 0.658976509375 0.37165773281250003 0.6758617921875001 0.386163046875 0.7144757140625 0.3928577765625 0.711118096875
5 0.40289991093750005 0.595276140625 0.40289991093750005 0.5734508859375 0.39508932343750003 0.536515809375 0.38058409375 0.5230848859375 0.3649630046875 0.5230848859375 0.3560366421875 0.526442634375 0.3415314125 0.5381947109375 0.3314892765625 0.5583411234375 0.32925764218750003 0.581845221875 0.3359524578125 0.6187804296875 0.343762959375 0.6389267140625 0.3604998234375 0.642284459375 0.3705419578125 0.640605553125 0.379468234375 0.6187804296875 0.40289991093750005 0.595276140625
5 0.32925764218750003 0.5684144296875 0.3281418703125 0.544910140625 0.32367868906249997 0.5230848859375 0.31475241249999997 0.536515809375 0.29578391718749997 0.5482678859375001 0.287973415625 0.5298003796875 0.27681550625 0.526442634375 0.26231018906250003 0.546589046875 0.2600786421875 0.5684144296875 0.26677337031250004 0.595276140625 0.2745839578125 0.6137437140625 0.30184500000000003 0.623322146875 0.31252078125 0.620459140625 0.32367868906249997 0.595276140625 0.32925764218750003 0.5684144296875
5 0.477657865625 0.90250873125 0.508900046875 0.9159397140625 0.5334474124999999 0.9159397140625 0.5568790046875 0.8941143953124999 0.5579947765625 0.8605370640625001 0.5535316828125 0.8135288718749999 0.5345631859375 0.7816303828125 0.5010894593749999 0.779951540625 0.4966262796875 0.7917035578125 0.4932789578125 0.7900247140625 0.4698473640625 0.8168865578125001 0.46538418593750003 0.8403907140625 0.46538418593750003 0.8689313953125 0.477657865625 0.90250873125
5 0.5948159109375 0.9478382078124999 0.6249422328125 0.9478382078124999 0.6450265015625 0.9209763656250001 0.6483739078124999 0.8873990328125 0.646142275 0.8605370640625001 0.6338685921875 0.8403907140625 0.6171317296875001 0.8252808890625 0.5970474593749999 0.8185653953124999 0.582542228125 0.8185653953124999 0.5702685453125 0.8437483953125 0.5646895921875 0.8420695578125 0.5579947765625 0.880683540625 0.5635737328125 0.9075453828125 0.5758475 0.9293707015624999 0.5948159109375 0.9478382078124999
5 0.5903527296875 1 0.5970474593749999 0.9612690640625001 0.5858895484375 0.9444803953124999 0.5713843187500001 0.9293707015624999 0.5546474546875 0.9209763656250001 0.5379105921875 0.9192973953125 0.5312158640625 0.9243340468750001 0.514479 0.95287473125 0.51001581875 0.9864520640625001 0.51001581875 1 0.5513000484374999 1 0.5836580015624999 1 0.5903527296875 1
5 0.6851949578125 0.9830943828125 0.704163453125 0.984773225 0.7186686828125 0.9763788890624999 0.7275950453125 0.9478382078124999 0.7298265921875 0.8974722078124999 0.7220160890625 0.8638948718749999 0.7142055015625 0.8521427312500001 0.6918896859375 0.8471062078125 0.66845809375 0.8605370640625001 0.6550686359375 0.8790046984375 0.6506054546875 0.8924355578125001 0.6483739078124999 0.899151046875 0.6422467859375 0.9001677859375 0.6483739078124999 0.92769173125 0.6528370046874999 0.9545537015625 0.6617633640625 0.9663057140625 0.6851949578125 0.9830943828125
5 0.730942365625 0.959590225 0.7443319078124999 0.9898098765625001 0.7677635 0.99988305 0.7856161359375 0.9881310328125 0.8001214531249999 0.9780577312500001 0.8079319546875 0.9478382078124999 0.8045845484375 0.9125820328125 0.796774046875 0.8974722078124999 0.7766898609374999 0.8790046984375 0.761068771875 0.8739680468750001 0.738752953125 0.8790046984375 0.72871081875 0.8974722078124999 0.7253634109375 0.9327283828124999 0.730942365625 0.959590225
5 0.8804583640624999 1 0.8871531765625 0.99988305 0.8815742234374999 0.97470005 0.8693004546875001 0.9545537015625 0.8592584046875 0.9260128890624999 0.8492161859375 0.9226552078125 0.83136363125 0.9142608718749999 0.8138427671875 0.9316275171875 0.8112793609375 0.934407221875 0.806816265625 0.9562325406250001 0.8012373125 0.9780577312500001 0.7956583578124999 1 0.8804583640624999 1
5 0.8592584046875 0.8823623828124999 0.8927321312500001 0.8924355578125001 0.9139320890624999 0.8823623828124999 0.9273215468749999 0.8571793828125 0.9262058578125 0.8252808890625 0.9150479484374999 0.7967402078125 0.8960795375 0.7849880640625 0.8804583640624999 0.7816303828125 0.8514479015624999 0.779951540625 0.8403494640625 0.7848154359375 0.830247771875 0.8168865578125001 0.83136363125 0.8403907140625 0.8425215406250001 0.8722892078125 0.8592584046875 0.8823623828124999
5 0.8001214531249999 0.820244365625 0.8168583171874999 0.8000978890624999 0.8190898640625001 0.7732360468749999 0.8090478140625 0.734622128125 0.7900793171875 0.711118096875 0.766647725 0.7044024765625 0.7499108609375 0.712796809375 0.738752953125 0.7514107953125 0.73763718125 0.7749148890625001 0.743216134375 0.8135288718749999 0.736521321875 0.82695973125 0.7566055921875 0.8403907140625 0.8001214531249999 0.820244365625
5 0.7209003171874999 0.8504638890624999 0.7421002750000001 0.8403907140625 0.7443319078124999 0.8000978890624999 0.7320582250000001 0.7732360468749999 0.704163453125 0.7564473828125 0.6851949578125 0.7749148890625001 0.672921275 0.8168865578125001 0.675152821875 0.8521427312500001 0.696352865625 0.8521427312500001 0.7209003171874999 0.8504638890624999
5 0.6606475921875 0.8689313953125 0.669573865625 0.8437483953125 0.672921275 0.8185653953124999 0.6796160015625 0.7732360468749999 0.674037046875 0.748053046875 0.6550686359375 0.7413375531249999 0.6294054109375 0.7564473828125 0.6182475015625 0.7782726984375 0.6182475015625 0.8135288718749999 0.6160159546874999 0.833675221875 0.63275281875 0.858858221875 0.6606475921875 0.8689313953125
5 0.604858046875 0.7564473828125 0.604858046875 0.717833459375 0.5847737765625001 0.6993658890625001 0.5680369125 0.6976870468749999 0.5490685015625 0.7060813796875001 0.5379105921875 0.7279067625 0.53679481875 0.7547684765625 0.542373771875 0.7782726984375 0.5546474546875 0.795061365625 0.5613421859375001 0.8286386984374999 0.57250009375 0.8152077140625 0.5970474593749999 0.7933823953125 0.604858046875 0.7564473828125
5 0.730942365625 0.758126221875 0.7443319078124999 0.746374140625 0.7465634546875 0.690971553125 0.743216134375 0.657394221875 0.7220160890625 0.6238168890625 0.6851949578125 0.6171014593749999 0.66845809375 0.622138046875 0.6584159578125 0.6489998890625001 0.6584159578125 0.6876138093749999 0.6662265453125 0.7279067625 0.6773844546875 0.7614840968750001 0.70193181875 0.7782726984375 0.730942365625 0.758126221875
5 0.8157424578124999 0.7279067625 0.82466881875 0.7144757140625 0.82466881875 0.6808983796875 0.8179741765624999 0.6489998890625001 0.7956583578124999 0.6254957921875001 0.7845003640625 0.6271747624999999 0.77222668125 0.6489998890625001 0.765531953125 0.692650459375 0.761068771875 0.7144757140625 0.7867319109375 0.7262277921875 0.8157424578124999 0.7279067625
5 0.8123952203125 0.746374140625 0.8179741765624999 0.7648417140625 0.8291320843750001 0.783309221875 0.8514479015624999 0.7849880640625 0.8670689062499999 0.776593728125 0.8826899109375 0.759805128125 0.8871531765625 0.7396587140625 0.888268865625 0.716154553125 0.8804583640624999 0.6876138093749999 0.8693004546875001 0.6808983796875 0.8581425453125 0.672504046875 0.8414056828125 0.6775407625 0.83136363125 0.692650459375 0.825784678125 0.7044024765625 0.8168583171874999 0.721191140625 0.8123952203125 0.746374140625
5 0.9574480375000001 0.7866670328125001 0.9831110921875 0.769878365625 0.9965007187499999 0.748053046875 0.9953848593749999 0.7245488890625 0.9898059046875 0.6993658890625001 0.9819954046875001 0.685935096875 0.969721634375 0.6741828890625 0.9619111312499999 0.672504046875 0.9440584109374999 0.667467459375 0.934016359375 0.6741828890625 0.9206269046875001 0.6892927140625 0.9117005421875 0.7195124296875 0.9139320890624999 0.737979809375 0.9195110453125 0.7497318890625 0.9317848124999999 0.779951540625 0.9574480375000001 0.7866670328125001
5 0.93513221875 0.662430809375 0.9273215468749999 0.632211221875 0.9195110453125 0.6019917625 0.9072374468750001 0.5935974296875 0.8960795375 0.596955046875 0.8793426734375 0.632211221875 0.8826899109375 0.665788553125 0.899426775 0.6960081406249999 0.9105846828124999 0.7060813796875001 0.9172794984375001 0.6775407625 0.93513221875 0.662430809375
5 0.988690046875 0.6389267140625 0.9987322656250001 0.620459140625 1 0.5768087625 0.9953848593749999 0.541552459375 0.9764164484375 0.5180482984375 0.956332178125 0.5180482984375 0.9317848124999999 0.5432312984375 0.9239743109375 0.5734508859375 0.9254499109375001 0.62961409375 0.9440584109374999 0.6540364765625 0.969721634375 0.6540364765625 0.988690046875 0.6389267140625
5 0.32702609531250004 0.4777554734375 0.321447140625 0.44921479218749993 0.29578391718749997 0.4240317921875 0.2645418234375 0.440820459375 0.25784709375000003 0.47104004687499995 0.2690050046875 0.5096539671875 0.2924365953125 0.5298003796875 0.3169839625 0.5298003796875 0.3303735015625 0.506296221875 0.32702609531250004 0.4777554734375
5 0.2745839578125 0.5214060468749999 0.26677337031250004 0.5096539671875 0.2600786421875 0.4878287109375 0.26119441718749997 0.4592879671875 0.26788914531249997 0.44249929843749997 0.28685764062499997 0.4374627109375 0.28239445937499996 0.420674046875 0.2600786421875 0.4122797109375 0.2399943734375 0.4122797109375 0.225489140625 0.43074722187500003 0.21656278125 0.464324553125 0.21991018750000002 0.49958079218749996 0.225489140625 0.5230848859375 0.24557332656250003 0.536515809375 0.24780495937499997 0.5381947109375 0.26788914531249997 0.536515809375 0.2745839578125 0.5214060468749999
5 0.226604915625 0.40220647343750004 0.2076365046875 0.3736657921875 0.187552234375 0.3770234734375 0.16523641718749998 0.3854178046875 0.15296273437500002 0.41395855312499996 0.15296273437500002 0.4626457109375 0.16523641718749998 0.4794343796875 0.184204828125 0.49454414062499996 0.21321545937500003 0.4878287109375 0.21544700625000002 0.47439779218749994 0.229952321875 0.439141553125 0.226604915625 0.40220647343750004
5 0.1763943265625 0.3770234734375 0.19313118906249999 0.35351937968749997 0.19313118906249999 0.3232997921875 0.184204828125 0.293080140625 0.1730469203125 0.2863647109375 0.1462680046875 0.27964921875000004 0.12953114062499999 0.28804355312499996 0.1183732328125 0.30483221875 0.1094468703125 0.338409553125 0.1116784203125 0.368629140625 0.122836328125 0.3870967109375 0.1511753578125 0.4031040265625 0.15519428125 0.40220647343750004 0.16077323593749998 0.39549104687500003 0.1763943265625 0.3770234734375
5 0.25449968749999996 0.35351937968749997 0.27235232656249997 0.3367307109375 0.28462600937500004 0.27964921875000004 0.283510234375 0.2460718859375 0.25896286874999996 0.22424663125 0.24111023281250002 0.2343198046875 0.2143312328125 0.2527873796875 0.20094169218750002 0.27964921875000004 0.20094169218750002 0.3216208859375 0.2109838265625 0.3468038859375 0.226604915625 0.35184047343749997 0.25449968749999996 0.35351937968749997
5 0.35492086875 0.32665747343749996 0.358268275 0.2964378859375 0.344878734375 0.262860553125 0.3169839625 0.24439304375 0.28685764062499997 0.2611817109375 0.279047053125 0.2981167921875 0.2745839578125 0.32497863125 0.2781284828125 0.33389261718749996 0.2890891890625 0.3619137109375 0.31252078125 0.368629140625 0.3348365984375 0.3568771234375 0.35492086875 0.32665747343749996
5 0.3660787765625 0.44417814062499994 0.3761209125 0.41731629843749996 0.3850471890625 0.40556421875000004 0.386163046875 0.368629140625 0.3616155953125 0.35351937968749997 0.3370682328125 0.3468038859375 0.322562915625 0.35519821875 0.322562915625 0.3568771234375 0.3080576859375 0.3854178046875 0.3102892328125 0.41395855312499996 0.3326050515625 0.450893634375 0.3660787765625 0.44417814062499994
5 0.3593840484375 0.5130117109375 0.39955250468750003 0.5247637921875 0.4118261875 0.516369459375 0.41628936875000006 0.4844709671875 0.3939735484375 0.4542513796875 0.3917420015625 0.425710634375 0.3917420015625 0.41395855312499996 0.3750051390625 0.4072431234375 0.36831032656249996 0.4072431234375 0.3426471859375 0.41731629843749996 0.3392997796875 0.4592879671875 0.349341915625 0.481113221875 0.3593840484375 0.5130117109375
5 0.6517212296875 0.3921332984375 0.66845809375 0.38038121875 0.6807317765625001 0.3602348046875 0.6807317765625001 0.31490545625 0.674037046875 0.2813281234375 0.6628791390625 0.2561451234375 0.646142275 0.24439304375 0.61490018125 0.2595028046875 0.600394865625 0.2846858046875 0.5934186609375 0.3024328859375 0.6015106390625 0.3468038859375 0.60820536875 0.3719868859375 0.6305211859375001 0.390454459375 0.6517212296875 0.3921332984375
5 0.7231318640625 0.3031533796875 0.730942365625 0.2662182984375 0.7231318640625 0.2326409671875 0.7186686828125 0.21585229843749998 0.704163453125 0.20410021875 0.6851949578125 0.2192100140625 0.6796160015625 0.23935645625 0.6796160015625 0.2410352984375 0.6762686812500001 0.28804355312499996 0.6851949578125 0.3216208859375 0.706395 0.32665747343749996 0.7231318640625 0.3031533796875
5 0.7923109515625 0.3367307109375 0.8168583171874999 0.318263140625 0.825784678125 0.2813281234375 0.8090478140625 0.24271414062500002 0.7766898609374999 0.2326409671875 0.768879275 0.2343198046875 0.76330031875 0.24271414062500002 0.7621845453125 0.2359987109375 0.739868728125 0.26957604375 0.7487950890625 0.3031533796875 0.766647725 0.32665747343749996 0.7923109515625 0.3367307109375
5 0.7409845015625 0.420674046875 0.77222668125 0.4072431234375 0.7856161359375 0.3971698859375 0.7911950921875001 0.37030804375000004 0.7822688140625 0.3333729671875 0.7532581859375 0.31658429843749997 0.7264792703125 0.318263140625 0.7264792703125 0.32833637968749996 0.6896581359375 0.3417672984375 0.6863107296875001 0.37030804375000004 0.6997002718750001 0.4072431234375 0.7409845015625 0.420674046875
5 0.730942365625 0.591918459375 0.7521424109375 0.5801663796875001 0.76441609375 0.5549833796875 0.765531953125 0.501259634375 0.7476792296875 0.46936114062499995 0.7253634109375 0.44585704687499994 0.706395 0.44249929843749997 0.6907739109375 0.466003459375 0.674037046875 0.5079751234375001 0.674037046875 0.5432312984375 0.6918896859375 0.583524128125 0.730942365625 0.591918459375
5 0.6974686390625 0.43074722187500003 0.6907739109375 0.40052763125 0.6874265890625 0.3971698859375 0.637216 0.39381214062500003 0.61490018125 0.4089219671875 0.5992790921875 0.44249929843749997 0.604858046875 0.47439779218749994 0.6316370453125 0.49454414062499996 0.6617780359375 0.5058724828125001 0.6829634078125 0.4844709671875 0.6907739109375 0.464324553125 0.6974686390625 0.43074722187500003
5 0.53679481875 0.5130117109375 0.5200579546874999 0.514690553125 0.517826321875 0.5331581234375 0.5222895015625 0.5600200937500001 0.5267526828125 0.5734508859375 0.5479527281250001 0.591918459375 0.5591106359375 0.586881809375 0.573615865625 0.5583411234375 0.5937001359375 0.5583411234375 0.6070895937499999 0.556662221875 0.604858046875 0.5482678859375001 0.609321228125 0.49958079218749996 0.5858895484375 0.4777554734375 0.576963275 0.47439779218749994 0.53679481875 0.5130117109375
5 0.44083673437500004 0.622138046875 0.443068365625 0.6557153796875 0.45087886875 0.6758617921875001 0.4709631390625 0.690971553125 0.48993154843750003 0.6758617921875001 0.486584228125 0.6473210468749999 0.5055526390625 0.637247809375 0.5245210515625 0.6271747624999999 0.5312158640625 0.6137437140625 0.5189420953125 0.590239553125 0.5155947750000001 0.586881809375 0.51224736875 0.5885607140625 0.482121046875 0.5684144296875 0.46873150625 0.5700931406249999 0.45087886875 0.590239553125 0.44083673437500004 0.622138046875
5 0.46649995781250003 0.783309221875 0.47319468750000004 0.7900247140625 0.5010894593749999 0.7900247140625 0.5222895015625 0.7715572078124999 0.5334474124999999 0.7614840968750001 0.535678959375 0.7295854765625001 0.504436865625 0.7144757140625 0.48435259531249997 0.712796809375 0.47988941562500004 0.707760221875 0.4553420484375 0.7262277921875 0.47207891249999995 0.7514107953125 0.47207891249999995 0.769878365625 0.46649995781250003 0.783309221875
5 0.42967882343749997 0.24942963125 0.4531105015625 0.23935645625 0.44753154687499996 0.188990490625 0.4252157296875 0.167165171875 0.40289991093750005 0.1654862984375 0.38951036875 0.1940270140625 0.38951036875 0.2208888859375 0.39955250468750003 0.2511084734375 0.40736300625000005 0.2762914734375 0.4107104125 0.2578239671875 0.42967882343749997 0.24942963125
5 0.482121046875 0.2595028046875 0.5033210921875 0.2595028046875 0.51001581875 0.22592550312499998 0.5245210515625 0.18731155 0.5200579546874999 0.13862449062499999 0.4966262796875 0.13526667812499998 0.47654209375 0.1453398859375 0.4575735953125 0.1587708390625 0.45087886875 0.20242134531249997 0.44195259218749994 0.210815678125 0.4642684109375 0.2527873796875 0.482121046875 0.2595028046875
5 0.576963275 0.41395855312499996 0.6037422718750001 0.4374627109375 0.6215949109375 0.3988487921875 0.6070895937499999 0.368629140625 0.6015106390625 0.32497863125 0.5992790921875 0.28972245625 0.5870054078125 0.2729337921875 0.5669211390625 0.2729337921875 0.5412579125 0.29979563124999997 0.5345631859375 0.3468038859375 0.5591106359375 0.390454459375 0.576963275 0.41395855312499996
5 0.6171317296875001 0.150376503125 0.5959316859375 0.1151202984375 0.5702685453125 0.09665282187499999 0.54683686875 0.1067259625 0.5267526828125 0.1403032984375 0.5211737296875001 0.163807490625 0.5200579546874999 0.22592550312499998 0.5301000046875 0.237677553125 0.5691526875 0.2595028046875 0.5937001359375 0.24439304375 0.61490018125 0.2074579625 0.6171317296875001 0.150376503125
5 0.7119739546875 0.1906692984375 0.71085818125 0.1587708390625 0.678500228125 0.1319089625 0.6528370046874999 0.1335878390625 0.6271738640625 0.167165171875 0.613784321875 0.2208888859375 0.6182475015625 0.22256782187500002 0.6483739078124999 0.2611817109375 0.6662265453125 0.2595028046875 0.6930055453125 0.22760437968749997 0.7119739546875 0.1906692984375
5 0.7409845015625 0.2662182984375 0.7499108609375 0.24271414062500002 0.7811529578124999 0.22424663125 0.7934266390625 0.19906363124999998 0.7934266390625 0.14701882187499998 0.766647725 0.13526667812499998 0.734289771875 0.13526667812499998 0.7119739546875 0.167165171875 0.707510775 0.2057791546875 0.7164371359375 0.2359987109375 0.7409845015625 0.2662182984375
5 0.8927321312500001 0.4072431234375 0.9105846828124999 0.39549104687500003 0.9273215468749999 0.363592553125 0.9094689953125 0.313226553125 0.8793426734375 0.293080140625 0.861489953125 0.2981167921875 0.8592584046875 0.3081899671875 0.8536794515624999 0.30651112343750003 0.8436372296875 0.3367307109375 0.8503320421874999 0.3820601234375 0.8626058109375 0.3988487921875 0.8927321312500001 0.4072431234375
5 0.8547951390625 0.6036704765625001 0.9027741812500001 0.583524128125 0.9217425921875 0.544910140625 0.9273215468749999 0.5096539671875 0.9027741812500001 0.4676822984375 0.8726478609375 0.455930221875 0.8626058109375 0.466003459375 0.861489953125 0.464324553125 0.832479321875 0.4928652984375 0.830247771875 0.536515809375 0.8414056828125 0.5768087625 0.8547951390625 0.6036704765625001
5 0.9518690828124999 0.5197271406249999 0.9663742281250001 0.4794343796875 0.9730690421875 0.455930221875 0.95521631875 0.420674046875 0.93513221875 0.4072431234375 0.929553265625 0.4122797109375 0.9306689531250001 0.4106008046875 0.8838057703125 0.4240317921875 0.8960795375 0.4794343796875 0.9217425921875 0.5130117109375 0.9518690828124999 0.5197271406249999
5 1 0.3820601234375 0.9831110921875 0.3585559671875 0.9619111312499999 0.3602348046875 0.9574480375000001 0.3736657921875 0.9474058171875 0.3988487921875 0.9518690828124999 0.4341049671875 0.9775321359375001 0.45760912343750004 0.9931533124999999 0.460966809375 1 0.4273894734375 1 0.3820601234375
5 0.8715320015625 0.29140129843749996 0.89384781875 0.2729337921875 0.9038900406250001 0.2477507921875 0.8927321312500001 0.19906363124999998 0.8748794078125 0.172201821875 0.8547951390625 0.1688440140625 0.8369425875 0.1805961546875 0.825784678125 0.2057791546875 0.8180280359375001 0.2248322140625 0.8235531296874999 0.2561451234375 0.832479321875 0.27964921875000004 0.8492161859375 0.29140129843749996 0.8715320015625 0.29140129843749996
5 0.8670689062499999 0.14366100937499998 0.8659530468750001 0.11176254999999999 0.8525635921875001 0.0832218359375 0.8347110375 0.0647542984375 0.8168583171874999 0.0580388359375 0.7934266390625 0.0765063765625 0.7878477703125 0.100010503125 0.7900793171875 0.1403032984375 0.8054722328125001 0.16820469843750002 0.828016225 0.1772383453125 0.8369425875 0.175559503125 0.8514479015624999 0.1654862984375 0.8670689062499999 0.14366100937499998
5 0.8838057703125 0.160449678125 0.8960795375 0.1520553453125 0.9072374468750001 0.116799171875 0.9072374468750001 0.0949738859375 0.891616271875 0.07314863125 0.8771109578124999 0.056359962500000006 0.861489953125 0.0597177109375 0.8529052671875 0.07802013437500001 0.8547951390625 0.113441490625 0.8626058109375 0.160449678125 0.8838057703125 0.160449678125
5 0.9105846828124999 0.2863647109375 0.929553265625 0.293080140625 0.9507532234375 0.2611817109375 0.9607952750000001 0.22928321875000002 0.95521631875 0.185632678125 0.9317848124999999 0.1705228859375 0.9161636390625001 0.172201821875 0.894963678125 0.1957058859375 0.90165849375 0.19906363124999998 0.9038900406250001 0.237677553125 0.9105846828124999 0.2863647109375
5 0.6885423640624999 0.014388295312499999 0.6606475921875 0.021103821875 0.6506054546875 0.04796563125 0.6506054546875 0.09329504375 0.6584159578125 0.12855121875 0.6885423640624999 0.13862449062499999 0.70193181875 0.1403032984375 0.7264792703125 0.11176254999999999 0.7231318640625 0.06139655000000001 0.706395 0.027819218750000003 0.6885423640624999 0.014388295312499999
5 0.6539528609375 0.12351463124999999 0.6561844109375 0.0697908859375 0.634984365625 0.0328558359375 0.613784321875 0.0378924859375 0.5937001359375 0.08154296250000001 0.5925843640624999 0.11176254999999999 0.6160159546874999 0.141982171875 0.61490018125 0.1453398859375 0.6338685921875 0.14869763125 0.6539528609375 0.12351463124999999
5 0.54572109375 0.10168937656249999 0.5602264109374999 0.09665282187499999 0.5914685046875 0.09833163125 0.6015106390625 0.07146982187499999 0.5948159109375 0.022782631249999998 0.5870054078125 0.01103055 0.5390263656250001 0.0026362187499999997 0.5200579546874999 0.017746043750000003 0.5055526390625 0.08154296250000001 0.5166887499999999 0.113674496875 0.5211737296875001 0.1335878390625 0.5323316390625 0.12351463124999999 0.54572109375 0.10168937656249999