5 0.475 0.38984375 0.07421875 0.0984375
5 0.5015625 0.353125 0.06796875 0.08828125
5 0.6578125 0.38671875 0.06796875 0.125
5 0.68828125 0.484375 0.06484375 0.1125
5 0.44453125 0.4421875 0.07421875 0.103125
5 0.440625 0.5265625 0.0828125 0.09609375
5 0.46171875 0.61953125 0.0609375 0.1125
5 0.390625 0.6921875 0.07421875 0.1109375
5 0.45859375 0.7421875 0.0796875 0.1109375
5 0.74296875 0.7328125 0.0578125 0.07578125
5 0.74921875 0.61953125 0.06328125 0.115625
5 0.79453125 0.6171875 0.059375 0.09453125