5 0.34609375 0.1921875 0.1125 0.2015625
5 0.46328125 0.19921875 0.128125 0.24296875
5 0.5734375 0.175 0.1046875 0.1546875
5 0.546875 0.30703125 0.1296875 0.24453125
5 0.3890625 0.33125 0.11953125 0.1359375
5 0.29140625 0.38671875 0.1453125 0.225
5 0.37265625 0.4609375 0.15390625 0.215625
5 0.48671875 0.45078125 0.1234375 0.19921875
5 0.60859375 0.4953125 0.1640625 0.17890625
5 0.55625 0.69765625 0.15078125 0.1984375
5 0.77734375 0.67890625 0.15234375 0.275
5 0.84296875 0.81171875 0.2046875 0.253125