5 0.45546875 0.17734375 0.11640625 0.1453125
5 0.59375 0.16640625 0.15234375 0.16328125
5 0.7015625 0.20234375 0.1453125 0.215625
5 0.88203125 0.359375 0.1578125 0.2453125
5 0.76328125 0.43515625 0.1234375 0.1921875
5 0.67109375 0.346875 0.115625 0.1734375
5 0.51953125 0.3265625 0.16328125 0.1796875
5 0.55390625 0.50234375 0.184375 0.2375
5 0.41640625 0.503125 0.13828125 0.140625
5 0.3796875 0.3453125 0.14375 0.165625
5 0.7484375 0.628125 0.14140625 0.20703125
5 0.89609375 0.58203125 0.1734375 0.2046875
5 0.8296875 0.91875 0.225 0.1625
5 0.278125 0.76328125 0.23046875 0.23046875
5 0.08046875 0.60859375 0.1609375 0.175
5 0.06640625 0.29765625 0.12265625 0.20390625
5 0.20078125 0.26328125 0.128125 0.1484375
5 0.2515625 0.35234375 0.11953125 0.15859375