5 0.5346975859375 0.13425924218750002 0.49101842500000004 0.06283080156250001 0.4254997203125 0.0919312390625 0.397703946875 0.121031728125 0.3738789421875 0.2030423703125 0.44138303125 0.2718254 0.5188142765625 0.22685183437499998 0.5346975859375 0.13425924218750002
5 0.6339683734375 0.11309524062500001 0.5883038265625 0.097222265625 0.5247705078125 0.1818783703125 0.5843329796875001 0.2982804265625 0.6299975265625 0.2585978859375 0.6339683734375 0.11309524062500001
5 0.814641175 0.13955026718750002 0.776918396875 0.0707671875 0.7372100828125 0.0681217265625 0.6836037671875 0.099867728125 0.6458809125 0.2506613984375 0.72331208125 0.3035714515625 0.800743325 0.2929894 0.814641175 0.13955026718750002
5 0.8881016484375 0.1765873453125 0.8841307265625 0.1765873453125 0.824568253125 0.1924603203125 0.8027287109374999 0.3194444265625 0.9198682703125 0.327381015625 0.9476641203125 0.23743388593749998 0.8881016484375 0.1765873453125
5 0.9615619703125 0.4914020984375 0.9695036625 0.36441799218750004 0.9377370421875 0.2876984765625 0.8285391765625001 0.26653437343749997 0.824568253125 0.35912696718750003 0.8483933328125 0.50198415 0.9615619703125 0.4914020984375
5 0.824568253125 0.36706355468749996 0.790816246875 0.34060852812500003 0.7272830046875 0.34854501718750003 0.6518371453125 0.46230160937500003 0.7749328609374999 0.573412740625 0.8483933328125 0.5496031765625 0.824568253125 0.36706355468749996
5 0.671691303125 0.4702380984375 0.6240412953125001 0.37500004374999996 0.5605079765625 0.36970901718750004 0.5267559687500001 0.38558199375 0.4652080359375 0.5205026890625 0.5108725828125 0.6316138203125 0.6438954515625 0.6210319703125 0.671691303125 0.4702380984375
5 0.48704765468750005 0.4226190703125 0.38777686718750004 0.39880950625 0.3659372484375 0.40939155781250003 0.3560101703125 0.435846584375 0.3639518640625 0.554894203125 0.449324725 0.60515879375 0.4969747328125 0.5125662 0.48704765468750005 0.4226190703125
5 0.46719349687499995 0.343253990625 0.40564556406249996 0.2533068609375 0.34806855312499996 0.24272491093749998 0.2924768515625 0.3617725296875 0.3341706265625 0.4596561484375 0.421528875 0.4279100953125 0.46719349687499995 0.343253990625
5 0.3460830921875 0.8379630062500001 0.36196640156250004 0.7136245625 0.2825497734375 0.62632279375 0.2607102296875 0.6210319703125 0.19916237187500002 0.647486996875 0.1475415171875 0.7347883625 0.1832789859375 0.8617724687500001 0.290491465625 0.8961640843750001 0.3460830921875 0.8379630062500001
5 0.1554832109375 0.5787037671874999 0.08996450624999999 0.5205026890625 0.072095734375 0.5152116625 0.0224603421875 0.517857125 0 0.6527778203125 0.0820228140625 0.7559523640625 0.16143944375 0.7030423109374999 0.1554832109375 0.5787037671874999
5 0.107833203125 0.208333396875 0.054227000000000004 0.1527777796875 0.004591607812500001 0.2956349640625 0.07606658125 0.4173280453125 0.13165820781249998 0.3062169140625 0.107833203125 0.208333396875
5 0.25872484375 0.216269884375 0.2229873 0.20039680781250002 0.1951915265625 0.208333396875 0.135629053125 0.3062169140625 0.213060221875 0.35912696718750003 0.2825497734375 0.3062169140625 0.25872484375 0.216269884375
5 0.9258245781250001 1 0.9357516562500001 0.9226191109374999 0.8583204125 0.8273809546875001 0.8603057968750001 0.85119051875 0.749122546875 0.8961640843750001 0.7689767046875 1 0.9258245781250001 1
5 0.800743325 0.557539665625 0.7332391609375 0.4808201484375 0.7153703874999999 0.4940476625 0.66772045625 0.61574074375 0.763020396875 0.7321429 0.826553790625 0.5892857171875 0.800743325 0.557539665625