5 0.5802776734374999 0.6415822390625 0.5896503171874999 0.5476168171875 0.5846515546875 0.44349293906250004 0.5727795296875 0.3622256390625 0.543411934375 0.359685975 0.5190430515625 0.4206365484375 0.512794621875 0.5044435078125 0.515294003125 0.5831712328124999 0.52841569375 0.6974534828125 0.5484106468750001 0.7203101625 0.5802776734374999 0.6415822390625
5 0.3397131578125 0.9336367671874999 0.36720620625 0.8803050906250001 0.37907823125 0.7964983250000001 0.378453396875 0.70761213125 0.3640819921875 0.6314239703125 0.34033799062500003 0.5653940765625001 0.3109703453125 0.6034881578125 0.294724440625 0.66951805 0.28722634375 0.7761813046875 0.2997232015625 0.865067496875 0.3153442734375 0.9209387359375001 0.3397131578125 0.9336367671874999
5 0.28910084375 0.7939585640625 0.289725725 0.6923743453125 0.317218775 0.5679336390625 0.30784613125 0.4587306296875 0.278478534375 0.4282553453125 0.2534848171875 0.4536513953125 0.23473952968749998 0.6161861828124999 0.24036310312500003 0.6974534828125 0.24223765 0.7406267921875 0.259733246875 0.8269734156249999 0.28910084375 0.7939585640625
5 0.212870028125 0.7914188984375 0.219743290625 0.66951805 0.2016228609375 0.5882504671875 0.1822527171875 0.5730128734375 0.15288509687500001 0.6441220000000001 0.151635428125 0.6745970906250001 0.15475964375 0.788879334375 0.1660068109375 0.8726864875 0.1953744328125 0.865067496875 0.212870028125 0.7914188984375
5 0.084777234375 0.959032821875 0.1047722109375 0.9717308484375 0.13663919062500002 0.9336367671874999 0.1472615234375 0.8599884624999999 0.1522602625 0.7609436140625 0.1422627859375 0.656820025 0.125392021875 0.6085672890625 0.0960244015625 0.5907901265625 0.0879014484375 0.6288842125 0.066031946875 0.7025327109374999 0.056659290625000004 0.8117357265624999 0.05978350624999999 0.8726864875 0.084777234375 0.959032821875
5 0.16975585937499998 0.5882504671875 0.1991234796875 0.6034881578125 0.21411972031249998 0.60602791875 0.2116203390625 0.4790474515625 0.2016228609375 0.4028592890625 0.1860017890625 0.3850820296875 0.1635074296875 0.39016126406249996 0.1403882375 0.430794909375 0.12289264062500001 0.5095227359375001 0.127266546875 0.6212653140625 0.1472615234375 0.6923743453125 0.16975585937499998 0.5882504671875
5 0.139138571875 0.43333457343750004 0.1572590015625 0.40031972031249996 0.17850366875 0.3774632328125 0.19849864687500002 0.3952404921875 0.20287252812499998 0.3495276140625 0.19849864687500002 0.2809582484375 0.1810030265625 0.2123888828125 0.1716303828125 0.202230421875 0.14288761875 0.18445325937499998 0.1291410703125 0.19715128906249998 0.1066467359375 0.2555621921875 0.099148615625 0.34698795 0.1041473546875 0.44349293906250004 0.11289516562499999 0.5120623046875 0.122267809375 0.5501563859374999 0.1266417140625 0.4917454765625 0.139138571875 0.43333457343750004
5 0.6096452718750001 0.9158596046874999 0.6171433671875 0.8574487 0.619017915625 0.7634832796875 0.6108949375 0.6872951171875 0.5896503171874999 0.66951805 0.5727795296875 0.6618990609375001 0.554659078125 0.7330081875000001 0.5484106468750001 0.7533248171875 0.55215974375 0.84729043125 0.567780815625 0.943795228125 0.5877757703125 0.959032821875 0.6096452718750001 0.9158596046874999
5 0.3803279453125 0.7457062125 0.3872012078125 0.7609436140625 0.409070709375 0.7050723750000001 0.4215675671875 0.60602791875 0.41719363906250007 0.5120623046875 0.4046967796875 0.43333457343750004 0.372829803125 0.4028592890625 0.337838609375 0.4231761109375 0.3278411328125 0.48666624843750006 0.3359640609375 0.5679336390625 0.363457159375 0.6390425734375 0.37907823125 0.6898346859375 0.3803279453125 0.7457062125
5 0.33721377656249996 0.44349293906250004 0.3528348484375 0.4104780859375 0.352210015625 0.37492367031249996 0.3434622046875 0.3114335328125 0.33721377656249996 0.2961958421875 0.314094559375 0.291116609375 0.2997232015625 0.30889386874999997 0.286601509375 0.3723840046875 0.2997232015625 0.4384138015625 0.3115952265625 0.4663494265625 0.3303405140625 0.5146019640625 0.33721377656249996 0.44349293906250004
5 0.39032542187499997 0.41809688281249996 0.4146943046875 0.468888990625 0.41531913906250006 0.42571577656250004 0.42219240156250004 0.3368295890625 0.418443353125 0.253022528125 0.410945209375 0.19969085312499998 0.3965738515625 0.186992828125 0.37907823125 0.1895323953125 0.369080753125 0.19715128906249998 0.3547093484375 0.2479433953125 0.351585134375 0.33428992343749997 0.35033546718749997 0.3368295890625 0.359083278125 0.40031972031249996 0.39032542187499997 0.41809688281249996
5 0.439688021875 0.6111069546875 0.46218235625000004 0.6161861828124999 0.48342702343750005 0.5704732078125 0.491549953125 0.5019039390625 0.496548715625 0.3977800609375 0.4921747859375 0.3241315578125 0.47655371406249997 0.2834978125 0.44781095000000004 0.2733394515625 0.4290656640625 0.29873550312499997 0.4290656640625 0.3063543 0.4165688046875 0.4104780859375 0.4165688046875 0.48666624843750006 0.42281723437499996 0.5628544109375 0.439688021875 0.6111069546875
5 0.3509603 0 0.32409208437500003 0.054933325 0.3359640609375 0.138740284375 0.35184570000000004 0.20494922343750002 0.363457159375 0.2301661375 0.37657885 0.1742948015625 0.39219992187499997 0.176834365625 0.40657132812499996 0.19207205624999998 0.40844587656250003 0.14127995 0.404071946875 0 0.3509603 0
5 0.3159691078125 0.275879015625 0.3359640609375 0.278418584375 0.35033546718749997 0.3038146390625 0.35345968125 0.275879015625 0.351585134375 0.19969085312499998 0.3384634421875 0.1362007203125 0.32284237031249996 0.11588389375000001 0.30597163125 0.11842346249999999 0.284102128125 0.1438195171875 0.275979153125 0.20730965 0.2778537 0.278418584375 0.2847269625 0.3419087203125 0.28722634375 0.3495276140625 0.2972238203125 0.3012750703125 0.3159691078125 0.275879015625
5 0.2341146734375 0.6263445484375 0.23598922187500002 0.5399980203125 0.2491109125 0.47396822343749995 0.2709804375 0.4384138015625 0.286601509375 0.4409533703125 0.29534927187500004 0.4409533703125 0.291600225 0.40539885781249996 0.2778537 0.3495276140625 0.25785872187500003 0.3012750703125 0.22974079218750001 0.316512665625 0.22099298125 0.354606746875 0.2047470765625 0.44349293906250004 0.212870028125 0.5476168171875 0.23099045937499998 0.6314239703125 0.2341146734375 0.6263445484375
5 0.245361865625 0.29873550312499997 0.2653568421875 0.3114335328125 0.28097791562499996 0.3444483859375 0.2791033671875 0.2961958421875 0.269105890625 0.2301661375 0.255984175 0.1793740296875 0.24598669687500002 0.1590572078125 0.22536688749999997 0.161596771875 0.2109955046875 0.18445325937499998 0.2047470765625 0.2276264765625 0.2047470765625 0.2834978125 0.2084961234375 0.3876216953125 0.219743290625 0.367304771875 0.23286500625 0.32921069062499997 0.245361865625 0.29873550312499997