5 0.206236334375 0.337950284375 0.2313753859375 0.3209669421875 0.24520184375 0.2983224109375 0.2627992 0.2530333515625 0.25902839843750003 0.2322759078125 0.24771580625 0.211518390625 0.22886151875 0.2001961625 0.20497939999999998 0.20585727656250002 0.18109728281249998 0.2190665921875 0.159729128125 0.24171112187500002 0.14967346875 0.2700167671875 0.15093040156249998 0.29643532499999997 0.1547012984375 0.32474097031250004 0.176069453125 0.3341761859375 0.206236334375 0.337950284375
5 0.1019093296875 0.4681562796875 0.11070795781250001 0.49834893906250005 0.14338870625 0.5228804828125 0.17229865312499998 0.52099346875 0.1936668078125 0.511558253125 0.2162919921875 0.4945748375 0.22634755625 0.47193037968749996 0.22886151875 0.436076534375 0.2313753859375 0.40588387499999995 0.225090621875 0.385126359375 0.20372246718749998 0.356820715625 0.1898960078125 0.3436114 0.1672708234375 0.3322891703125 0.14338870625 0.32474097031250004 0.129562246875 0.32474097031250004 0.129562246875 0.33040215625 0.11070795781250001 0.3587078015625 0.10316626250000001 0.3832393453125 0.099395365625 0.4266413203125 0.1019093296875 0.4681562796875
5 0.28416745 0.4757044078125 0.310563434375 0.47004329375 0.325646828125 0.46626919375 0.3482720125 0.4511728640625 0.354556775 0.42098020468749997 0.3520428125 0.394561575 0.33695942031250004 0.360594815625 0.31810513125 0.3436114 0.291709146875 0.3341761859375 0.271597925 0.3285150703125 0.2502296734375 0.337950284375 0.24520184375 0.3624818296875 0.2376601484375 0.398335675 0.2502296734375 0.4341895203125 0.25902839843750003 0.4549469640625 0.28416745 0.4757044078125
5 0.350785878125 0.402109775 0.3633554046875 0.40399678906250003 0.3721541296875 0.3700300296875 0.3897513890625 0.33983737187499996 0.39855011406249996 0.3039835265625 0.39477921718750003 0.27945198125 0.383466625 0.2530333515625 0.357070640625 0.2511463375 0.3394732859375 0.26435565156249996 0.32438989375 0.285113096875 0.3093065015625 0.32285395625 0.314334234375 0.3436114 0.3357024859375 0.36436891562499996 0.350785878125 0.402109775
5 0.42368916562500003 0.428528334375 0.462654675 0.43230243437500004 0.4815089640625 0.41343200468749997 0.4940784890625 0.398335675 0.5028771187500001 0.36814301562499996 0.49659235625000003 0.3436114 0.4714533046875 0.313418740625 0.440029490625 0.305870540625 0.41489044062499997 0.313418740625 0.399807046875 0.3171928421875 0.40232091406250003 0.31907985625 0.37843889218750004 0.36814301562499996 0.37843889218750004 0.3889004609375 0.40986270625000004 0.40399678906250003 0.42368916562500003 0.428528334375
5 0.3708971 0.5568473140625 0.41489044062499997 0.5511861265625 0.4387725578125 0.5530732140625 0.4450573203125 0.537976884375 0.4475712828125 0.48325260937500003 0.43500175781249995 0.44928585 0.41237657343749995 0.4172061046875 0.387237521875 0.40022268906249997 0.3721541296875 0.398335675 0.3558137078125 0.42098020468749997 0.3432441828125 0.45305995 0.3432441828125 0.487026709375 0.3608415375 0.5436379984374999 0.3708971 0.5568473140625
5 0.25902839843750003 0.5492991125 0.295479946875 0.5606213421875 0.325646828125 0.5681696875 0.3520428125 0.5700565578125001 0.3633554046875 0.5681696875 0.357070640625 0.5323156984375 0.33695942031250004 0.49080080937500004 0.304278671875 0.4757044078125 0.28793825 0.4889137234375 0.2665700953125 0.511558253125 0.25902839843750003 0.5492991125
5 0.5179606078125001 0.5398638984375 0.5355579625 0.5323156984375 0.5544122515625001 0.5153323546874999 0.559439984375 0.49268782343749995 0.5606970140625 0.44173765 0.553155221875 0.41909311875000005 0.541842725 0.394561575 0.5229884359375 0.387013446875 0.5016201859375 0.385126359375 0.45888377968749994 0.42475430625 0.4538560453125 0.45305995 0.45511297968750003 0.49834893906250005 0.45511297968750003 0.52854166875 0.485279859375 0.5511861265625 0.5179606078125001 0.5398638984375
5 0.6072042203125 0.47759149375 0.6197737453125 0.45305995 0.628572375 0.428528334375 0.6273154421875 0.398335675 0.61600285 0.36436891562499996 0.5996625234375 0.3454984859375 0.5845790359375 0.33983737187499996 0.568238709375 0.3473855 0.5581830515624999 0.3700300296875 0.555669184375 0.40022268906249997 0.568238709375 0.44551175 0.58206516875 0.46438217968749995 0.6072042203125 0.47759149375
5 0.5330440000000001 0.29643532499999997 0.5141897109375 0.2737908671875 0.48653679375000003 0.26058155156249996 0.462654675 0.258694465625 0.44380038749999995 0.2700167671875 0.442543453125 0.28888719687500003 0.466425571875 0.3039835265625 0.49030759375 0.3153057546875 0.49659235625000003 0.33983737187499996 0.4978493859375 0.360594815625 0.5091618812500001 0.381352259375 0.5493844203125 0.3889004609375 0.5569261171875 0.3700300296875 0.5518982875 0.3341761859375 0.5330440000000001 0.29643532499999997
5 0.7215868828125 0.9116113796875001 0.7530106984375 0.9248206234374999 0.7882054078125 0.91349839375 0.8032888 0.8908539359375001 0.8158583265624999 0.849338903125 0.8146013921874999 0.82480743125 0.790719275 0.779518371875 0.7643232906249999 0.7644220421875 0.7416981046875 0.77385725625 0.7303856093750001 0.7832924718750001 0.7090173578125001 0.8097110296875 0.7027325953125 0.8380166750000001 0.7090173578125001 0.8870797625 0.7215868828125 0.9116113796875001
5 0.7454690015625001 0.6002492875 0.755524659375 0.5700565578125001 0.755524659375 0.5417509125 0.7266147125 0.500236025 0.7039895281249999 0.49268782343749995 0.6901630703125 0.49268782343749995 0.6750796765625 0.500236025 0.6662809515625 0.5492991125 0.6750796765625 0.59647533125 0.7027325953125 0.6210067312499999 0.7454690015625001 0.6002492875
5 0.878705953125 0.5681696875 0.871164353125 0.530428684375 0.838483509375 0.507784153125 0.8259139843750001 0.507784153125 0.8120875249999999 0.5058971390625 0.795747103125 0.562508428125 0.8309417187499999 0.5983622015625001 0.86110869375 0.602136303125 0.878705953125 0.5681696875
5 0.9101297671875 0.64365140625 0.911386796875 0.6247809765625 0.8963034046875 0.59647533125 0.871164353125 0.579491771875 0.84225440625 0.5870401171874999 0.8347126140625001 0.6153457609374999 0.83596964375 0.6511994624999999 0.85608076875 0.6870532359375 0.8875045828125 0.685166221875 0.9101297671875 0.64365140625
5 0.8673934578125 0.37380413125 0.871164353125 0.3436114 0.8460253015625 0.305870540625 0.83596964375 0.300209425 0.8246570515625 0.3039835265625 0.7970040375 0.36436891562499996 0.8146013921874999 0.390787475 0.8460253015625 0.402109775 0.8673934578125 0.37380413125