5 0.4 0.52421875 0.1484375 0.20859375
5 0.575 0.54296875 0.17734375 0.29296875
5 0.75625 0.515625 0.165625 0.22109375
5 0.928125 0.371875 0.14375 0.225
5 0.89921875 0.17578125 0.1671875 0.1890625
5 0.7625 0.2703125 0.16640625 0.17421875
5 0.76171875 0.16640625 0.10859375 0.1046875
5 0.6078125 0.1578125 0.1359375 0.14765625
5 0.5984375 0.3296875 0.15 0.16328125
5 0.41015625 0.33828125 0.11640625 0.14296875
5 0.45 0.20234375 0.178125 0.2
5 0.28359375 0.24140625 0.16328125 0.16640625
5 0.11484375 0.28125 0.184375 0.190625
5 0.17109375 0.1 0.1484375 0.18515625
5 0.346875 0.07734375 0.16953125 0.15390625
5 0.09765625 0.4984375 0.15234375 0.2375
5 0.259375 0.44921875 0.14765625 0.23984375
5 0.090625 0.76953125 0.1796875 0.3109375
5 0.2 0.87421875 0.21171875 0.2515625
5 0.2796875 0.7 0.1890625 0.25
5 0.4015625 0.86484375 0.22734375 0.2703125
5 0.46640625 0.71796875 0.19140625 0.246875
5 0.603125 0.81953125 0.221875 0.32890625
5 0.71171875 0.684375 0.13203125 0.20625
5 0.82578125 0.8234375 0.20859375 0.35
5 0.9140625 0.628125 0.17109375 0.29296875