5 0.16171875 0.15703125 0.11484375 0.18125
5 0.27890625 0.1328125 0.13671875 0.2296875
5 0.271875 0.33671875 0.1640625 0.21328125
5 0.25625 0.553125 0.15859375 0.2125
5 0.1453125 0.65703125 0.15546875 0.19296875
5 0.3984375 0.525 0.11640625 0.24375
5 0.39765625 0.73671875 0.13828125 0.19453125
5 0.42734375 0.91796875 0.175 0.1640625
5 0.50703125 0.48125 0.1359375 0.2359375
5 0.42265625 0.365625 0.12734375 0.16640625
5 0.40859375 0.1796875 0.09296875 0.153125
5 0.50546875 0.06875 0.13515625 0.1375
5 0.51875 0.2140625 0.14140625 0.2390625
5 0.60859375 0.3640625 0.13203125 0.24609375
5 0.6671875 0.528125 0.12890625 0.2375
5 0.73984375 0.6953125 0.1375 0.2390625
5 0.659375 0.859375 0.1609375 0.2296875
5 0.875 0.66484375 0.1375 0.19921875
5 0.95546875 0.44609375 0.0890625 0.240625
5 0.8828125 0.321875 0.13515625 0.19140625
5 0.76328125 0.3765625 0.11796875 0.20078125
5 0.790625 0.1953125 0.1375 0.1671875
5 0.65 0.16328125 0.16171875 0.203125
5 0.7359375 0.0734375 0.1640625 0.1453125
5 0.8640625 0.06953125 0.14609375 0.1390625