5 0.19375 0.23046875 0.0953125 0.08984375
5 0.24140625 0.2734375 0.0796875 0.08515625
5 0.3171875 0.21171875 0.10078125 0.0796875
5 0.365625 0.2203125 0.06953125 0.0703125
5 0.44921875 0.23125 0.07109375 0.08203125
5 0.50078125 0.23359375 0.059375 0.078125
5 0.54921875 0.24453125 0.0546875 0.07578125
5 0.509375 0.34140625 0.09375 0.12578125
5 0.3578125 0.26796875 0.06328125 0.05625
5 0.32265625 0.30390625 0.08359375 0.065625
5 0.25546875 0.3890625 0.0828125 0.096875
5 0.3359375 0.446875 0.08984375 0.07109375
5 0.4203125 0.56640625 0.16796875 0.10703125
5 0.50390625 0.53203125 0.09296875 0.09453125
5 0.61640625 0.4984375 0.07734375 0.09453125
5 0.58515625 0.653125 0.0765625 0.078125
5 0.4875 0.590625 0.0921875 0.0796875
5 0.44765625 0.6625 0.10390625 0.1
5 0.709375 0.68671875 0.0703125 0.08203125
5 0.51328125 0.7609375 0.1046875 0.084375
5 0.67734375 0.75703125 0.12109375 0.08671875
5 0.8078125 0.75859375 0.078125 0.06484375