5 0.409375 0.2890625 0.125 0.1078125
5 0.39609375 0.21875 0.09453125 0.0703125
5 0.46640625 0.12890625 0.115625 0.11328125
5 0.50625 0.20390625 0.103125 0.09609375
5 0.6125 0.215625 0.1265625 0.11484375
5 0.55625 0.30390625 0.1546875 0.15390625
5 0.590625 0.4265625 0.14921875 0.1265625
5 0.4859375 0.47109375 0.16796875 0.1609375
5 0.3765625 0.3890625 0.1046875 0.11640625
5 0.31484375 0.48125 0.17890625 0.13359375
5 0.38046875 0.5015625 0.09765625 0.09296875
5 0.47265625 0.51171875 0.1421875 0.1171875
5 0.596875 0.5265625 0.16484375 0.16015625
5 0.634375 0.821875 0.14921875 0.12265625
5 0.51640625 0.9078125 0.18515625 0.13203125
5 0.23984375 0.88046875 0.14296875 0.115625
5 0.20703125 0.73125 0.1796875 0.16796875
5 0.8390625 0.75625 0.1390625 0.128125