5 0.60078125 0.340625 0.07265625 0.11328125
5 0.5828125 0.37421875 0.0609375 0.10390625
5 0.61171875 0.4390625 0.0578125 0.11328125
5 0.509375 0.4609375 0.08359375 0.1125
5 0.47109375 0.496875 0.08671875 0.10625
5 0.48515625 0.63671875 0.0828125 0.13671875
5 0.4140625 0.67421875 0.078125 0.1015625
5 0.39140625 0.440625 0.065625 0.1421875
5 0.2703125 0.48203125 0.0625 0.10546875
5 0.3046875 0.5390625 0.05546875 0.10546875
5 0.20390625 0.48046875 0.0421875 0.06953125
5 0.209375 0.68125 0.140625 0.1640625
5 0.1734375 0.69765625 0.09453125 0.1109375
5 0.2609375 0.82578125 0.0921875 0.1046875