5 0.2046875 0.159375 0.0609375 0.0671875
5 0.1875 0.20546875 0.0515625 0.053125
5 0.234375 0.190625 0.05234375 0.05625
5 0.28984375 0.21953125 0.05703125 0.06328125
5 0.08984375 0.27421875 0.046875 0.05859375
5 0.3078125 0.32578125 0.08125 0.08671875
5 0.425 0.3734375 0.06640625 0.0671875
5 0.4953125 0.32109375 0.065625 0.05546875
5 0.51640625 0.24921875 0.05703125 0.034375
5 0.54140625 0.15625 0.03984375 0.03984375
5 0.5625 0.12734375 0.0484375 0.05
5 0.72265625 0.17890625 0.046875 0.06640625
5 0.7421875 0.23046875 0.0484375 0.06875
5 0.7796875 0.31015625 0.05078125 0.06796875
5 0.73125 0.29765625 0.04296875 0.059375
5 0.7203125 0.34609375 0.0421875 0.059375
5 0.42890625 0.37421875 0.07265625 0.06484375
5 0.3234375 0.55078125 0.04375 0.06171875
5 0.446875 0.5359375 0.06328125 0.08359375
5 0.278125 0.71953125 0.06875 0.06953125
5 0.30546875 0.67578125 0.05859375 0.0453125
5 0.42109375 0.6625 0.0953125 0.0609375
5 0.49765625 0.62890625 0.040625 0.053125
5 0.52421875 0.6109375 0.0609375 0.0421875
5 0.8953125 0.8609375 0.05 0.046875
5 0.9515625 0.87734375 0.0640625 0.0546875
5 0.815625 0.8609375 0.0546875 0.05078125
5 0.840625 0.83828125 0.0546875 0.0484375
5 0.69453125 0.85 0.0625 0.06875
5 0.66484375 0.9265625 0.075 0.071875