5 0.34563446875000003 0.7020907859375 0.3718778515625 0.700215196875 0.405619425 0.69458856875 0.4368615703125 0.6645798390625 0.4506080953125 0.617691153125 0.4518577625 0.5389181484375001 0.4381112375 0.49390498281250006 0.380625709375 0.4826517265625 0.3331376109375 0.49953168124999997 0.306894228125 0.5407936671875 0.3093935609375 0.5426692578125001 0.29939613125000003 0.582055725 0.290648275 0.6476998843749999 0.30439489375 0.6927130499999999 0.34563446875000003 0.7020907859375
5 0.4506080953125 0.507033828125 0.486849003125 0.5014071999999999 0.5143420515625 0.43576304062500004 0.518091146875 0.3607411453125 0.49559676562500005 0.2894703578125 0.4481087625 0.25946155625 0.404369759375 0.261337146875 0.37812628125000003 0.2913458765625 0.36562942187499997 0.36824336406249997 0.36188042187499997 0.4320119328125 0.36188042187499997 0.45451851562499995 0.4106181875 0.4826517265625 0.4506080953125 0.507033828125
5 0.22566465 0.7227217796875001 0.27315275 0.7508549906249999 0.30314513125000003 0.7320995156250001 0.288148940625 0.679584346875 0.2843998453125 0.627068890625 0.29564703593749997 0.56330025 0.306894228125 0.5332915203125 0.27565208281250003 0.507033828125 0.229413746875 0.50328271875 0.224414984375 0.51828715625 0.17692688437499998 0.5670515015625 0.1631803609375 0.6289444093750001 0.18067598125 0.672081984375 0.22566465 0.7227217796875001
5 0.458106190625 0.8408813234375 0.46310495312500005 0.82400136875 0.4268640453125 0.7621083171875 0.39562189999999997 0.7264730312500001 0.343135134375 0.7208462609375 0.3093935609375 0.7471038812499999 0.29189803593749997 0.7808637921875 0.34188546875000003 0.8033703750000001 0.40686909218749995 0.8296280671874999 0.458106190625 0.8408813234375
5 0.646808728125 0.8952722265625 0.6555565859375 0.850259059375 0.638060965625 0.7733617171875 0.610567915625 0.7452285062499999 0.559330721875 0.7283484078125 0.5280885765625001 0.739601734375 0.49559676562500005 0.79961919375 0.47435214375 0.8446323609374999 0.50684395625 0.869014534375 0.564329484375 0.880267790625 0.626813775 0.8952722265625 0.646808728125 0.8952722265625
5 0.739285496875 0.81837466875 0.7517823546875 0.782739453125 0.758030784375 0.7208462609375 0.7905225953125 0.6645798390625 0.7792755 0.6026867890625 0.7280383046875001 0.5407936671875 0.68179996875 0.5351670390625001 0.64430939375 0.5501714046874999 0.619315678125 0.5989356796874999 0.6218150125 0.6589532109375 0.6318125359375 0.7133440421875 0.6393106328125 0.7414772546874999 0.6892980640624999 0.7733617171875 0.739285496875 0.81837466875
5 0.619315678125 0.6326956609375001 0.6293132031249999 0.582055725 0.6218150125 0.5407936671875 0.5805754375000001 0.4920294625 0.5280885765625001 0.4826517265625 0.49309743125 0.505158309375 0.4668540484375 0.5426692578125001 0.4593558578125 0.5970600890625 0.4706030484375 0.63082 0.50184519375 0.677708684375 0.5418351968749999 0.6927130499999999 0.6205653453125 0.70396630625 0.619315678125 0.6326956609375001
5 0.6155665828125 0.5239137828125 0.638060965625 0.56330025 0.6693031109375001 0.516411565625 0.6805503015625 0.44889188750000003 0.6668037765625 0.3869988375 0.6505578234375 0.34761229843749997 0.605569153125 0.33635904375000003 0.5693282468749999 0.3532389265625 0.5380861015625 0.396376575 0.523089909375 0.46014514375 0.5380861015625 0.4807762078125 0.5693282468749999 0.4845272453125 0.6155665828125 0.5239137828125
5 0.71429178125 0.49765609062499994 0.744284259375 0.49390498281250006 0.7655288796875 0.4226341953125 0.789272928125 0.396376575 0.83426169375 0.392625465625 0.828013265625 0.332607934375 0.794271690625 0.280092621875 0.7567811171875001 0.26508825625 0.715541446875 0.27821703124999997 0.6755515390625 0.31760356875 0.67180244375 0.375745509375 0.6780508734375 0.4057543109375 0.6805503015625 0.4695228796875 0.71429178125 0.49765609062499994
5 0.8555063140625 0.6214422625 0.8892477937500001 0.5933090515624999 0.8917471265625 0.514536046875 0.8805000312500001 0.4188830859375 0.8167660734375 0.3982520921875 0.7742767374999999 0.4057543109375 0.7505326875 0.4676473625 0.7505326875 0.49765609062499994 0.7505326875 0.5501714046874999 0.769277975 0.5970600890625 0.803019453125 0.623317925 0.8555063140625 0.6214422625
5 1 0.4845272453125 0.959230275 0.4732739890625 0.9267383671875 0.5014071999999999 0.904243984375 0.5445447765625 0.8904975546875 0.56330025 0.9079930796875001 0.6326956609375001 0.9367358906250001 0.6983398203125 0.945483653125 0.7283484078125 1 0.7320995156250001 1 0.4845272453125
5 0.753032021875 0.81649915 0.758030784375 0.8858944890625 0.8130169781250001 0.9159032187499999 0.884249125 0.9215297765624999 0.9192403656250001 0.8915210453125001 0.9417345578124999 0.79586815625 0.9442340828125 0.7208462609375 0.924239034375 0.6570776203124999 0.8792502687500001 0.623317925 0.8442592187500001 0.623317925 0.794271690625 0.6326956609375001 0.7730270703125 0.677708684375 0.7642792125 0.7452285062499999 0.753032021875 0.81649915
5 0.7880232625 0.27446599374999997 0.8130169781250001 0.2819681390625 0.8205150734375 0.212572871875 0.808018215625 0.1431777109375 0.7655288796875 0.11129331875 0.7005452562500001 0.12254660937499999 0.6768012062500001 0.158182003125 0.6643043484375 0.2163239796875 0.6830496359375 0.2500838203125 0.693047159375 0.29322146718750003 0.7367861625 0.26883929375000004 0.7880232625 0.27446599374999997
5 0.6318125359375 0.3382345625 0.6618050156249999 0.3513634078125 0.68679873125 0.31010135 0.698045921875 0.2875947671875 0.6743018734375 0.22570171718749998 0.651807490625 0.20507072499999998 0.609318153125 0.1938174328125 0.605569153125 0.19756850625 0.550582959375 0.2313283453125 0.5430848640625 0.2913458765625 0.5780760093749999 0.3419856703125 0.6318125359375 0.3382345625
5 0.9417345578124999 0.4695228796875 0.9954710859375 0.4882783546875 1 0.25383492812499997 0.9817246562499999 0.2313283453125 0.9217397 0.210697353125 0.8730018390625001 0.251959409375 0.8467585515625 0.3025992046875 0.84175969375 0.31760356875 0.835511265625 0.39074987499999997 0.869252934375 0.4320119328125 0.9154912718749999 0.45076740624999995 0.9417345578124999 0.4695228796875