5 0.33359375 0.28125 0.11640625 0.21015625
5 0.44453125 0.25078125 0.090625 0.21484375
5 0.45546875 0.08671875 0.103125 0.1734375
5 0.5375 0.16171875 0.07890625 0.19140625
5 0.62109375 0.175 0.0703125 0.13203125
5 0.64765625 0.2984375 0.0796875 0.153125
5 0.73359375 0.29609375 0.10859375 0.20859375
5 0.5578125 0.4875 0.0828125 0.15625
5 0.45 0.56953125 0.10859375 0.13828125
5 0.50625 0.70625 0.1109375 0.19921875
5 0.41875 0.7390625 0.1171875 0.16953125
5 0.2828125 0.6640625 0.096875 0.165625
5 0.16171875 0.68359375 0.0828125 0.1453125
5 0.090625 0.58359375 0.0765625 0.12890625
5 0.153125 0.5671875 0.07109375 0.11015625
5 0.13359375 0.4484375 0.06484375 0.1203125
5 0.046875 0.36015625 0.08984375 0.15390625
5 0.196875 0.37265625 0.11484375 0.1875
5 0.1296875 0.3 0.07578125 0.153125
5 0.18828125 0.21015625 0.08828125 0.14609375
5 0.19296875 0.125 0.09609375 0.140625
5 0.84140625 0.70546875 0.07890625 0.1484375
5 0.75390625 0.68515625 0.084375 0.14453125
5 0.75078125 0.4875 0.08671875 0.17421875
5 0.796875 0.40703125 0.06796875 0.15546875
5 0.88984375 0.34765625 0.09453125 0.1828125
5 0.86796875 0.16484375 0.0703125 0.15625
5 0.94609375 0.1859375 0.06484375 0.14765625
5 0.94921875 0.78125 0.08984375 0.21328125
5 0.8125 0.89140625 0.10390625 0.18046875
5 0.69140625 0.95703125 0.09453125 0.08515625
5 0.56015625 0.9234375 0.08515625 0.13046875
5 0.4625 0.9265625 0.1015625 0.13203125
5 0.3734375 0.9 0.12109375 0.19296875
5 0.2953125 0.9484375 0.08359375 0.103125
5 0.29375 0.8625 0.10546875 0.18671875
5 0.2015625 0.90390625 0.0859375 0.14765625