5 0.53203125 0.23515625 0.12734375 0.14765625
5 0.6109375 0.1234375 0.13203125 0.1875
5 0.7125 0.2265625 0.159375 0.24296875
5 0.82421875 0.15078125 0.1796875 0.209375
5 0.9171875 0.2609375 0.125 0.140625
5 0.778125 0.53828125 0.20546875 0.19375
5 0.5640625 0.43203125 0.14453125 0.178125
5 0.5609375 0.5953125 0.1359375 0.178125
5 0.59375 0.78515625 0.12890625 0.1953125
5 0.50078125 0.83359375 0.1546875 0.1453125
5 0.384375 0.76953125 0.13671875 0.159375
5 0.328125 0.5796875 0.14375 0.18515625
5 0.3796875 0.4578125 0.15859375 0.16171875
5 0.3828125 0.25390625 0.115625 0.14375
5 0.33203125 0.128125 0.15078125 0.15390625
5 0.271875 0.23125 0.1140625 0.1359375
5 0.21484375 0.4671875 0.13671875 0.1890625
5 0.19296875 0.66875 0.16328125 0.19765625
5 0.21171875 0.86484375 0.13828125 0.12734375
5 0.1 0.8734375 0.13046875 0.1125
5 0.103125 0.746875 0.153125 0.16796875
5 0.09375 0.59296875 0.115625 0.11484375
5 0.09765625 0.40390625 0.14765625 0.2125
5 0.07421875 0.1453125 0.09765625 0.1234375
5 0.10703125 0.07890625 0.1234375 0.15703125