5 0.1640625 0.1328125 0.0796875 0.07890625
5 0.2359375 0.15078125 0.06328125 0.06484375
5 0.2640625 0.17421875 0.08203125 0.0953125
5 0.29140625 0.2453125 0.0875 0.12421875
5 0.25625 0.30859375 0.0921875 0.11015625
5 0.17578125 0.33828125 0.11875 0.1234375
5 0.09765625 0.303125 0.09453125 0.1078125
5 0.0421875 0.28515625 0.07734375 0.12109375
5 0.0953125 0.45234375 0.08359375 0.0890625
5 0.12421875 0.5078125 0.10390625 0.1125
5 0.14921875 0.59296875 0.09140625 0.1078125
5 0.17265625 0.70078125 0.1125 0.1265625
5 0.221875 0.7484375 0.13359375 0.14375
5 0.07265625 0.81171875 0.11953125 0.1375
5 0.1203125 0.94609375 0.09765625 0.1078125
5 0.23046875 0.94609375 0.14296875 0.1078125
5 0.3890625 0.84921875 0.1296875 0.1625
5 0.46328125 0.775 0.08828125 0.13046875
5 0.39609375 0.63671875 0.09296875 0.10390625
5 0.3484375 0.4046875 0.0984375 0.1109375
5 0.2796875 0.51171875 0.10546875 0.13125
5 0.39140625 0.225 0.0875 0.11328125
5 0.38046875 0.12734375 0.06640625 0.08515625
5 0.38125 0.06015625 0.0546875 0.06328125
5 0.31484375 0.09765625 0.0875 0.0921875
5 0.23125 0.103125 0.0671875 0.0609375
5 0.58203125 0.03515625 0.065625 0.0671875
5 0.69375 0.03671875 0.0578125 0.0703125
5 0.734375 0.07578125 0.0515625 0.07265625
5 0.78984375 0.0796875 0.0984375 0.09765625
5 0.89296875 0.090625 0.084375 0.11171875
5 0.959375 0.1484375 0.071875 0.10625
5 0.91875 0.215625 0.0671875 0.08984375
5 0.89375 0.321875 0.0953125 0.10703125
5 0.82890625 0.3765625 0.11484375 0.1171875
5 0.9046875 0.43359375 0.11328125 0.13046875
5 0.7734375 0.478125 0.12578125 0.1109375
5 0.709375 0.50625 0.0984375 0.0921875
5 0.56171875 0.4296875 0.10234375 0.121875
5 0.546875 0.65703125 0.1265625 0.14375
5 0.67890625 0.61796875 0.084375 0.1078125
5 0.85390625 0.81875 0.1125 0.16328125
5 0.77734375 0.80390625 0.09609375 0.11328125
5 0.63046875 0.84296875 0.140625 0.13203125
5 0.5234375 0.91015625 0.14140625 0.1375
5 0.9625 0.91640625 0.0671875 0.1453125