5 0.916888496875 0.955555615625 0.9148038421875 0.737037040625 0.8064000468750001 0.6185186359375 0.758452353125 0.6851852734375 0.6979963328125 0.77037043125 0.7146738078125 0.9592592625 0.8418398140625 1 0.916888496875 0.955555615625
5 1 0.6111111984375001 0.916888496875 0.4666666984375 0.8543479015625 0.5037037359375 0.8355856906250001 0.5259259015625 0.8209929484374999 0.714814875 0.9127190281249999 0.8444445046875 1 0.8629630234375 1 0.6111111984375001
5 0.9877678703124999 0.2666666421875 0.887702853125 0.259259346875 0.84392446875 0.24814812343749998 0.839755 0.47777778125000003 0.981513746875 0.5296296890625001 1 0.44814817968750004 0.9877678703124999 0.2666666421875
5 0.952328103125 0.08148145625 0.879364075 0.051851856249999995 0.8647713328125001 0.0666667265625 0.8168234796875 0.1222222828125 0.814738825 0.277777865625 0.9585822265624999 0.3259259859375 0.9898525250000001 0.2444444765625 0.952328103125 0.08148145625
5 0.8585172109375 0.2851851609375 0.7980612687499999 0.15555553125 0.73343601875 0.14444444843749998 0.6792342015624999 0.1814814859375 0.6417098593749999 0.340740715625 0.7438594515625 0.42222222656249997 0.8189081343750001 0.4074074953125 0.8585172109375 0.2851851609375
5 0.8689406421875001 0.5037037359375 0.8293315671875 0.3666666703125 0.7876378359375 0.33333342187500004 0.7105044984375 0.322222196875 0.6708954234375 0.4333333078125 0.7188432765625 0.5851852453124999 0.8043153921874999 0.6037037640625 0.8689406421875001 0.5037037359375
5 0.7417747968749999 0.5296296890625001 0.7000810656249999 0.540740771875 0.647963903125 0.5888888921875 0.63337108125 0.73333339375 0.758452353125 0.8222221968750001 0.8126541703125 0.7111110859374999 0.7417747968749999 0.5296296890625001
5 0.6854882453125 0.759259346875 0.595846740625 0.6925925671875001 0.5604070531249999 0.7111110859374999 0.5291367546875 0.7407408281250001 0.45825738125 0.9444445328125 0.59376200625 1 0.7084197640625 0.9740741343750001 0.6854882453125 0.759259346875
5 0.5791692640625 0.3814815421875 0.5270520999999999 0.4148147890625 0.5103745453124999 0.4592592625 0.5291367546875 0.6703706859375 0.6708954234375 0.6777778375 0.66881076875 0.48148156875000003 0.5791692640625 0.3814815421875
5 0.6583873359375 0.2666666421875 0.5604070531249999 0.1703704015625 0.5374755328124999 0.214814875 0.4895276796875 0.3703704578125 0.5979313953125 0.5333333375 0.695911678125 0.5000000874999999 0.6583873359375 0.2666666421875
5 0.6271170374999999 0.06296293750000001 0.5624917078125 0.07777780937499999 0.5395601875 0.22222231093749997 0.6896576343749999 0.3296296328125 0.7167586218750001 0.17407404843750002 0.6271170374999999 0.06296293750000001
5 0.41239434218750004 0.0666667265625 0.3644464875 0.0888888921875 0.42907181874999994 0.30000003125 0.5437295765625 0.274074078125 0.49995111249999996 0.0703703734375 0.41239434218750004 0.0666667265625
5 0.5249673671874999 0.296296384375 0.4520033375 0.200000003125 0.43741051718749996 0.2037037921875 0.3623618328125 0.2037037921875 0.312329325 0.35925923437499996 0.4186483859375 0.4888888640625 0.51662866875 0.4629630515625 0.5249673671874999 0.296296384375
5 0.5020358468749999 0.5481482078125001 0.43532586249999994 0.3925926234375 0.3581924453125 0.45185182656249995 0.291482459375 0.5851852453124999 0.34151496875 0.6814814859375 0.43949525156249997 0.6740740484375001 0.5020358468749999 0.5481482078125001
5 0.5645764421874999 0.6518521671874999 0.49995111249999996 0.55555564375 0.466596159375 0.55185185625 0.4040555640625 0.5629629375 0.3435996234375 0.714814875 0.44783395 0.814814903125 0.5395601875 0.8370373515624999 0.5645764421874999 0.6518521671874999
5 0.41239434218750004 0.7407408281250001 0.3707006109375 0.744444759375 0.312329325 0.7962963843749999 0.2977365828125 0.9444445328125 0.44574929374999994 1 0.5124592796874999 0.92962994375 0.41239434218750004 0.7407408281250001
5 0.2977365828125 0.9962963 0.31858344843749997 0.9111114265625 0.2893978046875 0.7666666421875 0.2581275078125 0.744444759375 0.19141752343750001 0.759259346875 0.0788444984375 0.833333421875 0.072590375 0.918518578125 0.1851634796875 1 0.2977365828125 0.9962963
5 0.3894627421875 0.6925925671875001 0.349853746875 0.59259268125 0.2768897171875 0.55555564375 0.2122643875 0.5666667265625 0.17265539218749998 0.7555555593750001 0.2768897171875 0.8888889765625001 0.3686158765625 0.8851851890625 0.3894627421875 0.6925925671875001
5 0.3373455796875 0.37407410625000004 0.278974371875 0.30000003125 0.2226878203125 0.30000003125 0.174740046875 0.44814817968750004 0.274804984375 0.5851852453124999 0.3519384015625 0.537037125 0.3373455796875 0.37407410625000004
5 0.3581924453125 0.18888892031249999 0.29565184843750003 0.1407408015625 0.226857209375 0.13333336406250001 0.183078825 0.30000003125 0.3019058921875 0.3814815421875 0.356107790625 0.340740715625 0.3581924453125 0.18888892031249999
5 0.168486003125 0.1666667546875 0.11636883906249999 0.1629629671875 0.045489465624999996 0.18888892031249999 0.0017110406250000001 0.314814903125 0.13930035937500002 0.41851857812500004 0.20601034375 0.31851854999999996 0.168486003125 0.1666667546875
5 0.187248134375 0.6259259296875 0.2080949984375 0.4666666984375 0.16223195937499998 0.340740715625 0.11219945 0.322222196875 0.07050572031249999 0.31851854999999996 0.007965125 0.4148147890625 0 0.5666667265625 0.074675109375 0.6629629671874999 0.187248134375 0.6259259296875
5 0.160147225 0.65555553125 0.093437240625 0.6000001171875 0.037150728125 0.6370370125 0 0.8074074671875 0.0642516765625 0.92962994375 0.15389318125 0.8444445046875 0.160147225 0.65555553125