5 0.209375 0.2578125 0.128125 0.11484375
5 0.15703125 0.421875 0.14375 0.22890625
5 0.2921875 0.3921875 0.0984375 0.16640625
5 0.3890625 0.47265625 0.09765625 0.171875
5 0.3078125 0.51484375 0.08359375 0.09140625
5 0.44296875 0.35859375 0.1109375 0.1359375
5 0.49921875 0.4515625 0.11796875 0.16171875
5 0.3546875 0.30859375 0.09140625 0.13046875
5 0.58515625 0.3859375 0.09140625 0.14921875
5 0.49609375 0.321875 0.09765625 0.13828125
5 0.75078125 0.84296875 0.1390625 0.16328125
5 0.72109375 0.55703125 0.0828125 0.13203125
5 0.87578125 0.61640625 0.09453125 0.1421875
5 0.83359375 0.54765625 0.06328125 0.08984375
5 0.84296875 0.34921875 0.08203125 0.121875