5 0.15546875 0.15625 0.1296875 0.20703125
5 0.2859375 0.14453125 0.14765625 0.209375
5 0.2796875 0.33671875 0.153125 0.24453125
5 0.2625 0.55 0.13828125 0.21484375
5 0.15078125 0.65234375 0.11953125 0.17109375
5 0.39921875 0.72890625 0.14453125 0.20078125
5 0.43515625 0.91015625 0.15703125 0.17890625
5 0.66015625 0.865625 0.1609375 0.2109375
5 0.74296875 0.70078125 0.13125 0.19296875
5 0.6703125 0.5578125 0.13359375 0.1875
5 0.50859375 0.5015625 0.128125 0.2140625
5 0.3953125 0.5421875 0.12421875 0.2125
5 0.51875 0.61484375 0.121875 0.196875
5 0.4265625 0.35390625 0.1359375 0.16484375
5 0.415625 0.17109375 0.11875 0.18828125
5 0.51484375 0.21640625 0.15390625 0.26953125
5 0.59765625 0.371875 0.1453125 0.25234375
5 0.884375 0.66171875 0.14375 0.2015625
5 0.76015625 0.3875 0.13125 0.22109375
5 0.88828125 0.3125 0.125 0.24375
5 0.94609375 0.446875 0.10703125 0.228125
5 0.7859375 0.18828125 0.12421875 0.18828125
5 0.65546875 0.15859375 0.16640625 0.1984375
5 0.924938709375 0.40510505781250006 0.9459247218750001 0.3543195890625 0.9517541609375 0.2947780109375 0.947090503125 0.25975356875 0.9109480921875001 0.22823158281249997 0.8468242734375 0.2194754734375 0.842160615625 0.2334852359375 0.82700421875 0.319295146875 0.8386630953124999 0.380587921875 0.8829666828124999 0.41911482031249997 0.924938709375 0.40510505781250006
5 0.7920275015625 0.0618654828125 0.8001886796875001 0.023338615625 0.7931933718749999 0.002324003125 0.6812681765625 0 0.6462915484375 0.021587385937500002 0.6684434312499999 0.08988510937500001 0.7290695515625 0.1301631375 0.72790368125 0.1336656625 0.7733733171875 0.10389483906250001 0.7920275015625 0.0618654828125
5 0.10881736875 0.1424217734375 0.122807984375 0.2089681328125 0.1309692515625 0.24749506718749997 0.17177531875000002 0.27376339843749997 0.21141542656249998 0.25449991562499996 0.2277378703125 0.2072169390625 0.2184108234375 0.1459241640625 0.21374725468750003 0.10389483906250001 0.20023687343750002 0.074819515625 0.16477992187499998 0.065367940625 0.139130428125 0.079377703125 0.1216421140625 0.1056460359375 0.10881736875 0.1424217734375
5 0.1006561015625 0.7028128171875 0.11581267656250001 0.7325835406250001 0.151955175 0.7483447 0.1904295015625 0.741339653125 0.196258940625 0.7203250390625 0.21024955625000002 0.6958080375 0.21141542656249998 0.657281003125 0.206751946875 0.61350045 0.191595371875 0.5872321171875 0.170609359375 0.5627150484375 0.15921687812500002 0.5602704453125 0.13796455937500002 0.5574613296875001 0.10998323750000001 0.5662174390625 0.09949023125 0.5942370343750001 0.088997225 0.6205053656249999 0.0866654859375 0.6537785453125 0.1006561015625 0.7028128171875
5 0.340829025 0.7851202703125 0.35598551093749997 0.811388603125 0.3886303984375 0.8499154359375 0.4259387671875 0.8446618499999999 0.4387635140625 0.8236471046875 0.4574177875 0.7868714671875 0.46557896562499995 0.7448421093750001 0.46091539687500005 0.70106155625 0.44692478125 0.6765444875 0.41894346093749996 0.6432713734375 0.373473825 0.6485248921875 0.3489902015625 0.6730420296874999 0.34199489375000003 0.6993103609375 0.3280041890625 0.7500957625 0.340829025 0.7851202703125
5 0.340829025 0.42086601718749994 0.3489902015625 0.384090378125 0.3594832078125 0.3473146734375 0.3513219421875 0.31229023125 0.33733132499999996 0.28251950937500003 0.32217475156250003 0.256251178125 0.297691128125 0.25449991562499996 0.27320750625 0.2509974578125 0.2510556234375 0.268509678125 0.2324014390625 0.2912756203125 0.2184108234375 0.3280512578125 0.21491312499999998 0.357822046875 0.2219084328125 0.3875928359375 0.239595475 0.4161015109375 0.27437337500000003 0.45413926406250005 0.307018265625 0.45063680625 0.340829025 0.42086601718749994
5 0.2324014390625 0.6397687828125 0.248723884375 0.6555298078125 0.28836408125 0.6502761546875 0.303520565625 0.6275102140625 0.32100888125 0.6064956015625 0.3303360171875 0.5749735499999999 0.3303360171875 0.5399491078125 0.3245065796875 0.5119295796875 0.303520565625 0.4769051375 0.2802028140625 0.45764172187499996 0.2510556234375 0.45413926406250005 0.2277378703125 0.46814902812500003 0.21374725468750003 0.47165148593749995 0.2133564078125 0.47298184374999996 0.20208837812499997 0.5241881484375 0.196258940625 0.5767248109375 0.2090836875 0.61350045 0.2324014390625 0.6397687828125
5 0.2300696984375 0.1879534890625 0.254553321875 0.2299828453125 0.27437337500000003 0.24924626249999998 0.31168183437499997 0.24924626249999998 0.3349995859375 0.24224134687499999 0.3536537703125 0.22122673437499998 0.360649078125 0.1862023265625 0.3618149484375 0.1459241640625 0.3536537703125 0.10914849374999999 0.3303360171875 0.0776265078125 0.2988569984375 0.04785571875 0.27437337500000003 0.04785571875 0.238230878125 0.075875278125 0.2219084328125 0.10039238125000001 0.2172448640625 0.1441729359375 0.2300696984375 0.1879534890625
5 0.369976215625 0.224729125 0.39212800937500003 0.24749506718749997 0.4177775890625 0.2580023734375 0.4515883484375 0.243992609375 0.46324722500000004 0.2002120234375 0.46441309531249997 0.1651875796875 0.46674483437500003 0.12666071406249998 0.456251828125 0.0986412203125 0.4212751984375 0.0776265078125 0.397957446875 0.07412405 0.38979626875 0.075875278125 0.35248789999999997 0.096889925 0.35248789999999997 0.137168053125 0.3594832078125 0.18970471718749998 0.369976215625 0.224729125
5 0.5891630359375 0.9007009046875 0.5996560421875 0.9339741515625001 0.62647149375 0.96899859375 0.6696093000000001 0.97425218125 0.703420059375 0.9637448750000001 0.72790368125 0.919964321875 0.73373311875 0.872681378125 0.73256725 0.8236471046875 0.7232401125 0.7938763828125001 0.698756490625 0.7676079828125 0.6637798625 0.7571008109374999 0.6194760968749999 0.765856921875 0.59032890625 0.7956275765624999 0.5833335984375 0.8411593265624999 0.5868312953125 0.8744325734375 0.5891630359375 0.9007009046875
5 0.9132798328125 0.7641055921875 0.93193410625 0.7255786921875 0.9459247218750001 0.6730420296874999 0.9435929812499999 0.632763934375 0.930768146875 0.6012418828125 0.9132798328125 0.5767248109375 0.8852986015625 0.5627150484375 0.8538194921875 0.564466378125 0.8433265750000001 0.569719896875 0.8404119281250001 0.5653419265624999 0.8165111234375001 0.6012418828125 0.8106816859375 0.6450224343750001 0.8060182062499999 0.6923054453125 0.8188428625 0.713320259375 0.857317190625 0.7535982203125 0.9132798328125 0.7641055921875