5 0.33515625 0.21640625 0.11640625 0.22265625
5 0.4375 0.34765625 0.1296875 0.2796875
5 0.575 0.4 0.08203125 0.153125
5 0.6390625 0.4109375 0.0921875 0.1703125
5 0.578125 0.5984375 0.10703125 0.2078125
5 0.43203125 0.52109375 0.1125 0.184375
5 0.2859375 0.4703125 0.090625 0.25390625
5 0.31015625 0.60703125 0.090625 0.2
5 0.18984375 0.5765625 0.1109375 0.23046875
5 0.1328125 0.76015625 0.13046875 0.22265625
5 0.44296875 0.815625 0.1046875 0.1796875
5 0.5453125 0.76171875 0.1171875 0.20703125
5 0.6453125 0.82734375 0.1078125 0.1984375
5 0.67109375 0.65546875 0.09921875 0.19140625
5 0.75703125 0.78203125 0.09609375 0.18671875