5 0.22109375 0.14609375 0.14609375 0.16796875
5 0.3015625 0.24375 0.171875 0.13671875
5 0.553125 0.26484375 0.184375 0.20078125
5 0.40078125 0.453125 0.17890625 0.2140625
5 0.5265625 0.39296875 0.121875 0.13984375
5 0.52578125 0.5671875 0.24609375 0.19453125
5 0.35 0.7046875 0.2171875 0.165625
5 0.27109375 0.52265625 0.1953125 0.16484375
5 0.17890625 0.8265625 0.16953125 0.10625
5 0.0046875 0.7234375 0.009375 0.034375
5 0.003125 0.7234375 0.00625 0.0328125
5 0.74375 0.30546875 0.15390625 0.2015625
5 0.6515625 0.51953125 0.14765625 0.14609375
5 0.81875 0.53515625 0.1828125 0.15625
5 0.85625 0.8234375 0.16015625 0.1375