5 0.56484375 0.28984375 0.09609375 0.21484375
5 0.4875 0.2703125 0.1046875 0.1953125
5 0.334375 0.22109375 0.13984375 0.25078125
5 0.2609375 0.3296875 0.1171875 0.23671875
5 0.3734375 0.3890625 0.115625 0.1953125
5 0.4140625 0.47890625 0.14140625 0.24375
5 0.52578125 0.478125 0.14375 0.2828125
5 0.534375 0.5859375 0.125 0.2265625
5 0.540625 0.7328125 0.09921875 0.20546875
5 0.471875 0.89375 0.14296875 0.21171875
5 0.61484375 0.840625 0.13359375 0.234375
5 0.6203125 0.89921875 0.16328125 0.2015625
5 0.7515625 0.8453125 0.240625 0.28984375
5 0.86328125 0.81015625 0.1546875 0.24140625
5 0.12265625 0.51171875 0.13515625 0.26328125