5 0.31796875 0.24296875 0.07734375 0.05859375
5 0.3890625 0.25078125 0.0765625 0.05703125
5 0.46015625 0.221875 0.096875 0.0796875
5 0.57890625 0.22734375 0.11640625 0.08203125
5 0.64453125 0.24453125 0.0984375 0.08046875
5 0.6953125 0.29609375 0.078125 0.075
5 0.746875 0.33671875 0.07265625 0.05625
5 0.6625 0.3328125 0.0671875 0.053125
5 0.6140625 0.35625 0.10546875 0.071875
5 0.68359375 0.3921875 0.04765625 0.05
5 0.57109375 0.4046875 0.0875 0.06484375
5 0.51328125 0.45546875 0.12734375 0.0859375
5 0.54609375 0.56171875 0.11171875 0.103125
5 0.465625 0.56640625 0.1078125 0.06328125
5 0.3859375 0.553125 0.1109375 0.0765625
5 0.315625 0.46875 0.10546875 0.075
5 0.2234375 0.5109375 0.1046875 0.0875