5 0.42265625 0.084375 0.1078125 0.134375
5 0.515625 0.0703125 0.090625 0.11484375
5 0.6671875 0.08671875 0.115625 0.15625
5 0.66953125 0.18671875 0.1 0.13828125
5 0.5109375 0.203125 0.1078125 0.13671875
5 0.48828125 0.3234375 0.11171875 0.18984375
5 0.3703125 0.3625 0.1125 0.14296875
5 0.24375 0.41328125 0.11953125 0.14296875
5 0.07734375 0.415625 0.10234375 0.1046875
5 0.1265625 0.321875 0.1125 0.16171875
5 0.16953125 0.5625 0.07265625 0.10859375
5 0.234375 0.77421875 0.13828125 0.171875
5 0.2421875 0.65078125 0.1078125 0.13984375
5 0.3328125 0.71171875 0.0953125 0.128125
5 0.4328125 0.7359375 0.14921875 0.1515625
5 0.58515625 0.67109375 0.20625 0.1546875
5 0.64296875 0.53203125 0.11484375 0.11484375
5 0.72890625 0.48125 0.1109375 0.11640625
5 0.78046875 0.325 0.09921875 0.12890625
5 0.75859375 0.58203125 0.0890625 0.10390625
5 0.8515625 0.75859375 0.08828125 0.10625
5 0.875 0.5828125 0.11171875 0.11484375
5 0.940625 0.871875 0.11796875 0.18046875
5 0.60703125 0.890625 0.1484375 0.1359375
5 0.38515625 0.89296875 0.1046875 0.084375