5 0.421875 0.35546875 0.16015625 0.196875
5 0.33125 0.5484375 0.2 0.2671875
5 0.30390625 0.76484375 0.1953125 0.33046875
5 0.14140625 0.60703125 0.18203125 0.31015625
5 0.07890625 0.40390625 0.14375 0.27890625
5 0.12578125 0.17265625 0.1625 0.29296875
5 0.25 0.321875 0.17265625 0.31953125
5 0.51796875 0.53046875 0.1859375 0.30625
5 0.6859375 0.7046875 0.19140625 0.3109375
5 0.6578125 0.89921875 0.20234375 0.20078125
5 0.5046875 0.77734375 0.1703125 0.23515625
5 0.44296875 0.90546875 0.24921875 0.1890625
5 0.89453125 0.8359375 0.20625 0.29609375
5 0.8859375 0.61015625 0.1953125 0.25546875
5 0.6921875 0.4203125 0.19375 0.25234375
5 0.58125 0.278125 0.16640625 0.21171875
5 0.41171875 0.140625 0.1875 0.2296875
5 0.72734375 0.21171875 0.18046875 0.25546875
5 0.8546875 0.32578125 0.1921875 0.30390625
5 0.89921875 0.16796875 0.1640625 0.246875