5 0.5612944109375 0.34429617343749996 0.58394491875 0.3755345296875 0.59878495 0.41848732499999997 0.6065954859375 0.436058871875 0.615968165625 0.404820515625 0.6214355171875 0.3423437296875 0.6214355171875 0.2818193875 0.6097197125 0.23105696562500003 0.5940986390624999 0.20177097968750002 0.5698859890625 0.197866240625 0.551140690625 0.21153297499999998 0.543330153125 0.21934260156250002 0.532395390625 0.26229539687500003 0.530052265625 0.30329574843749996 0.530052265625 0.3384389171875 0.5378628015625 0.3618677203125 0.5417680703125 0.35210572500000004 0.5612944109375 0.34429617343749996
5 0.50583955625 0.5707745890625 0.5308333078125 0.5668696265625 0.54957860625 0.5629648125 0.571448071875 0.545393265625 0.590193371875 0.5200120921875 0.6003470921875 0.473154484375 0.596441825 0.42043969375 0.5870691453125 0.3813917109375 0.553483875 0.34820091249999996 0.52770908125 0.34429617343749996 0.512088009375 0.367724903125 0.5027153890625 0.369677346875 0.483970090625 0.42434450625000003 0.4808458640625 0.473154484375 0.4808458640625 0.5317264578125 0.50583955625 0.5707745890625
5 0.5027153890625 0.2076282359375 0.48475113125 0.21543778906250002 0.46756797656250004 0.2408189609375 0.46131952343749993 0.28377175625 0.46522479062500005 0.3286769203125 0.482407946875 0.371629715625 0.48958730156249997 0.39066671875000003 0.497247978125 0.365772534375 0.5183364625 0.336486546875 0.533957534375 0.30720056093750003 0.5363006593749999 0.260342953125 0.525365896875 0.21543778906250002 0.5027153890625 0.2076282359375
5 0.398054190625 0.4887736625 0.3941489234375 0.5336788265625 0.40039731562499997 0.580536584375 0.41914261562500005 0.600060575 0.4378879140625 0.5961556125 0.44882267656249997 0.580536584375 0.455852171875 0.5492980796875 0.4589763390625 0.5122024656249999 0.45819529687499994 0.4887736625 0.4355447296875 0.4516781234375 0.4246100265625 0.4438684984375 0.40664576874999997 0.4516781234375 0.398054190625 0.4887736625
5 0.4214858 0.7582047234375 0.4371068734375 0.789443153125 0.46366270781249996 0.7953004859374999 0.47303532812500004 0.76406198125 0.4816269046875 0.7601571671875 0.49568589531249996 0.7367285125 0.497247978125 0.682061203125 0.4878753578125 0.611774790625 0.4722542859375 0.5922508 0.4527279453125 0.5863936171875 0.4316394609375 0.6020127953125 0.42773419375 0.6234892296875 0.423828925 0.6527752171875 0.41445630468749994 0.6703467640625 0.42070475781249994 0.7230615546875 0.4214858 0.7582047234375
5 0.3488477890625 0.7406331765624999 0.3754036234375 0.7601571671875 0.3832141609375 0.77577649375 0.3925867796875 0.8070147015625 0.40586472812499996 0.8226338796875 0.423047884375 0.7718715328125 0.423047884375 0.713299559375 0.4136752640625 0.6605847687499999 0.3886815125 0.6352035953125 0.362906778125 0.6332512265625 0.3449425203125 0.6625372125 0.338694128125 0.70158519375 0.3488477890625 0.7406331765624999
5 0.3543152 0.8597294921874999 0.3660310046875 0.9026823609375001 0.37149835625 0.9104918390625001 0.391024696875 0.8987774734375 0.40039731562499997 0.8792534828124999 0.40820785312499996 0.8480151265625 0.4050836859375 0.8031099625 0.3918057390625 0.7601571671875 0.3722793984375 0.73282355 0.3504099328125 0.7250139984375 0.3340077578125 0.7464905078124999 0.3372680625 0.7565853671875 0.330883590625 0.787490709375 0.326197221875 0.816776771875 0.334788859375 0.8402055 0.3543152 0.8597294921874999
5 0.23950028125 0.6683945437500001 0.23012766093749998 0.715252003125 0.222317125 0.76796671875 0.222317125 0.8109195140625 0.23481397187500003 0.849967496875 0.252778228125 0.8773011125 0.2762098375 0.8968251046875 0.299641446875 0.8851107390624999 0.3183866859375 0.857777121875 0.3293214484375 0.7992051499999999 0.32307305468749997 0.73282355 0.31291933437499997 0.6762040203125 0.2863634984375 0.644965590625 0.26136980625 0.6410607781250001 0.23950028125 0.6683945437500001
5 0.34181829375 0.6391085578125 0.3644688609375 0.615679603125 0.3879004703125 0.5785840656250001 0.39727315 0.4985356578125 0.391024696875 0.4516781234375 0.37149835625 0.42434450625000003 0.334788859375 0.4321541328125 0.31916778749999997 0.4672973015625 0.309014065625 0.525869275 0.31057615 0.5922508 0.3168246015625 0.6352035953125 0.319948828125 0.6371560390625 0.327759365625 0.648870553125 0.34181829375 0.6391085578125
5 0.31760564375 0.2525334015625 0.2910498078125 0.264247765625 0.2676182 0.297438565625 0.265275075 0.330629365625 0.2793340046875 0.38920133749999997 0.299641446875 0.44777331093750006 0.3099143890625 0.48030034375 0.31057615 0.471202115625 0.3379130265625 0.438011315625 0.356658325 0.3813917109375 0.3543152 0.3247721828125 0.33713198437499997 0.26229539687500003 0.31760564375 0.2525334015625
5 0.4011784171875 0.4653448578125 0.40586472812499996 0.4321541328125 0.430077378125 0.4282493203125 0.44726053437499996 0.4555828625 0.45819529687499994 0.42434450625000003 0.4566332125 0.35405816875 0.45350898749999996 0.3267245515625 0.443355265625 0.297438565625 0.433982646875 0.28377175625 0.41601838906250005 0.27986694375 0.39649204843749997 0.299390934375 0.38243311874999997 0.31696255624999997 0.3746225828125 0.3423437296875 0.3699362734375 0.38724889375 0.3685180625 0.42731707500000005 0.38477624375 0.439963684375 0.3988352328125 0.48682129375 0.4011784171875 0.4653448578125
5 0.5519217328125 0.6762040203125 0.5636375359375 0.707442525 0.5745722984375 0.7269665171875 0.59487968125 0.7308711812500001 0.6128439390625 0.7308711812500001 0.63002709375 0.7250139984375 0.6401808156250001 0.707442525 0.6487723937500001 0.6527752171875 0.646429209375 0.5922508 0.6347134046875 0.5629648125 0.6222165578125 0.5512504484375 0.60581444375 0.5375836406250001 0.5933175984375 0.5317264578125 0.5847260203125 0.543440821875 0.5675428046875 0.56101259375 0.5566080421875 0.5902985796875 0.54957860625 0.6293465609375 0.5519217328125 0.6762040203125
5 0.6433050421875001 0.5785840656250001 0.651115578125 0.6020127953125 0.653458703125 0.644965590625 0.66205028125 0.6410607781250001 0.67064191875 0.6234892296875 0.6753282281249999 0.5824888046875001 0.6784524546874999 0.5375836406250001 0.6761092703125 0.4946308453125 0.663612425 0.469249671875 0.6518966203125001 0.46144011875 0.6386186734375 0.4653448578125 0.6237787015625 0.47901166718750005 0.61362498125 0.4946308453125 0.6105007546875 0.5278216437500001 0.61362498125 0.5473456359375 0.62768396875 0.55710763125 0.6433050421875001 0.5785840656250001
5 0.6433050421875001 0.45363049375 0.6628313828125 0.4555828625 0.6698608171875 0.4282493203125 0.6675176921875 0.3911537078125 0.65970715625 0.367724903125 0.6456481671875001 0.35210572500000004 0.6284650109375 0.365772534375 0.614406021875 0.38334415625 0.6042523609375 0.41848732499999997 0.603471259375 0.46144011875 0.61362498125 0.47901166718750005 0.61674920625 0.4829164796875 0.62455974375 0.46339248906249997 0.6433050421875001 0.45363049375
5 0.679233496875 0.506345284375 0.6932924265625 0.5161072796874999 0.7081324578125 0.5141548359375 0.7260967140625 0.506345284375 0.7417177875000001 0.4887736625 0.7495283234375 0.46144011875 0.7581199609375 0.42434450625000003 0.761244128125 0.3774868984375 0.75968204375 0.34429617343749996 0.7557767765625 0.3189149265625 0.7417177875000001 0.2915813828125 0.7292208812500001 0.27986694375 0.7104756421875 0.28377175625 0.6979787953125001 0.2915813828125 0.6847008484375 0.3111053734375 0.6722040015624999 0.3423437296875 0.6675176921875 0.367724903125 0.6698608171875 0.3950585203125 0.6722040015624999 0.4438684984375 0.6745471875 0.471202115625 0.679233496875 0.506345284375
5 0.6987598375 0.21739023125 0.6956356109375 0.17638980625 0.6847008484375 0.14319904375 0.6761092703125 0.11977031406250001 0.663612425 0.10024632343749999 0.653458703125 0.09829384218750001 0.636275546875 0.0963414359375 0.618311290625 0.11196065 0.6065954859375 0.129532309375 0.596441825 0.15491340781250001 0.5917554546875 0.1861518015625 0.59253655625 0.21153297499999998 0.6065954859375 0.24277140468749997 0.6128439390625 0.2564382140625 0.620654475 0.2915813828125 0.6214355171875 0.3189149265625 0.6331513203125 0.330629365625 0.6737660859375 0.3247721828125 0.6807955796875 0.3052481921875 0.692511384375 0.2701049484375 0.6987598375 0.21739023125
5 0.7581199609375 0.3150101875 0.7760840984375 0.266200209375 0.7776463015624999 0.2408189609375 0.7792083843750001 0.21543778906250002 0.7753031171875 0.156865815625 0.77217883125 0.1373418234375 0.7628062109375 0.11391305781250001 0.754995675 0.1041510609375 0.73781251875 0.0963414359375 0.722972546875 0.0904843265625 0.7128188265625 0.0904843265625 0.6987598375 0.1041510609375 0.685481890625 0.13343704843749998 0.6823577234375 0.156865815625 0.6948545703125 0.19005661406250002 0.6971976953125 0.21739023125 0.69173034375 0.2525334015625 0.6909493015625 0.2876765703125 0.6956665 0.2834146359375 0.708913559375 0.2701049484375 0.740155703125 0.2818193875 0.7518715078125 0.2935337515625 0.7581199609375 0.3150101875
5 0.752652490625 0.5297740890625 0.769835765625 0.5297740890625 0.787799903125 0.5512504484375 0.7995157078124999 0.5707745890625 0.8081073453125001 0.5961556125 0.8120126140625 0.6176320484375 0.818261065625 0.615679603125 0.8432547593749999 0.5961556125 0.8549705624999999 0.5844412484375 0.8659052656249999 0.5512504484375 0.865124284375 0.510250096875 0.8580947296874999 0.477059296875 0.8487221109374999 0.436058871875 0.8409115734375 0.4145825109375 0.817479965625 0.398963334375 0.791705171875 0.38920133749999997 0.7776463015624999 0.3911537078125 0.765930496875 0.4106776984375 0.76749258125 0.40677288593750005 0.7565577578125 0.43410650312500004 0.7495283234375 0.4653448578125 0.74640415625 0.506345284375 0.752652490625 0.5297740890625
5 0.7104756421875 0.713299559375 0.7159429937499999 0.73477599375 0.722972546875 0.7582047234375 0.744841953125 0.76796671875 0.7581199609375 0.781633528125 0.7682735625 0.7972527046875 0.778427284375 0.8128718828125001 0.7948294578125 0.8089671453125 0.8057641609375 0.7913955234375 0.8088884468750001 0.7621095359375001 0.8120126140625 0.7269665171875 0.8221663343750001 0.6937755671875 0.8229473171875 0.66448958125 0.8143557984375001 0.6215367859375001 0.8065452625 0.5863936171875 0.7854568375000001 0.5492980796875 0.765930496875 0.5336788265625 0.748747221875 0.5317264578125 0.7237535296875001 0.5512504484375 0.7198482609375 0.55710763125 0.7073514750000001 0.5863936171875 0.692511384375 0.6371560390625 0.6987598375 0.6898707546875 0.7104756421875 0.713299559375
5 0.6315892375 0.7992051499999999 0.6433050421875001 0.8284911359375 0.6503344765625 0.849967496875 0.668298734375 0.8655867484374999 0.6909493015625 0.8733963749999999 0.705008290625 0.8773011125 0.7198482609375 0.8480151265625 0.7237535296875001 0.789443153125 0.7206293625 0.7464905078124999 0.7018840640625 0.70158519375 0.6831387656250001 0.6918231984375 0.6714229609375 0.6898707546875 0.663612425 0.7035375640625 0.6479913515625 0.7113471890625 0.6401808156250001 0.7211091859375001 0.6315892375 0.748442728125 0.6315892375 0.7992051499999999
5 0.5464543796875 0.8402055 0.5503596484375 0.8831583703125 0.575353340625 0.8987774734375 0.5980039078125 0.9007298421875 0.61909233125 0.8987774734375 0.6354945062499999 0.8773011125 0.6308081359375 0.8304435046875 0.62455974375 0.783585971875 0.62768396875 0.754299984375 0.6003470921875 0.7269665171875 0.5956607234375 0.73477599375 0.5628564953125 0.73477599375 0.5503596484375 0.7582047234375 0.547235421875 0.7972527046875 0.5464543796875 0.8402055
5 0.4417931828125 0.7796811578125 0.441012140625 0.8206815093750001 0.455852171875 0.8694914875 0.46053848124999996 0.894872734375 0.4753785125 0.939777825 0.47928378125000004 0.955397078125 0.5042774718749999 0.9143967265624999 0.523022771875 0.9065871 0.533957534375 0.91244435625 0.5378628015625 0.8558247531250001 0.5347385765625 0.8265387656250001 0.530052265625 0.8206815093750001 0.49802902031249996 0.7777287140625 0.4769405953125 0.7601571671875 0.45507107031249994 0.756252503125 0.4417931828125 0.7796811578125
5 0.5347385765625 0.8070147015625 0.5456733390624999 0.7777287140625 0.5628564953125 0.73282355 0.560513309375 0.6898707546875 0.5456733390624999 0.6683945437500001 0.5284901234375 0.6683945437500001 0.5042774718749999 0.6918231984375 0.49646693593749996 0.7191567421875 0.5011532453124999 0.76406198125 0.51443119375 0.8148244015625 0.5308333078125 0.8421578703125 0.5347385765625 0.8070147015625
5 0.4745974109375 0.93782545625 0.46834901718750005 0.90463473125 0.46053848124999996 0.8831583703125 0.42617210937500005 0.8421578703125 0.40976999531249997 0.8480151265625 0.38946261249999997 0.8792534828124999 0.377746809375 0.9319683484375 0.373841540625 0.9768734374999999 0.3722793984375 0.994445059375 0.47381636875 0.992492690625 0.4745974109375 0.93782545625
5 0.32307305468749997 1 0.37306043906249997 0.9983497984374999 0.3754036234375 0.90463473125 0.365249903125 0.8792534828124999 0.3558772828125 0.849967496875 0.34728570625 0.8363007625 0.31604356093749997 0.8265387656250001 0.29495507656250003 0.853872384375 0.28402037343750003 0.890967846875 0.27699087968749997 0.9319683484375 0.27699087968749997 0.9729686984375 0.288706684375 1 0.32307305468749997 1
5 0.2902687671875 1 0.284801415625 0.9710163296875001 0.2855824578125 0.9514923390625001 0.288706684375 0.9280634593749999 0.28245823125 0.9026823609375001 0.2730856109375 0.889015478125 0.256683496875 0.8870631093749999 0.256683496875 0.892920365625 0.23715715624999997 0.8987774734375 0.22622239375 0.9085394687499999 0.216068671875 0.9339207171874999 0.206696053125 0.9632067031249999 0.2059150109375 0.994445059375 0.216068671875 1 0.2512160859375 1 0.2691803421875 1 0.2902687671875 1
5 0.5269280390625 1 0.547235421875 0.9983497984374999 0.5464543796875 0.9671114421875 0.543330153125 0.939777825 0.5355196171875 0.920253834375 0.525365896875 0.9104918390625001 0.508182740625 0.91244435625 0.494904853125 0.918301465625 0.4831890484375 0.9475874515625 0.4808458640625 0.9651590734375001 0.4785026796875 1 0.494904853125 1 0.5269280390625 1
5 0.6323702796874999 1 0.6339323625 0.9768734374999999 0.62768396875 0.961254334375 0.61674920625 0.93782545625 0.601128134375 0.920253834375 0.586288103125 0.9085394687499999 0.5638305625 0.9321951234375 0.551140690625 0.9729686984375 0.547235421875 1 0.5698859890625 1 0.6089386703125 1 0.6175302484375 1 0.6323702796874999 1
5 0.6784524546874999 1 0.705789271875 0.9983497984374999 0.7065703734375 0.9768734374999999 0.7042271890625 0.9475874515625 0.696416653125 0.9163490953125001 0.68391980625 0.9007298421875 0.6690797765625 0.9007298421875 0.6542397453125 0.9065871 0.646429209375 0.9163490953125001 0.63707275 0.9590243921875 0.6284650109375 0.9983497984374999 0.6393997734375 1 0.6487723937500001 1 0.6784524546874999 1
5 0.793267375 1 0.7971726421875001 0.9866354328125 0.7956104390625 0.9436827125 0.7909241890625001 0.90463473125 0.7768652 0.8851107390624999 0.765930496875 0.8851107390624999 0.750309425 0.8851107390624999 0.7253156140625 0.9085394687499999 0.7159429937499999 0.9300158296875001 0.7104756421875 0.9632067031249999 0.7096945406249999 0.9768734374999999 0.7073514750000001 1 0.714380909375 1 0.730783084375 1 0.7635873125 1 0.793267375 1
5 0.7300019828125001 0.9007298421875 0.7432798703125 0.8831583703125 0.7682735625 0.8851107390624999 0.7760840984375 0.8792534828124999 0.778427284375 0.8480151265625 0.7760840984375 0.8187291406250001 0.7628062109375 0.7953004859374999 0.74640415625 0.783585971875 0.7300019828125001 0.7796811578125 0.730783084375 0.7913955234375 0.730783084375 0.8265387656250001 0.7221914468749999 0.8616818609375001 0.7065703734375 0.8733963749999999 0.703446146875 0.9026823609375001 0.705008290625 0.9456350812500001 0.712037725 0.9534447078125 0.7221914468749999 0.9222063515625001 0.7300019828125001 0.9007298421875
5 0.847941128125 1 0.8557516640625 0.97882580625 0.8619999984375 0.9280634593749999 0.8619999984375 0.8870631093749999 0.8596569328125 0.8421578703125 0.847941128125 0.8109195140625 0.8331010375 0.7933479671875 0.8120126140625 0.7972527046875 0.7948294578125 0.8109195140625 0.7854568375000001 0.8284911359375 0.7823325515625 0.853872384375 0.7838946359375 0.9065871 0.7823325515625 0.9163490953125001 0.793267375 0.920253834375 0.798734725 0.94173034375 0.798734725 0.9846830640625001 0.8018588921875001 1 0.8073262437500001 1 0.8284147875000001 1 0.847941128125 1
5 0.9486969984375 0.9846830640625001 0.9463538140625 0.926111090625 0.939324378125 0.9026823609375001 0.9252653890625 0.8773011125 0.9073011328125 0.87144385625 0.8924611609375 0.87144385625 0.8752780046874999 0.8987774734375 0.865124284375 0.94173034375 0.8635622 0.9632067031249999 0.8643431828124999 0.9866354328125 0.90183378125 1 0.92838955625 0.9983497984374999 0.9424485453125 0.992492690625 0.9486969984375 0.9846830640625001
5 1 0.918301465625 0.9986843828125 0.9143967265624999 0.9768149765624999 0.91244435625 0.9611939046875 0.9222063515625001 0.9565075343749999 0.9358730859375 0.9485961875 0.9760975625 0.9408864625 1 1 1 1 0.918301465625
5 0.9611939046875 0.8636343796875 0.9744717921875001 0.816776771875 0.97993914375 0.7718715328125 0.9815012265625 0.7269665171875 0.97993914375 0.7113471890625 0.947134915625 0.666442025 0.9268274734374999 0.6762040203125 0.9112064 0.6918231984375 0.9010526796875 0.7250139984375 0.8932421421875001 0.7699191625 0.8901179765625 0.8070147015625 0.8916800593750001 0.8480151265625 0.8963664296875 0.87144385625 0.91042541875 0.8675391187500001 0.9322948249999999 0.8851107390624999 0.943229646875 0.889015478125 0.9494781 0.8870631093749999 0.9611939046875 0.8636343796875
5 0.8932421421875001 0.80115751875 0.8948043453125001 0.76406198125 0.8979285125 0.7386807328125 0.8877747906250001 0.7191567421875 0.8635622 0.6937755671875 0.841692675 0.680108759375 0.82450951875 0.682061203125 0.8104505296875001 0.713299559375 0.798734725 0.754299984375 0.8010779109374999 0.80115751875 0.8190420484375001 0.7933479671875 0.8471600265625 0.80115751875 0.8596569328125 0.8323958749999999 0.8612190156249999 0.87534874375 0.865124284375 0.9007298421875 0.8784021718749999 0.8792534828124999 0.8916800593750001 0.8694914875 0.895585328125 0.8284911359375 0.8932421421875001 0.80115751875
5 0.8807453562499999 0.70158519375 0.895585328125 0.7367285125 0.9010526796875 0.7054900078124999 0.9244842875 0.66448958125 0.9338570265625 0.63129878125 0.933075925 0.6020127953125 0.9190169359375 0.5688220703125 0.8963664296875 0.55710763125 0.8752780046874999 0.55710763125 0.8619999984375 0.580536584375 0.8573137484375 0.6078700515625 0.8448168421875 0.6352035953125 0.8432547593749999 0.6683945437500001 0.84559794375 0.682061203125 0.856532646875 0.682061203125 0.8807453562499999 0.70158519375
5 0.41445630468749994 0.21543778906250002 0.4050836859375 0.18029461875 0.387119428125 0.14710381875 0.3722793984375 0.14319904375 0.34728570625 0.160770628125 0.326197221875 0.2076282359375 0.32541617968750003 0.2349617796875 0.34338043749999997 0.2759622046875 0.351972015625 0.3111053734375 0.369155171875 0.3462485421875 0.38243311874999997 0.3111053734375 0.404302584375 0.2818193875 0.41523734687499997 0.25448577031249997 0.41445630468749994 0.21543778906250002
5 0.41523734687499997 0.20958060625 0.41211312031249997 0.2388665921875 0.41914261562500005 0.28377175625 0.441012140625 0.27986694375 0.45819529687499994 0.26229539687500003 0.46678687500000005 0.2037234234375 0.46756797656250004 0.17443740000000002 0.46756797656250004 0.160770628125 0.45429002812499997 0.0651030796875 0.4417931828125 0.0494838640625 0.4246100265625 0.04167435 0.40664576874999997 0.0475314953125 0.39649204843749997 0.061198340625 0.387119428125 0.08072233281249999 0.387119428125 0.1353894171875 0.39336788125 0.156865815625 0.40664576874999997 0.1783422875 0.41523734687499997 0.20958060625
5 0.221536084375 0.56101259375 0.2426245078125 0.56101259375 0.269961384375 0.545393265625 0.284801415625 0.5375836406250001 0.2926119515625 0.48486884999999996 0.2902687671875 0.44191612812500003 0.2793340046875 0.39701088906250004 0.2543403125 0.37943934218750003 0.23168974531250003 0.38724889375 0.2129444453125 0.41848732499999997 0.19732340312500002 0.46339248906249997 0.1988854859375 0.5141548359375 0.2098202796875 0.5473456359375 0.221536084375 0.56101259375
5 0.22778447656249998 0.299390934375 0.2254413515625 0.24667621875 0.21763081562500003 0.21348541875 0.20825813593750003 0.20177097968750002 0.1840454859375 0.2056757921875 0.1707675671875 0.21543778906250002 0.158270721875 0.2486285875 0.1504601859375 0.2818193875 0.15124122812500002 0.3228197390625 0.1590517640625 0.3599153515625 0.1660812578125 0.3774868984375 0.19498021875 0.40872532812499995 0.2184118578125 0.38724889375 0.23012766093749998 0.3579629078125 0.22778447656249998 0.299390934375
5 0.09734851562499999 0.6410607781250001 0.11921804062500001 0.648870553125 0.1348391125 0.6508227734375 0.1551464953125 0.6722992078125001 0.1645191453125 0.687918534375 0.17389179375 0.648870553125 0.180921259375 0.615679603125 0.180921259375 0.574679253125 0.17232968125 0.543440821875 0.158270721875 0.52391683125 0.14811700156250002 0.508297653125 0.1465549171875 0.5122024656249999 0.11843696875000001 0.506345284375 0.10594012343749999 0.5492980796875 0.098910628125 0.5883460609375 0.09734851562499999 0.6410607781250001
5 0.0770411328125 0.80506248125 0.09422431875000001 0.8206815093750001 0.1035969671875 0.8480151265625 0.12937173125 0.853872384375 0.14811700156250002 0.8402055 0.1645191453125 0.8109195140625 0.1668623 0.7777287140625 0.1660812578125 0.7230615546875 0.1598328046875 0.687918534375 0.1449928046875 0.666442025 0.12234223749999999 0.648870553125 0.10672116406250001 0.6625372125 0.09422431875000001 0.6898707546875 0.080165359375 0.7269665171875 0.07782217500000001 0.7621095359375001 0.0770411328125 0.80506248125
5 0.095005359375 1 0.10984539062500001 0.939777825 0.10906431875 0.8987774734375 0.1020348546875 0.8441103890624999 0.0817274421875 0.8109195140625 0.0715737515625 0.8031099625 0.0528284828125 0.7992051499999999 0.0340831828125 0.8265387656250001 0.0137758015625 0.8597294921874999 0.010651575 0.890967846875 0.011432615625 0.9339207171874999 0.0122136875 0.9846830640625001 0.023929492187500002 1 0.050485296874999995 1 0.0715737515625 1 0.095005359375 1
5 0.19654233125 0.9885878031249999 0.195761290625 0.9358730859375 0.187950753125 0.8773011125 0.175453878125 0.849967496875 0.1442117328125 0.8343483921875 0.11687485625 0.8773011125 0.10906431875 0.9514923390625001 0.10906431875 0.992492690625 0.16920545468749998 1 0.19654233125 0.9885878031249999
5 0.533957534375 0.2486285875 0.5503596484375 0.21934260156250002 0.5675428046875 0.2076282359375 0.5737912578125 0.17638980625 0.5698859890625 0.127579828125 0.5519217328125 0.088531846875 0.532395390625 0.08072233281249999 0.519117503125 0.0904843265625 0.50583955625 0.1080558375 0.49646693593749996 0.13929430468749998 0.49256166874999996 0.1861518015625 0.498400875 0.20536585624999998 0.5042774718749999 0.20958060625 0.5198985453125 0.21739023125 0.533957534375 0.2486285875
5 0.8580947296874999 0.4672973015625 0.874496903125 0.49072610625 0.8846506249999999 0.47901166718750005 0.9010526796875 0.45363049375 0.8971474109375001 0.436058871875 0.9002716968750001 0.3911537078125 0.8994905953125001 0.3423437296875 0.8862127078125001 0.3052481921875 0.8713727375 0.2876765703125 0.8580947296874999 0.2896289390625 0.83778740625 0.297438565625 0.826071603125 0.3247721828125 0.8229473171875 0.35405816875 0.8284147875000001 0.38920133749999997 0.841692675 0.40872532812499995 0.8549705624999999 0.439963684375 0.8580947296874999 0.4672973015625
5 0.826852584375 0.37943934218750003 0.82450951875 0.3599153515625 0.82919576875 0.334534178125 0.8362253234375 0.3228197390625 0.8323200546875 0.30720056093750003 0.8213852328125 0.2857242 0.8018588921875001 0.268152578125 0.7846757359375001 0.266200209375 0.7682735625 0.27791457343750003 0.75968204375 0.3189149265625 0.761244128125 0.367724903125 0.7628062109375 0.39701088906250004 0.7838946359375 0.3950585203125 0.8096694281250001 0.39701088906250004 0.826071603125 0.40286814687500005 0.826852584375 0.37943934218750003
5 0.9971222984375 0.6430132203125 1 0.45363049375 0.98853078125 0.43020168906249995 0.9658801546875001 0.41848732499999997 0.9447917296874999 0.4223921375 0.9291706578125 0.4458208671875 0.9205790203124999 0.47510685312499995 0.9158927703125 0.543440821875 0.9182359546875001 0.5707745890625 0.9362000921875 0.6371560390625 0.9486969984375 0.6605847687499999 0.9768149765624999 0.6527752171875 0.9971222984375 0.6430132203125
5 0.1535843828125 0.8460627578125001 0.1668623 0.8597294921874999 0.182483371875 0.8870631093749999 0.206696053125 0.8558247531250001 0.222317125 0.8206815093750001 0.2168497140625 0.789443153125 0.219973940625 0.7367285125 0.2207549828125 0.6937755671875 0.201228671875 0.6840135734375 0.18560759843750002 0.6937755671875 0.16734618750000002 0.7248780499999999 0.16920545468749998 0.77577649375 0.1707675671875 0.8206815093750001 0.1535843828125 0.8460627578125001
5 0.08250851406250001 0.7035375640625 0.095005359375 0.6176320484375 0.0856327109375 0.576631621875 0.069230596875 0.5707745890625 0.050485296874999995 0.5844412484375 0.031740028125 0.6234892296875 0.022367378125 0.680108759375 0.030958956250000003 0.7093947453125 0.0473611015625 0.7425855453125 0.06220110156250001 0.7601571671875 0.0575147921875 0.773823975 0.0676684828125 0.7464905078124999 0.08250851406250001 0.7035375640625
5 0.19419917656250002 0.5122024656249999 0.1981044453125 0.459487675 0.19654233125 0.41263014218749994 0.175453878125 0.398963334375 0.158270721875 0.40872532812499995 0.143430690625 0.4516781234375 0.14390868750000002 0.4980487828125 0.16217599062500002 0.5297740890625 0.1731107234375 0.539536084375 0.19419917656250002 0.5122024656249999
5 0.2691803421875 0.648870553125 0.284801415625 0.646918034375 0.3074519828125 0.6781565390625001 0.3074519828125 0.6566800296874999 0.3035467140625 0.6195845656250001 0.29495507656250003 0.5961556125 0.284801415625 0.5688220703125 0.27777192031250003 0.559060075 0.255121353125 0.56101259375 0.2402813234375 0.5707745890625 0.23012766093749998 0.59420324375 0.22622239375 0.6430132203125 0.23012766093749998 0.6722992078125001 0.23715715624999997 0.682061203125 0.2574645390625 0.6586325484375 0.2691803421875 0.648870553125
5 0.27699087968749997 0.330629365625 0.287144540625 0.2935337515625 0.309014065625 0.266200209375 0.31760564375 0.24667621875 0.3121382921875 0.21934260156250002 0.29495507656250003 0.1998186109375 0.2785529625 0.192008984375 0.26371293125 0.19005661406250002 0.2488729609375 0.2076282359375 0.23950028125 0.2369142234375 0.24106242500000002 0.27986694375 0.24809185937499997 0.3189149265625 0.256683496875 0.34820091249999996 0.2676182 0.367724903125 0.2691803421875 0.3755345296875 0.27386665312499997 0.369677346875 0.27699087968749997 0.330629365625
5 0.8487221109374999 0.2896289390625 0.8705916359374999 0.2857242 0.8799642546875001 0.297438565625 0.8924611609375 0.31696255624999997 0.8987096140625 0.2818193875 0.8979285125 0.22715222656249998 0.8869938093749999 0.1881042453125 0.874496903125 0.15491340781250001 0.8619999984375 0.13929430468749998 0.8424736578124999 0.1412466375 0.826071603125 0.15491340781250001 0.8159178812500001 0.1783422875 0.8120126140625 0.20177097968750002 0.8120126140625 0.23105696562500003 0.8159178812500001 0.264247765625 0.826071603125 0.3091529296875 0.835444221875 0.30720056093750003 0.8487221109374999 0.2896289390625
5 0.187950753125 0.2037234234375 0.206696053125 0.20177097968750002 0.2168497140625 0.20958060625 0.2293466203125 0.23105696562500003 0.23950028125 0.193961428125 0.24106242500000002 0.1666278109375 0.23325188749999998 0.123675053125 0.2230981671875 0.09829384218750001 0.20435286718749998 0.074865075 0.1926370640625 0.0709603359375 0.17232968125 0.07291266874999999 0.1653001859375 0.07681744375 0.15202226875 0.0963414359375 0.1442117328125 0.1178178328125 0.13952542343750002 0.15100863281250002 0.13952542343750002 0.1783422875 0.143430690625 0.21348541875 0.1496791140625 0.2369142234375 0.1590517640625 0.2505809578125 0.17389179375 0.21543778906250002 0.187950753125 0.2037234234375
5 0.1410875359375 0.439963684375 0.1535843828125 0.41263014218749994 0.16920545468749998 0.38724889375 0.1653001859375 0.3755345296875 0.1598328046875 0.3560105390625 0.15124122812500002 0.3091529296875 0.15748964999999998 0.2564382140625 0.1442117328125 0.2251997828125 0.132495928125 0.21934260156250002 0.104378009375 0.22324741406249998 0.0895379796875 0.2349617796875 0.0793842875 0.2525334015625 0.07235482343750001 0.2915813828125 0.07235482343750001 0.3403913609375 0.07782217500000001 0.38334415625 0.0856327109375 0.4145825109375 0.09969170000000001 0.4438684984375 0.10672116406250001 0.4672973015625 0.1356201546875 0.46144011875 0.1410875359375 0.439963684375
5 0.019243153125000002 0.6527752171875 0.034864225 0.6215367859375001 0.0575147921875 0.5922508 0.065325328125 0.5844412484375 0.058295834375 0.5532028171875 0.041112678125 0.5336788265625 0.020805265625 0.545393265625 0.0028410375 0.5512504484375 0.0004978828125000001 0.5922508 0.004403151562500001 0.6332512265625 0.019243153125000002 0.6527752171875
5 0.10672116406250001 0.539536084375 0.1160938140625 0.5141548359375 0.1348391125 0.4946308453125 0.13093384531250002 0.4829164796875 0.10984539062500001 0.46144011875 0.095005359375 0.469249671875 0.08250851406250001 0.4946308453125 0.07391690625 0.52391683125 0.0735961875 0.5760975625 0.095005359375 0.6039652390625 0.098910628125 0.5707745890625 0.10672116406250001 0.539536084375