5 0.1890625 0.09296875 0.153125 0.17109375
5 0.4046875 0.27421875 0.14140625 0.33828125
5 0.5078125 0.15859375 0.08515625 0.1703125
5 0.58515625 0.23359375 0.09765625 0.21640625
5 0.79765625 0.371875 0.1609375 0.3125
5 0.659375 0.49765625 0.1703125 0.2828125
5 0.59765625 0.72109375 0.134375 0.30390625
5 0.4328125 0.76484375 0.18359375 0.33203125
5 0.2640625 0.909375 0.17890625 0.18125
5 0.28125 0.75390625 0.14140625 0.2234375
5 0.3265625 0.54140625 0.14296875 0.21640625
5 0.31484375 0.16328125 0.15234375 0.2984375
5 0.1671875 0.31640625 0.13359375 0.22421875
5 0.23671875 0.496875 0.12421875 0.240625
5 0.0578125 0.17421875 0.115625 0.3359375
5 0.06875 0.47734375 0.1375 0.2578125
5 0.053125 0.70625 0.10625 0.27265625
5 0.153125 0.73515625 0.10625 0.30859375
5 0.72734375 0.8875 0.1828125 0.225
5 0.834375 0.74765625 0.12265625 0.225
5 0.85546875 0.5265625 0.14375 0.1953125
5 0.94453125 0.6859375 0.11015625 0.2875
5 0.91953125 0.89609375 0.15703125 0.2078125
5 0.878125 0.18515625 0.1625 0.31953125
5 0.68359375 0.0734375 0.1421875 0.146875
5 0.46953125 0.06875 0.13125 0.10546875