5 0.48828125 0.8640625 0.18125 0.271875
5 0.1234375 0.840625 0.2203125 0.3078125
5 0.21875 0.70390625 0.165625 0.28203125
5 0.15703125 0.42578125 0.16640625 0.22421875
5 0.27578125 0.2765625 0.14296875 0.19140625
5 0.20625 0.09765625 0.16015625 0.16796875
5 0.396875 0.15 0.14765625 0.1890625
5 0.5125 0.1265625 0.1484375 0.2
5 0.67109375 0.1484375 0.1765625 0.2296875
5 0.790625 0.16796875 0.13515625 0.2125
5 0.825 0.2625 0.1578125 0.23203125
5 0.86875 0.41796875 0.15390625 0.20078125
5 0.9421875 0.5109375 0.115625 0.17421875
5 0.7421875 0.35625 0.1390625 0.1859375
5 0.609375 0.41484375 0.1859375 0.2078125
5 0.459375 0.46015625 0.17578125 0.18046875