5 0.353125 0.13359375 0.07421875 0.0703125
5 0.4546875 0.1234375 0.065625 0.0671875
5 0.58203125 0.15 0.0703125 0.05703125
5 0.5671875 0.20625 0.071875 0.07109375
5 0.63359375 0.21328125 0.06328125 0.05859375
5 0.440625 0.1796875 0.046875 0.04296875
5 0.43984375 0.2421875 0.04921875 0.06171875
5 0.39765625 0.27265625 0.05859375 0.05859375
5 0.5078125 0.34921875 0.0578125 0.05703125
5 0.48203125 0.5171875 0.05546875 0.0515625
5 0.43125 0.578125 0.05546875 0.053125
5 0.45234375 0.65078125 0.04453125 0.06171875
5 0.4390625 0.70703125 0.0296875 0.06328125
5 0.40625 0.73515625 0.0390625 0.046875
5 0.446875 0.7671875 0.03828125 0.05546875
5 0.46953125 0.77890625 0.05234375 0.0625
5 0.48515625 0.73125 0.0390625 0.04453125
5 0.52265625 0.82109375 0.0484375 0.06015625
5 0.46875 0.88984375 0.05859375 0.06640625
5 0.40234375 0.840625 0.06328125 0.065625
5 0.39375 0.8890625 0.0421875 0.05078125
5 0.38359375 0.77109375 0.06015625 0.0640625
5 0.31484375 0.68515625 0.05546875 0.05859375
5 0.32578125 0.6265625 0.0515625 0.065625
5 0.25703125 0.625 0.05859375 0.06953125
5 0.24609375 0.5671875 0.0765625 0.0578125
5 0.25546875 0.5265625 0.06484375 0.03671875
5 0.66328125 0.478125 0.07421875 0.07578125
5 0.65625 0.55859375 0.05625 0.065625
5 0.66640625 0.64375 0.05 0.0484375
5 0.5953125 0.63359375 0.06171875 0.07890625
5 0.6296875 0.684375 0.0640625 0.06015625
5 0.6765625 0.7796875 0.0828125 0.1046875
5 0.63203125 0.7484375 0.06953125 0.06484375
5 0.6734375 0.74375 0.04609375 0.05078125
5 0.71796875 0.71015625 0.06015625 0.06953125
5 0.78828125 0.621875 0.05 0.0609375