5 0.37265625 0.2609375 0.1 0.11484375
5 0.265625 0.115625 0.09765625 0.121875
5 0.22734375 0.0484375 0.09296875 0.096875
5 0.0890625 0.0578125 0.1140625 0.10546875
5 0.090625 0.1796875 0.08125 0.09609375
5 0.15 0.19296875 0.0953125 0.1109375
5 0.19921875 0.278125 0.10078125 0.11484375
5 0.22265625 0.36171875 0.08671875 0.0984375
5 0.12890625 0.34375 0.0765625 0.08515625
5 0.06953125 0.42109375 0.06015625 0.1046875
5 0.0640625 0.534375 0.1015625 0.0734375
5 0.028125 0.58671875 0.0546875 0.10859375
5 0.11796875 0.63125 0.0984375 0.12421875
5 0.21484375 0.63359375 0.0859375 0.140625
5 0.31171875 0.62890625 0.078125 0.12578125
5 0.38203125 0.6 0.0515625 0.12734375
5 0.4953125 0.62265625 0.10078125 0.11015625
5 0.58515625 0.56796875 0.08828125 0.11484375
5 0.640625 0.5125 0.07265625 0.1
5 0.50703125 0.35 0.090625 0.1453125
5 0.43359375 0.340625 0.078125 0.12265625
5 0.3328125 0.42265625 0.07734375 0.11171875
5 0.24140625 0.5109375 0.1125 0.11015625
5 0.1515625 0.5171875 0.08046875 0.10078125
5 0.29921875 0.45703125 0.08125 0.08125
5 0.4078125 0.49765625 0.065625 0.1359375
5 0.50390625 0.53515625 0.065625 0.11796875
5 0.6640625 0.43671875 0.07265625 0.096875
5 0.60546875 0.29296875 0.075 0.11015625
5 0.68125 0.27421875 0.09140625 0.1375
5 0.5390625 0.1578125 0.10390625 0.12265625
5 0.4234375 0.1671875 0.1 0.09296875
5 0.371875 0.12265625 0.08984375 0.10078125