5 0.609375 0.31875 0.05078125 0.10625
5 0.703125 0.3140625 0.065625 0.13046875
5 0.70859375 0.37890625 0.04453125 0.1234375
5 0.63828125 0.42421875 0.059375 0.09453125
5 0.72578125 0.50703125 0.05625 0.1234375
5 0.60234375 0.60703125 0.0734375 0.14921875
5 0.65859375 0.66484375 0.090625 0.14375
5 0.6671875 0.7921875 0.12578125 0.1421875
5 0.5828125 0.73046875 0.10078125 0.15546875
5 0.59296875 0.83203125 0.078125 0.11640625
5 0.44921875 0.7875 0.128125 0.15859375
5 0.384375 0.68125 0.090625 0.12109375
5 0.2875 0.77109375 0.115625 0.1390625
5 0.125 0.65859375 0.08515625 0.1734375
5 0.25234375 0.5796875 0.09765625 0.17421875
5 0.19453125 0.3171875 0.06875 0.13359375