5 0.33515625 0.3015625 0.09921875 0.12421875
5 0.43828125 0.33203125 0.1296875 0.1515625
5 0.5109375 0.33359375 0.10234375 0.12890625
5 0.596875 0.33359375 0.10234375 0.12890625
5 0.690625 0.38203125 0.08046875 0.10625
5 0.72578125 0.31796875 0.07890625 0.1109375
5 0.79296875 0.27890625 0.0953125 0.1390625
5 0.8703125 0.3421875 0.059375 0.10390625
5 0.74140625 0.4109375 0.0625 0.090625
5 0.81171875 0.4921875 0.071875 0.121875
5 0.8703125 0.51484375 0.07265625 0.13203125
5 0.72734375 0.52265625 0.06640625 0.12265625
5 0.76015625 0.603125 0.096875 0.1203125
5 0.84296875 0.61796875 0.07421875 0.12421875
5 0.75859375 0.7953125 0.09609375 0.12109375
5 0.64609375 0.63671875 0.08359375 0.12421875
5 0.56953125 0.565625 0.06015625 0.0921875
5 0.5 0.49296875 0.09609375 0.13125
5 0.46171875 0.54609375 0.08515625 0.11015625
5 0.52578125 0.62578125 0.1359375 0.13984375
5 0.5359375 0.725 0.0890625 0.10859375
5 0.5453125 0.8625 0.08984375 0.11015625
5 0.59375 0.83046875 0.07109375 0.11328125
5 0.39296875 0.8921875 0.09921875 0.109375
5 0.31875 0.86796875 0.0796875 0.0953125
5 0.2578125 0.671875 0.1015625 0.15625
5 0.20859375 0.55546875 0.09375 0.15
5 0.25 0.44609375 0.11484375 0.14921875
5 0.3265625 0.28671875 0.08984375 0.1296875