5 0.338075453125 0.31688887656250003 0.336296546875 0.20488889062500001 0.2509077328125 0.18888896718749998 0.19220297343749998 0.21733335 0.13705609375 0.3079999859375 0.2135501765625 0.40755558281250004 0.3060546796875 0.3613333203125 0.338075453125 0.31688887656250003
5 0.6120310828125 0.3222222640625 0.578231340625 0.23155555625000002 0.473274296875 0.20488889062500001 0.371875196875 0.26000004374999997 0.35942265624999997 0.414666653125 0.508852946875 0.47155555624999995 0.5764524328125 0.44666670937499997 0.6120310828125 0.3222222640625
5 0.700977640625 0.21022224375 0.63515719375 0.17111118593750002 0.58890490625 0.19600000312500002 0.542652690625 0.26000004374999997 0.6120310828125 0.34000004375000004 0.71343025 0.29733335 0.700977640625 0.21022224375
5 0.8539659468749999 0.3471111140625 0.7988189296875 0.2582222234375 0.72054600625 0.2475555828125 0.67963050625 0.334666653125 0.7543456171875 0.42177779375 0.7703560359375 0.45200002968749997 0.8539659468749999 0.3471111140625
5 0.9073339203125 0.3720000296875 0.859302659375 0.331111153125 0.8094926328125001 0.3595555703125 0.7650193203125 0.4306666828125 0.85752375625 0.4608889171875 0.9073339203125 0.4768888765625 0.9073339203125 0.3720000296875
5 0.9197863937499999 0.6688889296875 0.9500281906250001 0.5515555562500001 0.8948813093749999 0.47155555624999995 0.8646395140625 0.443111140625 0.79170330625 0.4253333640625 0.747229996875 0.49822222343749994 0.7703560359375 0.603111140625 0.8308397671875 0.6582222234375 0.9197863937499999 0.6688889296875
5 0.7756928859375 0.7417779296875 0.7970400234375 0.6546666531249999 0.75078780625 0.55688894375 0.6689568703125001 0.5515555562500001 0.60135745 0.6155555968749999 0.6636200859375 0.7275555828125 0.6689568703125001 0.7862223734375 0.7756928859375 0.7417779296875
5 0.7241038171875 0.5462223734375 0.752566709375 0.4768888765625 0.7258827234375 0.3613333203125 0.6885251671875 0.32755558281249997 0.5977995703125 0.3257777671875 0.5586631093750001 0.43422225000000003 0.5693366765625 0.51422225 0.5924627859375 0.5675555828125 0.7241038171875 0.5462223734375
5 0.5835681234375001 0.638666696875 0.610252109375 0.5320000296875 0.542652690625 0.4591111 0.45904285 0.45733335 0.4145695359375 0.46977780625000004 0.3576436828125 0.5177778203125001 0.3843276703125 0.6191111 0.487505809375 0.6671111140625 0.5835681234375001 0.638666696875
5 0.4199063203125 0.4751111265625 0.38788554999999997 0.3791111 0.3113914640625 0.3364444734375 0.2473499234375 0.35422224999999996 0.2010976359375 0.4662222359375 0.26158136718749997 0.5444444859375001 0.38788554999999997 0.54800005625 0.4199063203125 0.4751111265625
5 0.195760853125 0.356000003125 0.14061397343749998 0.34177779375 0.0712355765625 0.40755558281250004 0.10325635 0.492888903125 0.222444840625 0.450222209375 0.195760853125 0.356000003125
5 0.28826535625 0.5124444328125 0.2135501765625 0.414666653125 0.112151009375 0.45200002968749997 0.089024903125 0.5088889296875 0.0836880828125 0.6120000296875 0.14595075625 0.6528890406250001 0.25268670625 0.6048888906250001 0.28826535625 0.5124444328125
5 0.27937069375 0.8466666406250001 0.36653834375 0.8253333640625 0.4234642 0.7524444328125 0.42168529374999997 0.6422222640624999 0.40211699687499997 0.56400015 0.29538104375 0.5337777796875 0.23311840625000002 0.530222209375 0.092582746875 0.6173334828125 0.0961406265625 0.7275555828125 0.1566243234375 0.8111110859374999 0.27937069375 0.8466666406250001
5 0.67251475 0.7862223734375 0.6404939765625 0.66000004375 0.5355369328124999 0.608444596875 0.48572683593750005 0.6191111 0.4412535234375 0.6493333359375 0.380769859375 0.7808889171875 0.480390053125 0.8697778062499999 0.594241759375 0.8857778328125001 0.67251475 0.7862223734375