5 0.1421875 0.12265625 0.14453125 0.115625
5 0.35078125 0.11328125 0.1296875 0.1328125
5 0.49609375 0.1578125 0.14453125 0.11171875
5 0.63046875 0.15625 0.13125 0.11171875
5 0.85625 0.13984375 0.1671875 0.17265625
5 0.57265625 0.26328125 0.1375 0.09609375
5 0.7078125 0.246875 0.14140625 0.1390625
5 0.3265625 0.215625 0.14765625 0.10625
5 0.45625 0.23984375 0.12578125 0.12109375
5 0.484375 0.359375 0.14921875 0.12421875
5 0.31015625 0.3421875 0.1484375 0.14375
5 0.15703125 0.3765625 0.1953125 0.1375
5 0.1328125 0.4890625 0.18125 0.13203125
5 0.28515625 0.46484375 0.18671875 0.1453125
5 0.3890625 0.43203125 0.15078125 0.13359375
5 0.56484375 0.484375 0.17109375 0.175
5 0.703125 0.47734375 0.1109375 0.13125
5 0.8265625 0.49453125 0.125 0.15078125
5 0.92890625 0.57109375 0.1421875 0.15390625
5 0.65390625 0.575 0.17265625 0.153125
5 0.490625 0.59453125 0.21640625 0.15625
5 0.4140625 0.71640625 0.22890625 0.14921875
5 0.5828125 0.684375 0.125 0.11875
5 0.6625 0.72421875 0.16171875 0.15078125
5 0.7609375 0.7140625 0.12734375 0.1125
5 0.87109375 0.73125 0.15390625 0.1296875
5 0.8015625 0.8171875 0.14765625 0.14609375
5 0.9109375 0.86484375 0.1328125 0.1296875
5 0.6734375 0.86171875 0.0953125 0.1203125
5 0.1453125 0.8734375 0.1390625 0.13359375
5 0.3671875 0.83359375 0.14140625 0.13046875
5 0.28046875 0.82109375 0.16015625 0.14921875