5 0.18515625 0.28359375 0.090625 0.1171875
5 0.24140625 0.178125 0.05 0.0890625
5 0.26796875 0.240625 0.0546875 0.11171875
5 0.31328125 0.371875 0.07890625 0.13125
5 0.2921875 0.39765625 0.078125 0.103125
5 0.2421875 0.5828125 0.06484375 0.09375
5 0.2953125 0.57265625 0.071875 0.1
5 0.353125 0.603125 0.0703125 0.10078125
5 0.3125 0.6953125 0.09609375 0.11875
5 0.25859375 0.75 0.06015625 0.07578125
5 0.31171875 0.8375 0.1046875 0.1265625
5 0.328125 0.9140625 0.0859375 0.109375
5 0.3609375 0.85625 0.06015625 0.10546875
5 0.46015625 0.44765625 0.084375 0.12578125
5 0.409375 0.31953125 0.07890625 0.0828125
5 0.37890625 0.253125 0.09296875 0.09921875
5 0.35234375 0.13046875 0.03203125 0.06171875
5 0.49296875 0.565625 0.0359375 0.046875
5 0.496875 0.63203125 0.05078125 0.08671875
5 0.63984375 0.33515625 0.07421875 0.10546875
5 0.690625 0.3296875 0.06015625 0.09921875
5 0.74296875 0.66015625 0.08828125 0.1
5 0.77578125 0.696875 0.05859375 0.04609375