5 0.1671875 0.2765625 0.13671875 0.19140625
5 0.1234375 0.44140625 0.12421875 0.1625
5 0.2625 0.3765625 0.09765625 0.140625
5 0.334375 0.259375 0.1328125 0.175
5 0.628125 0.346875 0.128125 0.2140625
5 0.540625 0.4828125 0.10703125 0.23359375
5 0.44609375 0.628125 0.17890625 0.26796875
5 0.36875 0.5421875 0.15625 0.228125
5 0.32890625 0.709375 0.23046875 0.22109375
5 0.73828125 0.61015625 0.19453125 0.26953125
5 0.89375 0.475 0.14375 0.18359375
5 0.82578125 0.36640625 0.109375 0.1203125
5 0.8078125 0.28125 0.1453125 0.146875