5 0.28828125 0.1921875 0.240625 0.159375
5 0.4515625 0.184375 0.18046875 0.14296875
5 0.5828125 0.24453125 0.17109375 0.11171875
5 0.41484375 0.3015625 0.16796875 0.13984375
5 0.37578125 0.3734375 0.15 0.1078125
5 0.54609375 0.37578125 0.203125 0.16796875
5 0.67109375 0.31953125 0.16484375 0.1359375
5 0.6984375 0.4625 0.1828125 0.14453125
5 0.67421875 0.54609375 0.17109375 0.1234375
5 0.8578125 0.58203125 0.13671875 0.1203125
5 0.5703125 0.7046875 0.190625 0.16953125
5 0.26015625 0.709375 0.1921875 0.1234375
5 0.37890625 0.66171875 0.15625 0.11796875
5 0.4203125 0.7921875 0.20078125 0.12734375
5 0.475 0.88515625 0.175 0.09609375
5 0.62109375 0.915625 0.15625 0.09609375
5 0.6703125 0.8546875 0.14140625 0.1046875
5 0.771875 0.90703125 0.07890625 0.0328125