5 0.1714143453125 0.5150000015625 0.12972058125000002 0.485000015625 0.0813558609375 0.47166669375000003 0.0363266203125 0.48166666874999997 0.0213168828125 0.553333384375 0.07968810468750001 0.6050000265625 0.149733553125 0.5766668078125 0.1714143453125 0.5150000015625
5 0.261472765625 0.5199999890625 0.19976602968749999 0.510000015625 0.1614078109375 0.5333333734375 0.149733553125 0.618333475 0.2548018046875 0.63166666875 0.2998309828125 0.5699999890624999 0.261472765625 0.5199999890625
5 0.373211975 0.6449999890625 0.3465280140625 0.5833333734374999 0.3081697296875 0.563333359375 0.2548018046875 0.5833333734374999 0.2164435234375 0.61666670625 0.2397920359375 0.69166670625 0.336521478125 0.7083333734374999 0.373211975 0.6449999890625
5 0.5149706578125001 0.603333321875 0.448260690625 0.5699999890624999 0.4099024703125 0.588333359375 0.396560490625 0.6100001421875 0.3865539546875 0.67166669375 0.46493818124999997 0.703333321875 0.5166383812500001 0.6699999890624999 0.5149706578125001 0.603333321875
5 0.4966254421875 0.46833334843749996 0.4432574546875 0.45166668125 0.40489923437500003 0.45833337343749997 0.3715442515625 0.5616666546875 0.43992194375000004 0.6116666546875 0.5149706578125001 0.5600001421874999 0.4966254421875 0.46833334843749996
5 0.353198971875 0.3833333734375 0.30650200625 0.41666670625 0.28148576875 0.41666670625 0.2764825328125 0.503333321875 0.38488623125 0.5216666937500001 0.41824121718749996 0.45666666874999995 0.353198971875 0.3833333734375
5 0.37654748437499996 0.513333359375 0.326515009375 0.5016666812499999 0.2898245140625 0.528333321875 0.29482774843750004 0.5949999890625 0.3665409515625 0.6300000265625 0.41157019375 0.5866666546875 0.37654748437499996 0.513333359375
5 0.6667358109375 0.673333334375 0.6150356109375 0.6016668078125 0.565003134375 0.5616666546875 0.551661153125 0.568333475 0.4899544203125 0.6500000406249999 0.5066319109374999 0.72166669375 0.6350486156249999 0.7350001421875 0.6667358109375 0.673333334375
5 0.6350486156249999 0.4933333484375 0.6233743578125 0.49166670625000003 0.57334188125 0.48333337343749994 0.539986896875 0.5766668078125 0.6383841265625 0.6116666546875 0.67841006875 0.563333359375 0.6350486156249999 0.4933333484375
5 0.8118300062499999 0.5300000265625 0.7567943578125 0.47166669375000003 0.7217715234375001 0.463333359375 0.6934198359375 0.47666668124999995 0.6417195734375001 0.5516668078125 0.7117650531249999 0.6150000015625 0.7851460453125 0.588333359375 0.8118300062499999 0.5300000265625
5 0.7551265078125 0.60666666875 0.690084390625 0.5833333734374999 0.67841006875 0.588333359375 0.6650680890625 0.598333334375 0.6350486156249999 0.6766668078125 0.7451200390625 0.7366666546875 0.7918170671875 0.7100001421875 0.7551265078125 0.60666666875
5 0.858527034375 0.548333334375 0.820168753125 0.5366666546875 0.7851460453125 0.573333334375 0.771804 0.6633333593749999 0.8668657812499999 0.6850001421874999 0.9035562140625 0.6116666546875 0.858527034375 0.548333334375
5 0.8685335046875 0.4366666546875 0.8568593109375 0.43833335937499995 0.79014934375 0.43833335937499995 0.7784750218750001 0.5216666937500001 0.8952174671875 0.5699999890624999 0.9235692796875 0.4933333484375 0.8685335046875 0.4366666546875
5 0.9469176687499999 0.5383333593749999 0.9168982578125 0.513333359375 0.8635302062499999 0.5650000015625001 0.9068917890625 0.6266668078125 0.9419144968750001 0.5949999890625 0.9469176687499999 0.5383333593749999