5 0.496875 0.0859375 0.08515625 0.07734375
5 0.596875 0.12421875 0.096875 0.1
5 0.6109375 0.1859375 0.0796875 0.13203125
5 0.5359375 0.23828125 0.09296875 0.14375
5 0.4625 0.30234375 0.09453125 0.13515625
5 0.46015625 0.45234375 0.10625 0.15703125
5 0.39375 0.36953125 0.07890625 0.096875
5 0.3734375 0.28515625 0.14921875 0.16640625
5 0.27890625 0.26796875 0.08984375 0.11953125
5 0.228125 0.21875 0.11171875 0.11640625
5 0.246875 0.3828125 0.10078125 0.11953125
5 0.26953125 0.484375 0.0921875 0.13203125
5 0.384375 0.47109375 0.1046875 0.1015625
5 0.47578125 0.471875 0.10390625 0.1
5 0.625 0.52265625 0.09609375 0.09453125