5 0.11328125 0.1796875 0.22421875 0.14375
5 0.27578125 0.20390625 0.2 0.10625
5 0.203125 0.3015625 0.1921875 0.1375
5 0.18046875 0.4140625 0.1875 0.0921875
5 0.353125 0.49140625 0.171875 0.11328125
5 0.47109375 0.4375 0.28125 0.13984375
5 0.5921875 0.48046875 0.1875 0.13046875
5 0.73984375 0.54609375 0.18828125 0.11953125
5 0.7640625 0.4625 0.1890625 0.11171875
5 0.909375 0.4734375 0.178125 0.10546875
5 0.84296875 0.378125 0.15625 0.09375
5 0.8828125 0.278125 0.18671875 0.08984375
5 0.88125 0.18125 0.16328125 0.096875
5 0.85625 0.1140625 0.175 0.0859375
5 0.546875 0.11953125 0.234375 0.10078125
5 0.45625 0.2125 0.16953125 0.0859375
5 0.55 0.33359375 0.17890625 0.11015625
5 0.69296875 0.1921875 0.2046875 0.10078125