5 0.25703125 0.48671875 0.05859375 0.06015625
5 0.24296875 0.521875 0.046875 0.05078125
5 0.21875 0.49140625 0.03203125 0.0390625
5 0.30078125 0.5015625 0.05078125 0.06015625
5 0.52890625 0.578125 0.06796875 0.05078125
5 0.575 0.5578125 0.06953125 0.05546875
5 0.61328125 0.55234375 0.04921875 0.053125
5 0.63125 0.4984375 0.053125 0.06640625
5 0.615625 0.45859375 0.05078125 0.04921875
5 0.65625 0.57265625 0.06015625 0.06875
5 0.69296875 0.54140625 0.0671875 0.071875
5 0.68359375 0.62109375 0.0578125 0.065625
5 0.77109375 0.62109375 0.0609375 0.065625