5 0.1359375 0.1171875 0.13984375 0.10703125
5 0.21015625 0.1953125 0.15703125 0.09140625
5 0.265625 0.2734375 0.1375 0.13046875
5 0.4 0.28203125 0.15078125 0.1390625
5 0.525 0.196875 0.1453125 0.103125
5 0.59765625 0.28125 0.12890625 0.1265625
5 0.70078125 0.34375 0.17109375 0.13515625
5 0.8125 0.28125 0.16484375 0.1078125
5 0.7703125 0.21875 0.13671875 0.0921875
5 0.23671875 0.70234375 0.178125 0.178125
5 0.68671875 0.68828125 0.1328125 0.109375
5 0.70546875 0.62421875 0.08828125 0.06328125
5 0.83671875 0.596875 0.11640625 0.08125
5 0.79609375 0.68984375 0.1015625 0.09453125
5 0.75078125 0.75546875 0.140625 0.1
5 0.7109375 0.82890625 0.0890625 0.06171875
5 0.78984375 0.821875 0.10546875 0.05546875
5 0.65 0.77421875 0.0859375 0.0515625
5 0.62109375 0.74296875 0.07734375 0.05703125
5 0.60078125 0.70390625 0.0796875 0.04140625
5 0.45546875 0.8546875 0.09296875 0.15859375
5 0.4515625 0.61328125 0.11796875 0.15