5 0.653125 0.5546875 0.3 0.3140625
5 0.88984375 0.50546875 0.21953125 0.2375
5 0.85390625 0.75078125 0.29140625 0.278125
5 0.459375 0.76328125 0.271875 0.246875
5 0.33359375 0.528125 0.32109375 0.265625
5 0.1421875 0.7109375 0.284375 0.29921875
5 0.14453125 0.4515625 0.2390625 0.23828125
5 0.821875 0.3484375 0.2140625 0.16796875
5 0.61953125 0.36640625 0.2421875 0.15546875
5 0.38984375 0.35078125 0.2234375 0.13515625
5 0.1953125 0.27890625 0.2453125 0.14609375
5 0.48828125 0.24375 0.2109375 0.13671875
5 0.90234375 0.215625 0.18671875 0.15078125