5 0.21171875 0.0796875 0.075 0.10546875
5 0.2125 0.2140625 0.08671875 0.08125
5 0.11484375 0.203125 0.1078125 0.10390625
5 0.1796875 0.2375 0.07421875 0.10234375
5 0.253125 0.2953125 0.109375 0.11484375
5 0.42578125 0.2984375 0.06875 0.07265625
5 0.50078125 0.28515625 0.09375 0.12109375
5 0.5921875 0.346875 0.0984375 0.11171875
5 0.4984375 0.42109375 0.1015625 0.1125
5 0.36640625 0.43203125 0.11328125 0.10859375
5 0.3234375 0.34765625 0.09921875 0.08203125
5 0.221875 0.43359375 0.1078125 0.11171875
5 0.171875 0.515625 0.08359375 0.084375
5 0.1953125 0.55859375 0.09609375 0.1
5 0.290625 0.59765625 0.1046875 0.1328125
5 0.24609375 0.65546875 0.06875 0.084375
5 0.26796875 0.76328125 0.11171875 0.1078125
5 0.33828125 0.6984375 0.07421875 0.090625
5 0.35859375 0.796875 0.125 0.11875
5 0.43203125 0.70703125 0.11640625 0.13046875
5 0.421875 0.765625 0.06953125 0.09140625
5 0.48125 0.8328125 0.11171875 0.096875
5 0.4703125 0.91328125 0.14375 0.10625
5 0.63671875 0.83671875 0.10234375 0.1390625
5 0.684375 0.784375 0.109375 0.1109375
5 0.65859375 0.70078125 0.07578125 0.08671875
5 0.63984375 0.6328125 0.0921875 0.09765625
5 0.60859375 0.559375 0.1046875 0.12734375
5 0.66640625 0.51171875 0.121875 0.11640625
5 0.62421875 0.40859375 0.14453125 0.14140625
5 0.5859375 0.3375 0.09453125 0.1015625
5 0.68515625 0.3734375 0.1015625 0.12890625
5 0.68984375 0.46171875 0.1203125 0.11953125
5 0.71953125 0.50234375 0.09609375 0.0890625
5 0.77578125 0.42890625 0.1015625 0.11484375
5 0.7546875 0.37109375 0.08984375 0.10625
5 0.73203125 0.31640625 0.0796875 0.09453125
5 0.87109375 0.3375 0.06015625 0.08828125
5 0.82890625 0.41328125 0.0875 0.10234375
5 0.8578125 0.4640625 0.11875 0.1234375
5 0.8921875 0.5296875 0.1421875 0.1125
5 0.965625 0.59296875 0.06875 0.0625