5 0.609375 0.2625 0.1140625 0.17265625
5 0.58046875 0.34296875 0.1203125 0.1546875
5 0.50546875 0.4203125 0.1234375 0.184375
5 0.41796875 0.6203125 0.12109375 0.20390625
5 0.3125 0.42578125 0.1 0.16484375
5 0.24296875 0.340625 0.08125 0.14375
5 0.1984375 0.56875 0.109375 0.17578125
5 0.2296875 0.74140625 0.10546875 0.16640625
5 0.31875 0.8109375 0.1234375 0.184375
5 0.39765625 0.8671875 0.12421875 0.22265625
5 0.5265625 0.87421875 0.13828125 0.1859375
5 0.64765625 0.84296875 0.140625 0.1484375
5 0.728125 0.75 0.1140625 0.1328125
5 0.753125 0.59296875 0.1015625 0.11875