5 0.296467153125 0.3794839359375 0.3368295125 0.34675897187500004 0.3519653484375 0.271239775 0.32842069218750003 0.22844554687500002 0.259468334375 0.225928278125 0.24265069375 0.286343671875 0.2611501375 0.3719320359375 0.296467153125 0.3794839359375
5 0.39064590625 0.58842045 0.37551006875000004 0.5003147218749999 0.3099212515625 0.4751416578125 0.2746042359375 0.6010069828125 0.3250571515625 0.62869750625 0.39064590625 0.58842045
5 0.277967775 0.5833858171874999 0.3216936125 0.5154185250000001 0.2846947921875 0.4348646984375 0.19193801562499999 0.4273127 0.19051603749999999 0.495280090625 0.215742496875 0.5682820171875 0.277967775 0.5833858171874999
5 0.126608990625 0.57583391875 0.1837889578125 0.5456262203125 0.1770619390625 0.42479552812500004 0.0946554828125 0.42983006562500004 0.087928434375 0.4550031296875 0.091291940625 0.5305223234375 0.126608990625 0.57583391875
5 0.0946554828125 0.29641284218749997 0.163607778125 0.233480178125 0.13669958124999998 0.1604783484375 0.0610202046875 0.13782255000000002 0.027384926562500002 0.20075521406250002 0.04252079375 0.2787916765625 0.0946554828125 0.29641284218749997
5 0.1333360390625 0.38955320000000004 0.19724305625 0.3593455015625 0.21069721874999997 0.273757140625 0.13838131874999998 0.23851481093750002 0.1182001703125 0.2787916765625 0.11483663125000002 0.303964740625 0.1333360390625 0.38955320000000004
5 0.1619260390625 0.6689741812500001 0.22583305625 0.6740088125 0.2476959734375 0.6085588828125 0.24433249687499997 0.5481434890625 0.17201659687499998 0.53555695625 0.163607778125 0.58086855 0.15351721875 0.6110761515625 0.1619260390625 0.6689741812500001
5 0.23424187500000002 0.8552550906249999 0.296467153125 0.8502202671875001 0.34187479062500004 0.8149780328125 0.35869243125 0.7394588390625 0.29478541406250003 0.704216703125 0.2476959734375 0.714285775 0.215742496875 0.7772184359375001 0.23424187500000002 0.8552550906249999
5 0.491551740625 0.842668559375 0.5033241015625001 0.7419762999999999 0.46632528281249996 0.6916301703125 0.402418265625 0.6865953453125 0.3805553484375 0.7570799078125 0.41250888750000003 0.8477029984375 0.491551740625 0.842668559375
5 0.55209528125 0.616110975 0.5285505609375 0.5481434890625 0.48650646249999996 0.54310885625 0.452871184375 0.57583391875 0.45118944531249994 0.6614222796875 0.55209528125 0.616110975
5 0.703454034375 0.696664609375 0.777451671875 0.6463184796875 0.765679246875 0.553178121875 0.7101811140625001 0.5254877890625 0.67150049375 0.5707992859375 0.66981875625 0.636249215625 0.703454034375 0.696664609375
5 0.7925875734375001 0.7872876062499999 0.8564945249999999 0.7621145390625 0.8665850828125 0.704216703125 0.86490334375 0.6463184796875 0.8060416078125 0.61862805 0.769042853125 0.66645710625 0.765679246875 0.7394588390625 0.7925875734375001 0.7872876062499999
5 0.777451671875 0.9760855906250001 0.836313409375 0.9937068531250001 0.881720984375 0.958464521875 0.8850845875 0.9056012203125 0.8581762625 0.8678416234374999 0.7976327875 0.8527376296875 0.7892239671875 0.8779106953125 0.785860490625 0.898049128125 0.777451671875 0.9760855906250001
5 0.6899998703125 0.9081182968749999 0.653001115625 0.8678416234374999 0.6042299375 0.88042815625 0.5890941 0.943360721875 0.6496375750000001 1 0.6950452140625 0.9836375875 0.6899998703125 0.9081182968749999
5 0.748861609375 0.8401510984374999 0.748861609375 0.7923224296875 0.68663639375 0.7721838046875 0.61263875625 0.825047203125 0.6479558375 0.9106356609375 0.713544590625 0.9307741890625 0.748861609375 0.8401510984374999
5 0.6933634765625001 0.66645710625 0.6378652140625001 0.6110761515625 0.607593478125 0.696664609375 0.668136953125 0.7570799078125 0.696726953125 0.7218376734375 0.6933634765625001 0.66645710625
5 0.6109570171875001 0.6639396453125 0.5621858390625001 0.6589050125 0.5504134796875 0.73190684375 0.6260928546875 0.7772184359375001 0.6361834765625 0.696664609375 0.6109570171875001 0.6639396453125
5 0.6176840359375 0.5179357921875 0.59750291875 0.38955320000000004 0.5302323624999999 0.3618628671875 0.48650646249999996 0.42983006562500004 0.5167782 0.560730021875 0.5722764609375 0.5934549875 0.6176840359375 0.5179357921875
5 0.47977944531250005 0.2158590125 0.4410988234375 0.22089364531250003 0.4444623640625 0.32913780625 0.491551740625 0.33920707031249997 0.5033241015625001 0.25613597499999996 0.47977944531250005 0.2158590125
5 0.5453682 0.1302706515625 0.4999605625 0.082441790625 0.4680070859375 0.10258027031250001 0.452871184375 0.15544371562499998 0.46968882343749996 0.213341746875 0.5352776421875001 0.24103207968749998 0.5453682 0.1302706515625
5 0.6916817375 0.157960984375 0.644592296875 0.152926353125 0.616002296875 0.22844554687500002 0.68495465625 0.32662053750000003 0.73036223125 0.25613597499999996 0.6916817375 0.157960984375
5 0.8548127875 0.0346130734375 0.8127686875 0.037130292187500004 0.7824968875 0.10006295312499999 0.836313409375 0.19068595 0.87667576875 0.10006295312499999 0.8548127875 0.0346130734375
5 0.9994444578125 0.6135935156250001 0.9910356374999999 0.5657648453124999 0.954036884375 0.5582127531250001 0.9019022281250001 0.61862805 0.9069474421875 0.6916301703125 0.9742179984374999 0.7193203109375 0.9994444578125 0.6135935156250001
5 0.9372192437500001 0.9156701953124999 0.903583965625 0.9509125265625 0.9456280625 1 0.9843085578125 0.963499059375 0.9372192437500001 0.9156701953124999
5 0.24265069375 0.8904972296875 0.215742496875 0.8955317640624999 0.1669713171875 0.943360721875 0.22583305625 1 0.2796495125 0.9685337859375001 0.24265069375 0.8904972296875
5 0.111473121875 0.7470107406250001 0.050929614062499996 0.7545628328125 0.030748434375 0.7998741359375 0.0223396140625 0.9056012203125 0.1165184 0.9886721234375001 0.1736984 0.8904972296875 0.111473121875 0.7470107406250001