5 0.57091714375 0.447079140625 0.591060190625 0.41328091562499997 0.586320715625 0.3759250375 0.5839508859375 0.3581365140625 0.5578834015624999 0.3154440265625 0.54247983125 0.3083285890625 0.5306309578125 0.3101074828125 0.51404251875 0.3172228515625 0.5010087765625 0.32789600625 0.486790165625 0.35279990156249996 0.4820505984375 0.3777038640625 0.4820505984375 0.391934671875 0.489159903125 0.4186174578125 0.496269209375 0.43996370156250003 0.5069332140625 0.4559734015625 0.515227478125 0.479098471875 0.5472193984375 0.4648676640625 0.57091714375 0.447079140625
5 0.41451205937499996 0.3385690953125 0.405032925 0.3101074828125 0.3908143140625 0.28520352031249996 0.36711656718749996 0.2709727140625 0.343418821875 0.2727515375 0.323275684375 0.30121322031250003 0.3197210765625 0.3243382890625 0.3220908140625 0.3616941640625 0.33156995 0.3954923890625 0.3540827359375 0.4168386328125 0.36119213125 0.4168386328125 0.388444484375 0.41328091562499997 0.40740266406250003 0.3954923890625 0.41214223125 0.374146146875 0.41451205937499996 0.3385690953125
5 0.4536132859375 0.7423687640625001 0.47731103125 0.7708302421875 0.525891390625 0.7761668562499999 0.5531438359374999 0.758378328125 0.5721020140624999 0.7299166484375 0.5721020140624999 0.651647178125 0.5626229687500001 0.6178490890624999 0.5282612203125 0.587608446875 0.5116727812499999 0.584050728125 0.4903447734375 0.594723884375 0.4536132859375 0.632079759375 0.44294928125000005 0.6907818796874999 0.4536132859375 0.7423687640625001
5 0.4382098046875 0.6480894593750001 0.4453191109375 0.6196277796875 0.4832354671875 0.587608446875 0.4844203359375 0.553810290625 0.47612616093750004 0.525348609375 0.4453191109375 0.49866582187499997 0.416881796875 0.4968869953125 0.395553790625 0.5057812578124999 0.37067117656250004 0.5573679406250001 0.3635618703125 0.5929449906250001 0.40858762187500003 0.6391951984375 0.42991553906249996 0.67299335625 0.4382098046875 0.6480894593750001
5 0.1526518984375 0.6907818796874999 0.1633159015625 0.7174646671875 0.175164775 0.7388109109375 0.2071567859375 0.7708302421875 0.23203939999999998 0.7761668562499999 0.2557371453125 0.7405898046875 0.2687708875 0.6836665109375 0.252182446875 0.640974021875 0.23322427031249998 0.6196277796875 0.23203939999999998 0.6214066734375 0.1881985171875 0.6036181468749999 0.16450077031250002 0.6178490890624999 0.1538368578125 0.6534261406249999 0.1526518984375 0.6907818796874999
5 0.2604767125 0.665877984375 0.2652161890625 0.6854453359375 0.2557371453125 0.724580240625 0.2758801921875 0.7316955421875 0.2995779390625 0.7316955421875 0.329200121875 0.7032338593749999 0.3244605546875 0.6836665109375 0.3161663796875 0.665877984375 0.294838371875 0.6089548265625 0.29602333125 0.585829621875 0.3363094265625 0.5911663015624999 0.343418821875 0.576935359375 0.33749438593750003 0.5520313984375 0.30431750625 0.5431371359375 0.2723255859375 0.550252571875 0.242703403125 0.571598815625 0.2391487046875 0.6196277796875 0.250997578125 0.6463105671875 0.2604767125 0.665877984375
5 0.3528978671875 0.8579941109375 0.3896293546875 0.8668883734374999 0.41806666718749996 0.8757826359375 0.43228536875 0.8437632359375 0.43110040937500005 0.7903976625 0.41451205937499996 0.74414745625 0.37778048124999997 0.715685978125 0.33749438593750003 0.7103492984375 0.29602333125 0.73525319375 0.285359328125 0.7619359796875 0.286544196875 0.8170804484374999 0.3078722046875 0.8366478 0.3528978671875 0.8579941109375
5 0.624237071875 0.8775614624999999 0.6479348171875 0.8526575 0.6467499484375 0.7957342734374999 0.6218673328125 0.760157290625 0.586320715625 0.7494840671875 0.5389252234375 0.769051553125 0.50574834375 0.8064073593750001 0.5187820859375 0.8615517625000001 0.5638078390625 0.8953499859375 0.624237071875 0.8775614624999999
5 0.6834814359375 0.8295323625 0.727322228125 0.8259747109375001 0.7498351046875 0.7975130984375001 0.7557595421875 0.7405898046875 0.7450955375 0.705012753125 0.7131036171875 0.6801089265625 0.6811116984375001 0.6854453359375 0.652674384375 0.706791715625 0.6479348171875 0.7477051734375 0.6491196859375 0.8046285359375001 0.6834814359375 0.8295323625
5 0.826852778125 0.6640990906249999 0.8683238328125 0.6231854984375 0.8683238328125 0.571598815625 0.8422563500000001 0.5289063281249999 0.8067097296875 0.516454346875 0.7759026796875 0.5360217640625 0.765238675 0.5662622046875 0.7581293703124999 0.6089548265625 0.7735328499999999 0.6303009359375 0.8043399015625001 0.665877984375 0.826852778125 0.6640990906249999
5 0.881357665625 0.41150208906249996 0.88017270625 0.3581365140625 0.8671390546875 0.33501137812500004 0.8209283421875 0.31900174375 0.7936759875 0.3332325515625 0.787751553125 0.3794826890625 0.798415465625 0.4417425265625 0.8244830406249999 0.463088771875 0.8635843578125 0.4488579640625 0.881357665625 0.41150208906249996
5 0.7119187484375 0.5431371359375 0.7285071875 0.523569784375 0.726137359375 0.48087729531249995 0.70717918125 0.43818487812500007 0.6834814359375 0.40794437187500004 0.6467499484375 0.4008289328125 0.631346378125 0.4097231953125 0.615942896875 0.45063679062500006 0.62779176875 0.507560084375 0.6668929953125 0.541358309375 0.7119187484375 0.5431371359375
5 0.690590740625 0.24428992656249998 0.67044769375 0.21227059375000001 0.6301615078125 0.1909243515625 0.591060190625 0.206934084375 0.57684158125 0.24784764374999999 0.5744718421874999 0.2940977828125 0.6100184609375 0.343905640625 0.6585988203124999 0.35457879531250003 0.6858511734375 0.3261171140625 0.6941454390625 0.28164580156249996 0.690590740625 0.24428992656249998
5 0.3161663796875 0.5306851531250001 0.343418821875 0.49866582187499997 0.34104899375 0.459531053125 0.309057071875 0.436405984375 0.2640313203125 0.436405984375 0.243888271875 0.45775222656250003 0.22493009531250002 0.5040023671875 0.2450731421875 0.5555892515624999 0.285359328125 0.5378005906250001 0.3161663796875 0.5306851531250001
5 0.1633159015625 0.47554075312500005 0.19767764999999998 0.422175178125 0.19530791249999999 0.39015584375 0.1739799046875 0.3705884265625 0.1384332875 0.35279990156249996 0.1088111046875 0.3705884265625 0.085113359375 0.383040409375 0.08392849062499999 0.3865981265625 0.0768191859375 0.44352142031249997 0.0910377953125 0.479098471875 0.1384332875 0.491550453125 0.1633159015625 0.47554075312500005