5 0.13666976718749999 0.1613924 0.1736502265625 0.1505425171875 0.20410481093750002 0.132459334375 0.21063077031250002 0.110759571875 0.208455478125 0.087251378125 0.1758256015625 0.0691681953125 0.134494390625 0.0637432203125 0.0822866390625 0.087251378125 0.07358530625000001 0.11799276875 0.0996892234375 0.154159134375 0.13666976718749999 0.1613924
5 0.2019295203125 0.2499999875 0.2497866046875 0.23915010625000002 0.2824164796875 0.2210669234375 0.297643771875 0.1867088828125 0.28459185468750003 0.157775784375 0.26283860468750003 0.1451175421875 0.2193321015625 0.1433092171875 0.20410481093750002 0.1469259359375 0.15624764375 0.1686257 0.15842301718750001 0.19575047343750002 0.16929964375 0.230108515625 0.2019295203125 0.2499999875
5 0.2802411890625 0.347649203125 0.3259229796875 0.33860761093749997 0.3389749796875 0.3060578953125 0.3411502734375 0.27531647187499997 0.3259229796875 0.2409583953125 0.2954684796875 0.228300225 0.251961978125 0.22287521406250002 0.24761131249999999 0.23191680468750003 0.21280614375 0.2680831703125 0.208455478125 0.3024412453125 0.24108535468749998 0.331374309375 0.2802411890625 0.347649203125
5 0.40858540000000004 0.34584091093749997 0.4738451515625 0.33679932031250004 0.4999489875 0.3150994859375 0.5021243609375 0.278933121875 0.48037111093749996 0.24276675625 0.45426719374999996 0.228300225 0.4064100265625 0.22468357343749998 0.36725419062500003 0.2264918640625 0.334624315625 0.259041578125 0.3259229796875 0.2988245953125 0.37160485625 0.33318266875 0.40858540000000004 0.34584091093749997
5 0.5260529046875 0.251808346875 0.5652087390625 0.237341815625 0.5782607390625001 0.20660035625 0.5673841125 0.163200725 0.5238776125 0.1378843453125 0.47602044374999997 0.134267625 0.4651438203125 0.1451175421875 0.43903990156250006 0.1740507109375 0.43903990156250006 0.2192586328125 0.47602044374999997 0.244575046875 0.5260529046875 0.251808346875
5 0.7762152875 0.24819169843750002 0.7957932453125001 0.22468357343749998 0.8240725390625 0.22468357343749998 0.8436503296875 0.22468357343749998 0.8523516656250001 0.20840868124999998 0.8392997484375 0.1794755828125 0.806669871875 0.155967528125 0.7718647046875 0.154159134375 0.7455502593750001 0.16455690781250001 0.7240074515625 0.199367090625 0.7196568671875 0.22468357343749998 0.734884078125 0.2554249984375 0.7762152875 0.24819169843750002
5 0.7892672046875 0.33318266875 0.7957932453125001 0.3494574921875 0.8414750390625001 0.35488250312499997 0.8697543296875001 0.3349909609375 0.8871568328125001 0.3114828375 0.8958581656250001 0.27531647187499997 0.8871568328125001 0.244575046875 0.874104915625 0.230108515625 0.8458257890624999 0.21745027343749998 0.806669871875 0.215641946875 0.7696894109375 0.2337251640625 0.75228674375 0.2572332890625 0.7457607015625001 0.29159136406249997 0.7718647046875 0.30424953593750004 0.7892672046875 0.33318266875
5 0.6609230765625 0.3856238578125 0.7087802437499999 0.3982821 0.756637328125 0.3946654484375 0.7914426625 0.3729656859375 0.8023192874999999 0.3512658515625 0.8023192874999999 0.3223327171875 0.7718647046875 0.297016303125 0.7457607015625001 0.28435806406249997 0.69572824375 0.2807414125 0.6717997 0.289783003125 0.641345115625 0.309674546875 0.6282932 0.3349909609375 0.632643865625 0.367540675 0.6609230765625 0.3856238578125
5 0.5369295296875001 0.2680831703125 0.5347542375 0.29520794375000003 0.5521568218749999 0.324141078125 0.5652087390625 0.33860761093749997 0.59131265625 0.3512658515625 0.619591865625 0.35488250312499997 0.6239425328125 0.33679932031250004 0.641345115625 0.3078661859375 0.6674490328125 0.286166353125 0.68702699375 0.26627488125 0.652221740625 0.23915010625000002 0.5869619890625 0.21745027343749998 0.5717347796875 0.23915010625000002 0.5478061546874999 0.24819169843750002 0.5369295296875001 0.2680831703125
5 0.7435854109375 0.6659131875 0.7544620375 0.6622966078125 0.7588127874999999 0.6460218531249999 0.7544620375 0.622513590625 0.7457607015625001 0.6062387 0.7240074515625 0.59177230625 0.7087802437499999 0.59177230625 0.680501034375 0.600813896875 0.6630983671874999 0.613472 0.6609230765625 0.6297468234375 0.6558763453124999 0.6528028390625 0.691377659375 0.649638365625 0.71748149375 0.65144665625 0.7435854109375 0.6659131875
5 0.7870919125 0.6315551828125 0.7979685375 0.615280290625 0.7914426625 0.5899638765625 0.7740399953125 0.5827307140625 0.756637328125 0.5827307140625 0.7370595343749999 0.5953888171874999 0.7501114515625 0.613472 0.7588127874999999 0.6369802625000001 0.7870919125 0.6315551828125
5 0.6474426828125 0.71476160625 0.6593497546875 0.7246597625 0.6740045609374999 0.7307509343749999 0.68682754375 0.7223755765625001 0.6978186328125 0.7162843765625 0.725296421875 0.7117160046875 0.7362875109375 0.7117160046875 0.7472786703125001 0.701056434375 0.7509423890625 0.6835443031249999 0.7472786703125001 0.670600546875 0.740867140625 0.6629865749999999 0.7280442296875 0.6568954031249999 0.705146071875 0.6492814328125001 0.6840797375000001 0.6477586328125 0.6593497546875 0.6553726046875 0.6474426828125 0.669077775 0.6446948765625 0.68126011875 0.6446948765625 0.6980108625 0.6474426828125 0.71476160625
5 0.608057821875 0.7855715359375 0.6208808046875001 0.78861710625 0.62820824375 0.77719615 0.6401152437500001 0.7627296218749999 0.658433771875 0.759684021875 0.6758363875 0.761206878125 0.6849956500000001 0.7573998359375 0.6859115609375 0.7337965359374999 0.6822479125 0.7284667484375 0.660265665625 0.7200913640625 0.649274509375 0.7109546203125 0.6401152437500001 0.705624834375 0.6181330671875 0.7086704046875 0.6108056296875 0.718568590625 0.5979826453125 0.7330351187499999 0.594318928125 0.7490244781250001 0.598898559375 0.7733891640625 0.608057821875 0.7855715359375
5 0.7042300890625001 0.78861710625 0.7280442296875 0.7954697515625 0.74361495 0.8007994796875 0.7683449328124999 0.79242409375 0.7839157218749999 0.775673378125 0.7857475484374999 0.75663845 0.7848316343749999 0.73531930625 0.776588284375 0.720852778125 0.7591856703125 0.7109546203125 0.7362875109375 0.70638621875 0.7124734390625 0.7086704046875 0.6932389999999999 0.7178071765625 0.6895752796875 0.7231369625 0.6767522984375 0.744456078125 0.6804160171875 0.759684021875 0.6932389999999999 0.7802418078125 0.7042300890625001 0.78861710625
5 0.6834240984375 0.84952888125 0.705406309375 0.857904265625 0.7228089234375 0.857904265625 0.7402115015625 0.846483309375 0.744791134375 0.82897118125 0.74662299375 0.80841345 0.7328840999999999 0.7947083078125 0.709070028125 0.789378521875 0.688919640625 0.79242409375 0.6724329734375 0.8007994796875 0.6660214828125001 0.8145046796875001 0.6678533437499999 0.8335396093749999 0.6834240984375 0.84952888125
5 0.7988308015625 0.8449605671875 0.811653784375 0.8320167515625 0.8125696984375 0.8129818234374999 0.8052422937499999 0.7954697515625 0.7924193109375001 0.7878557796875 0.7750167328125 0.784810121875 0.7475389406249999 0.80536785 0.744791134375 0.822118653125 0.74662299375 0.8426763234375001 0.7722689234375 0.8502902953125 0.7988308015625 0.8449605671875
5 0.7933352593749999 0.78861710625 0.8089059781250001 0.8030837234374999 0.82630859375 0.7962310796875001 0.8391315765625 0.7810031359375 0.8363837703125 0.7657751921875 0.8299723125 0.7528314640625 0.8153174703125 0.739126290625 0.8070741546875 0.7421718921875 0.7864559437499999 0.745027103125 0.7896715390625 0.7573998359375 0.7823441343749999 0.78404879375 0.7933352593749999 0.78861710625
5 0.7823441343749999 0.7238983484375 0.7905874515625 0.7429332765625001 0.803410434375 0.7406490921875 0.8253926796875 0.7307509343749999 0.8327200843749999 0.718568590625 0.8318041375 0.7018178484375001 0.8253926796875 0.6850671046875 0.8070741546875 0.670600546875 0.7860078203125 0.669077775 0.7704371 0.670600546875 0.7566982046875 0.677453134375 0.7475389406249999 0.6888740906249999 0.74662299375 0.7025792328125 0.7512026265625 0.71019320625 0.7704371 0.715522990625 0.7823441343749999 0.7238983484375
5 0.8043263484375001 0.669077775 0.8208130499999999 0.6744075328125 0.82722450625 0.6865899046874999 0.83455194375 0.6964880609375 0.8409634 0.6835443031249999 0.8409634 0.6652707906249999 0.8336359984374999 0.65080423125 0.8226448734374999 0.6416674609374999 0.797914890625 0.6355762890625 0.7823441343749999 0.6363376749999999 0.7667733796875 0.6409060734375001 0.7585300296875 0.648520046875 0.74662299375 0.670600546875 0.7585300296875 0.6721233468750001 0.7805122765625 0.6683163609375 0.8043263484375001 0.669077775
5 0.6669373953125 0.7992767375 0.6934992734375001 0.79242409375 0.699910765625 0.7832873515625 0.684340009375 0.764252421875 0.67701260625 0.75663845 0.649534815625 0.7581612203125 0.6330481484375 0.7657751921875 0.6248047984375 0.7810031359375 0.625720709375 0.784810121875 0.6229729374999999 0.8007994796875 0.6440392375 0.8129818234374999 0.6531985 0.8137432375 0.6669373953125 0.7992767375
5 0.8791892328124999 0.5838012734375 0.8654503375000001 0.5739031453125001 0.8398043718749999 0.5662891734375 0.8178221609375 0.5708575296875 0.8022514062500001 0.5868468734375 0.8031673203125 0.6203483453125 0.81049475625 0.6310079171874999 0.8150743890625 0.630246503125 0.8553751281249999 0.62720093125 0.8736936546875 0.6195869609375 0.8828529171874999 0.6035976015625 0.8791892328124999 0.5838012734375
5 0.8489636375 0.6721233468750001 0.8434680906249999 0.6888740906249999 0.8407203203125 0.71019320625 0.863618478125 0.7086704046875 0.8910962703124999 0.6926810765625 0.8920121796875 0.669077775 0.8865166375 0.6431902609375 0.863618478125 0.6310079171874999 0.8398043718749999 0.6249167171875001 0.8132425296875001 0.6325306890625 0.8269814234374999 0.6439516453125 0.8434680906249999 0.6584182046875 0.8489636375 0.6721233468750001
5 0.6648624546875 0.857904265625 0.6712739453125 0.8495289093749999 0.6676102265625 0.8259256390624999 0.6584509625 0.8175502218749999 0.6346368906250001 0.8091748375 0.61815020625 0.806890709375 0.611738715625 0.828209765625 0.6190661375000001 0.8457219234375 0.6410483828125 0.858665653125 0.6648624546875 0.857904265625
5 0.1426638828125 0.7539735421875 0.1683098125 0.769201484375 0.22326539374999999 0.7790996421874999 0.26906171093750003 0.769201484375 0.3020350453125 0.7471209859375 0.320353571875 0.7151422984375 0.3185217484375 0.685447796875 0.3102783953125 0.6618444828125 0.29195987031250004 0.6367184109374999 0.2681457984375 0.6237746390625001 0.2370042890625 0.618444853125 0.1884601984375 0.619206253125 0.160982409375 0.6336727953125 0.1426638828125 0.66793566875 0.140832021875 0.6983915546875 0.132588671875 0.7242790703125 0.1426638828125 0.7539735421875
5 0.40003917031249997 0.6839249984375 0.4504151203125 0.6839249984375 0.4687336453125 0.6945845703125 0.482472540625 0.6626058828125 0.48064071718749996 0.618444853125 0.47789290937500006 0.5628628515625 0.4604902953125 0.5552488859375 0.41652587187499995 0.5628628515625 0.3927117671875 0.5735224234375 0.3661498890625 0.6153992671874999 0.35699062656249997 0.6565147109375 0.3771410109375 0.6808794125000001 0.40003917031249997 0.6839249984375
5 0.2186857609375 0.7943275859375001 0.22784502343750002 0.8278291296875 0.24616355156249997 0.859807759375 0.2928757796875 0.8605691453125001 0.3221854296875 0.8468640593749999 0.369813609375 0.8171695015625 0.3670658375 0.7920434000000001 0.349663221875 0.7669173 0.319437659375 0.731131628125 0.3056987625 0.7532121578125001 0.2516590953125 0.774531271875 0.2186857609375 0.7943275859375001
5 0.4101143453125 0.8811269328125 0.43026476718750006 0.9070143890625 0.46415401562499997 0.92148091875 0.4852203484375 0.9252879046875 0.48064071718749996 0.7699629 0.470565540625 0.773008471875 0.42202141718749997 0.795089 0.413778065625 0.81183974375 0.4101143453125 0.845341203125 0.4101143453125 0.8811269328125
5 0.3670658375 0.6450937546875 0.3808047296875 0.6100695093749999 0.393627678125 0.577329409375 0.3972913984375 0.56514705 0.38172064375 0.542305128125 0.35241099375 0.52631579375 0.3047828515625 0.5209860140625 0.2892120984375 0.52631579375 0.2718094828125 0.5407823359374999 0.2571546734375 0.5742838078125 0.24524763906249997 0.5963643375000001 0.256238728125 0.61235368125 0.2727254296875 0.62149046875 0.290128009375 0.6313886109375 0.3157739390625 0.655753340625 0.349663221875 0.6572761109374999 0.3670658375 0.6450937546875