5 0.4278396546875 0.3763708109375 0.4582118171875 0.38478809531249997 0.4930834828125 0.37468738125 0.509956878125 0.34270167812499996 0.5155813421875 0.293881409375 0.509956878125 0.238327353125 0.4908336453125 0.21475903125 0.4739602515625 0.1996078640625 0.425589903125 0.1911905796875 0.3918431140625 0.211392040625 0.38588255312499997 0.2380651953125 0.3760945953125 0.293881409375 0.381719059375 0.3309174703125 0.3918431140625 0.3511189625 0.4278396546875 0.3763708109375
5 0.397467578125 0.5699684546875 0.39634270312500003 0.5969036062499999 0.41096625937500003 0.6221554546875 0.42221519062499996 0.638990021875 0.4503375140625 0.6507742296875 0.4807096765625 0.652457725 0.5032075359375 0.6339396625 0.511081753125 0.61878859375 0.5167062171875 0.5901698171875001 0.5178310953125 0.566601396875 0.5167062171875 0.532932265625 0.5077070406249999 0.5093639109375 0.49870794687500003 0.4992631328125 0.4717104984375 0.47737820781250007 0.4593366921875 0.46727749531249996 0.4458379265625 0.4756947796875 0.4188405640625 0.48579549218749996 0.40084220625 0.51441426875 0.39521774062500004 0.5362991921875 0.397467578125 0.5699684546875
5 0.5920740140625 0.47401128437500006 0.596573603125 0.4992631328125 0.6044479046875 0.5245149812500001 0.6235710531249999 0.5312488359375 0.6438191609375 0.52114805625 0.66406718125 0.5245149812500001 0.683190415625 0.537982621875 0.69556421875 0.5413495484374999 0.7146873671875 0.511047340625 0.72143670625 0.468960928125 0.7113127390625 0.42687451093749995 0.69218950625 0.398255734375 0.67756595 0.3780542421875 0.652818253125 0.37468738125 0.63369510625 0.3780542421875 0.612322121875 0.40498958749999997 0.6010731921875 0.42687451093749995 0.597698478125 0.4403421515625 0.5920740140625 0.47401128437500006
5 0.5920740140625 0.65750808125 0.6010731921875 0.6810764390624999 0.612322121875 0.697911003125 0.6303203921875 0.704644984375 0.6696916484375001 0.71137870625 0.6854401671875 0.70127793125 0.7158122421875001 0.6861268578125 0.7180620796875 0.642356946875 0.7180620796875 0.6019540250000001 0.7135624921875 0.5682848921875 0.6978139718749999 0.5514503281249999 0.67756595 0.532932265625 0.640444446875 0.5278819078125 0.6235710531249999 0.5346157609375 0.6137306546875 0.5366982140625 0.5954487281249999 0.566601396875 0.5886993859375 0.5918532484375 0.5864495484375001 0.6204721515625 0.5920740140625 0.65750808125
5 0.5178310953125 0.532932265625 0.5200809296875 0.566601396875 0.5122066281250001 0.615421665625 0.5313298609375 0.61878859375 0.5572023484375 0.6120548671875 0.5729508671875 0.5901698171875001 0.584199796875 0.5480834 0.5886993859375 0.5059969843750001 0.579700209375 0.468960928125 0.5650766515625001 0.44875943593749995 0.5414538296875 0.4403421515625 0.5077070406249999 0.43360836249999996 0.486334140625 0.45044292812500003 0.47449014843750004 0.46729758437499996 0.4897087703125 0.487478925 0.5020825765625 0.502630059375 0.5178310953125 0.532932265625
5 0.5122066281250001 0.8090191796875 0.5223306828125 0.814069603125 0.5583272234375001 0.820803325 0.5920740140625 0.7955514765625 0.6044479046875 0.770299625 0.6100723718750001 0.7214795515625 0.60557278125 0.6962277 0.5853246734375 0.6474073031249999 0.552702759375 0.6204721515625 0.5257053968750001 0.62383895 0.5043324109375 0.6406735171875 0.4908336453125 0.6726591546875 0.4857419078125 0.6818086250000001 0.4784598390625 0.7298968328125001 0.4750852109375 0.7601989109375 0.486334140625 0.7804004703125 0.5122066281250001 0.8090191796875
5 0.640444446875 0.3679535265625 0.655068090625 0.3359678265625 0.6573178421875 0.293881409375 0.6415693234375001 0.24842813281249998 0.6134469984375001 0.211392040625 0.5920740140625 0.1962409375 0.563951690625 0.1911905796875 0.5335796140625 0.20970860937500002 0.5167062171875 0.24337770937499997 0.5122066281250001 0.2686295609375 0.5178310953125 0.315766396875 0.523716590625 0.3474237671875 0.542578790625 0.38815501874999997 0.57745045625 0.40498958749999997 0.6100723718750001 0.3948888078125 0.640444446875 0.3679535265625
5 0.5155813421875 0.2400108484375 0.5257053968750001 0.22149278906249997 0.5448285421875 0.201291328125 0.5763255796875 0.1895071828125 0.5853246734375 0.160888340625 0.5920740140625 0.12890267187499999 0.57745045625 0.0935501078125 0.5617019359375 0.05483065 0.5414538296875 0.0447298390625 0.5167062171875 0.0329456625 0.4874590171875 0.0480967671875 0.486334140625 0.0497802296875 0.46496115781249997 0.06998169062500001 0.453712228125 0.091866646875 0.451462390625 0.13226960000000001 0.4618319203125 0.187592009375 0.48520917968750005 0.20465822031249997 0.49645810937499996 0.22485971249999998 0.5155813421875 0.2400108484375
5 0.25685595625 0.4134068703125 0.2692297609375 0.45044292812500003 0.2917276203125 0.48916242031249996 0.3232246578125 0.487478925 0.3614709515625 0.457176715625 0.3805941828125 0.42687451093749995 0.397467578125 0.420140659375 0.397467578125 0.36290317031249997 0.3895932765625 0.3292340375 0.368220378125 0.2989318328125 0.3648456640625 0.2787303375 0.34347268125 0.27031305625 0.3209748203125 0.265262696875 0.2906027453125 0.293881409375 0.26810488593750004 0.315766396875 0.2602305828125 0.352802390625 0.25685595625 0.4134068703125
5 0.3805941828125 0.256845415625 0.394092865625 0.22654317656249998 0.414340971875 0.2029747578125 0.4345889953125 0.19287404375 0.45596197812500006 0.1810898984375 0.44021345937499995 0.1339530625 0.42221519062499996 0.10533435 0.397467578125 0.0851328265625 0.37721947031249997 0.08681625625 0.3637207890625 0.0986004671875 0.34684739375 0.113751634375 0.3344735890625 0.1356364921875 0.3198499453125 0.1592049109375 0.31535035625 0.1861401921875 0.3164752328125 0.2130755046875 0.331098875 0.265262696875 0.337848215625 0.2669461296875 0.37159500625 0.29219797812500004 0.3805941828125 0.256845415625
5 0.1904872515625 0.38310466249999997 0.1679893921875 0.40667301875 0.1578653375 0.443709075 0.1533657484375 0.4807451359375 0.14999112187500002 0.519464625 0.16124005 0.54303304375 0.17698857031249998 0.5699684546875 0.2107353609375 0.5817525328125 0.23323321875 0.5598676125 0.2501066140625 0.5463999046875 0.26698000781250003 0.5261984765625 0.27372935 0.49589620781250004 0.27260447499999996 0.49589620781250004 0.274854225 0.45549328750000007 0.2478567765625 0.40498958749999997 0.2276087546875 0.38478809531249997 0.1904872515625 0.38310466249999997
5 0.2354829703125 0.5985871015625001 0.2354829703125 0.6272058765625 0.2388576859375 0.6676087984375 0.24673190156249997 0.692860646875 0.2512314890625 0.7063282875 0.2703546375 0.719795990625 0.301851675 0.7315801359375 0.31422548125 0.7248463468749999 0.340098053125 0.7080117828125 0.3479722703125 0.6844433624999999 0.353596734375 0.654141284375 0.3648456640625 0.63730671875 0.37496971874999996 0.6305727375 0.3783443453125 0.6221554546875 0.368220378125 0.5901698171875001 0.3592212 0.566601396875 0.34684739375 0.5396661171875 0.329974 0.5228315515624999 0.3187250703125 0.5127307734375 0.3108507671875 0.5043134890625 0.31133965625000004 0.5072555234375 0.28047869062499997 0.52114805625 0.2624804203125 0.5396661171875 0.23773272343750002 0.5767021765625 0.2354829703125 0.5985871015625001
5 0.3603460765625 0.5682848921875 0.368220378125 0.5851194609375 0.3794693078125 0.6086878140625 0.39071823906250003 0.615421665625 0.39521774062500004 0.595220303125 0.394092865625 0.5817525328125 0.3929679890625 0.5531338859375 0.397467578125 0.5278819078125 0.4087165078125 0.5043134890625 0.4188405640625 0.47737820781250007 0.4492126390625 0.4723278515625 0.44808776406249995 0.45886021093749996 0.4334641203125 0.443709075 0.41096625937500003 0.43024143593749997 0.39521774062500004 0.4319248671875 0.37271988125 0.443709075 0.35022202187499996 0.465594 0.341222928125 0.479061640625 0.3380625828125 0.51566771875 0.340098053125 0.5312488359375 0.34684739375 0.5463999046875 0.3603460765625 0.5682848921875
5 0.2557310796875 0.7955514765625 0.2478567765625 0.8241703156250001 0.25460611875 0.8561560187499999 0.26135554375000003 0.888141590625 0.27372935 0.9066597156249999 0.30522630156249997 0.923494284375 0.3389730921875 0.9268611453125001 0.3614709515625 0.9066597156249999 0.37721947031249997 0.8847747281249999 0.3839688125 0.8544724578125 0.385093771875 0.8376378921875001 0.37721947031249997 0.7955514765625 0.3625959140625 0.7719831859374999 0.34459755625 0.7383141171875 0.341222928125 0.7248463468749999 0.31760019375000004 0.719795990625 0.31133965625000004 0.7280757125 0.2782289390625 0.748414703125 0.27260447499999996 0.755148684375 0.2602305828125 0.773666615625 0.2557310796875 0.7955514765625
5 0.4750852109375 0.763565965625 0.48295942812500003 0.7231628515625 0.4773349640625 0.6861268578125 0.4627113203125 0.6642418703125 0.4435881734375 0.6440404421875 0.40984138437500006 0.63730671875 0.40196716875 0.61878859375 0.394092865625 0.5985871015625001 0.38621865 0.615421665625 0.3637207890625 0.63730671875 0.34347268125 0.6591915140625 0.337848215625 0.68949371875 0.34459755625 0.7214795515625 0.3513469828125 0.7534651234374999 0.356971446875 0.7753500468750001 0.369345253125 0.8107026125000001 0.3805941828125 0.812386040625 0.4053417953125 0.8107026125000001 0.4368388328125 0.797235034375 0.46383628281249994 0.7787169078125 0.4750852109375 0.763565965625
5 0.4188405640625 0.9521129937499999 0.4525873515625 0.9638971390625001 0.4773349640625 0.9638971390625001 0.5077070406249999 0.9453791421875 0.5223306828125 0.9218107218749999 0.5302048984375001 0.8982424328124999 0.5347044890625 0.8595228796875001 0.5302048984375001 0.834271028125 0.514456465625 0.814069603125 0.4908336453125 0.7871341921874999 0.481834553125 0.7719831859374999 0.4739602515625 0.763565965625 0.4458379265625 0.7938680437500001 0.41209113437499995 0.8039687609374999 0.394092865625 0.8224868828125 0.394092865625 0.829220609375 0.385093771875 0.872990584375 0.381719059375 0.9083431484375 0.3895932765625 0.9403288484375001 0.4188405640625 0.9521129937499999
5 0.563951690625 0.8309041671875 0.5470782953125 0.851105596875 0.5347044890625 0.8847747281249999 0.5358293656249999 0.9083431484375 0.5470782953125 0.94201228125 0.5583272234375001 0.9655807 0.6010731921875 0.960530278125 0.6179465859375 0.9487461328125001 0.6415693234375001 0.9251777125 0.652818253125 0.8830912968750001 0.6505685 0.8494221640624999 0.635944859375 0.8157530312500001 0.611197246875 0.7871341921874999 0.607822534375 0.797235034375 0.583074921875 0.8157530312500001 0.563951690625 0.8309041671875
5 0.6663170187499999 0.8494221640624999 0.7023135609375 0.8494221640624999 0.7270611734375 0.834271028125 0.75180886875 0.8022853281250001 0.7675573875 0.7686161953124999 0.7686822640625001 0.7315801359375 0.74955903125 0.6861268578125 0.73606035 0.6676087984375 0.710187778125 0.6844433624999999 0.6888148796875 0.7214795515625 0.66406718125 0.7164290656250001 0.6505685 0.7080117828125 0.64186005 0.70914826875 0.6168217109375 0.7585154796875 0.6145718734375001 0.8039687609374999 0.6483186625 0.8393214515625 0.6663170187499999 0.8494221640624999
5 0.7045633125 0.41003994375 0.7146873671875 0.4319248671875 0.72031183125 0.47401128437500006 0.72143670625 0.48579549218749996 0.7540586203124999 0.497579703125 0.7574333359375001 0.46727749531249996 0.7686822640625001 0.43697522343750006 0.7855556578125 0.420140659375 0.7945548375 0.398255734375 0.7900552484375 0.3578528140625 0.7731818546875 0.3123994734375 0.7675573875 0.30398218906249996 0.73606035 0.28378069687499996 0.7113127390625 0.287147621875 0.6888148796875 0.30398218906249996 0.6741912359375 0.36121967499999996 0.6708165234375 0.36627009843749997 0.682065453125 0.38142116718749997 0.7045633125 0.41003994375
5 0.6280706406250001 0.223176315625 0.6460689109375 0.2501115640625 0.6561929656250001 0.287147621875 0.66294230625 0.319133259375 0.682065453125 0.319133259375 0.6978139718749999 0.293881409375 0.707938025 0.27367998125000004 0.6978139718749999 0.238327353125 0.69556421875 0.206341746875 0.680940578125 0.1457372390625 0.6606925546875 0.1390034828125 0.6201963390625 0.14237034375 0.6021980671875 0.150787628125 0.5864495484375001 0.17603947656250002 0.584199796875 0.1996078640625 0.6033229437500001 0.20802514843750003 0.6280706406250001 0.223176315625
5 0.8620484171875 0.5447164765625 0.872172384375 0.502630059375 0.8620484171875 0.45044292812500003 0.8316763390625 0.420140659375 0.8046788062499999 0.420140659375 0.7844307828125 0.425191078125 0.7540586203124999 0.4723278515625 0.7619329234375 0.5043134890625 0.7619329234375 0.4992631328125 0.7675573875 0.5396661171875 0.7866805359375 0.5682848921875 0.8238019515625 0.5783857343750001 0.8620484171875 0.5447164765625
5 0.7743067296875 0.54303304375 0.7529337453125 0.5043134890625 0.72368654375 0.4807451359375 0.7135624921875 0.497579703125 0.7045633125 0.5463999046875 0.705688275 0.5463999046875 0.7180620796875 0.5901698171875001 0.7169372046875 0.6507742296875 0.74730928125 0.6676087984375 0.7709320171875 0.645724003125 0.793429875 0.5918532484375 0.7956796265625 0.5985871015625001 0.7889302875 0.57501868125 0.7743067296875 0.54303304375