5 0.7744782375 0.6077578828125 0.81831780625 0.58401009375 0.8265378171875 0.5547819875 0.8128379375 0.5273806765625 0.7635182921875 0.5036328875 0.7388584671875 0.5018061609375 0.6922789640625 0.51642018125 0.656659196875 0.5365144468749999 0.651179328125 0.563915759375 0.65939913125 0.593143865625 0.7087187765625 0.61141140625 0.7498184125 0.613238271875 0.7744782375 0.6077578828125
5 0.665875546875 0.50570873125 0.6549156015625 0.4746539 0.622035978125 0.44907931406249996 0.5918962859375 0.44359906562500007 0.5672364625 0.47100037656250004 0.5288767609375 0.48196094375 0.5069568703125 0.494748165625 0.5042169375000001 0.522149478125 0.517916815625 0.5258029984375 0.559016453125 0.5477240625 0.597376153125 0.5458973359375 0.6445561875 0.5301281671875 0.665875546875 0.50570873125
5 0.27405893593749997 0.478307421875 0.2685790671875 0.5020552109375 0.304198834375 0.536763565625 0.342558328125 0.5550311046874999 0.3754381625 0.556857971875 0.41105772187499995 0.5495507875000001 0.43023767656249995 0.538590290625 0.44941742187499994 0.5093622546875001 0.44941742187499994 0.4984016890625 0.41105772187499995 0.46734685468750004 0.3918779734375 0.4509061109375 0.36721815156250004 0.44359906562500007 0.3124186375 0.4563863578125 0.27405893593749997 0.478307421875
5 0.5014770046875 0.49350267031249995 0.5480565078125 0.47523513125 0.5781964078125 0.45148734218750003 0.597376153125 0.429566278125 0.583676275 0.400338240625 0.5562765187500001 0.385724153125 0.52065675 0.3820707015625 0.4636910703125 0.3747448265625 0.4209723421875 0.3945069578125 0.4026643359375 0.42124400937499995 0.40557785312499994 0.45514086249999997 0.4488703171875 0.4909928 0.5014770046875 0.49350267031249995
5 0.256200153125 0.354401428125 0.2474820484375 0.3782322453125 0.2535847625 0.4096192109375 0.2685790671875 0.4308117734375 0.30145869375 0.44725258749999997 0.342558328125 0.44542586249999994 0.3699580859375 0.4326385703125 0.38871538125 0.39276324375 0.3582020171875 0.35672636406249997 0.33466309375000003 0.34335784999999996 0.293688028125 0.341614134375 0.256200153125 0.354401428125
5 0.1589800390625 0.47100037656250004 0.2137795515625 0.47100037656250004 0.2630991984375 0.4600398796875 0.27405893593749997 0.44177234062500004 0.2603590578125 0.421678003125 0.246659178125 0.39610348906250004 0.2439192453125 0.38148947031249997 0.22199956406250002 0.36687538124999997 0.15681378125 0.36544496249999997 0.1123514609375 0.38811331718750003 0.10537695 0.41891904062499996 0.12062033593749999 0.44907931406249996 0.1589800390625 0.47100037656250004
5 0.23931120625000002 0.3540881578125 0.277670909375 0.3339938234375 0.2968506546875 0.304765784375 0.2968506546875 0.28649824375 0.2667109640625 0.2554434109375 0.2420511421875 0.244482915625 0.19671637656250002 0.23157012500000002 0.14179232656250002 0.2449386390625 0.0982018015625 0.2815567484375 0.1214921671875 0.31937980312500003 0.1242321 0.341300865625 0.146151990625 0.3540881578125 0.206431371875 0.3632219296875 0.23931120625000002 0.3540881578125
5 0 0.3613951328125 0.027461120312499997 0.38148947031249997 0.0904806453125 0.374182425 0.1398002921875 0.34678111562499997 0.1288403484375 0.3212065296875 0.117880403125 0.3065925109375 0.12062033593749999 0.2919784921875 0.0877407125 0.281017996875 0.0219812515625 0.28467144843750003 0 0.3175530765625 0 0.3613951328125
5 0.200951471875 0.198814096875 0.1885992234375 0.16541938125 0.173778471875 0.150307153125 0.14341202343749998 0.12939738750000002 0.116012265625 0.123917103125 0.06121275 0.12209034375000001 0.036552928125 0.1421846453125 0.0146330390625 0.1823732484375 0.01189310625 0.209774559375 0.0603527671875 0.23185758750000002 0.1077922546875 0.25361668593750003 0.1735517140625 0.24082939374999998 0.189991528125 0.22986882656250002 0.200951471875 0.198814096875
5 0.21388174062499998 0.19564386250000002 0.2165194875 0.224388578125 0.2439192453125 0.23900259687499997 0.2877588125 0.25361668593750003 0.3452984703125 0.2481363671875 0.36447821875 0.2225618515625 0.3647049765625 0.203199978125 0.35351827343750003 0.173239478125 0.3151585703125 0.1677591953125 0.2783957265625 0.1630944359375 0.2365487984375 0.17355679375 0.21388174062499998 0.19564386250000002
5 0.5866654359375 0.3800778453125 0.6293350546875 0.3596325640625 0.64066861875 0.33231429375 0.6168051265625001 0.2923936640625 0.5613338125 0.2829089046875 0.5325641078125 0.28232765625 0.4758964296875 0.298021134375 0.44712665781250005 0.3230144515625 0.45514651875 0.35450333125 0.504466165625 0.3727708703125 0.5866654359375 0.3800778453125
5 0.737114875 0.3595684078125 0.7316350078125 0.3942766921875 0.7617746984375 0.4271583203125 0.8467139046875 0.425331525 0.9015134171874999 0.4015837359375 0.9179532296874999 0.3650486546875 0.9042533531249999 0.34678111562499997 0.8549339140625 0.33764734375 0.8302740906249999 0.3431275921875 0.7699947078125 0.34678111562499997 0.737114875 0.3595684078125
5 0.9217918062500001 0.554540228125 0.9809727546874999 0.5349367703125 0.9974125687500001 0.51301570625 0.9946726328125 0.48013414687499995 0.9590528656249999 0.4527328375 0.893293615625 0.44177234062500004 0.8713737265624999 0.463693403125 0.8442007296874999 0.49118506718750005 0.8415852703125 0.5307094 0.8764576875 0.5487278296875 0.9217918062500001 0.554540228125
5 0.7562948296875 0.50570873125 0.7891744562499999 0.5166692281249999 0.8302740906249999 0.50570873125 0.84397396875 0.4874411921875 0.8494538374999999 0.47100037656250004 0.8521939812499999 0.4527328375 0.8275341562499999 0.4289850484375 0.745334884375 0.4235047984375 0.7097151171875 0.4527328375 0.6987551734374999 0.48196094375 0.7179351265625 0.5038819359375 0.7562948296875 0.50570873125
5 0.607068309375 0.3754279296875 0.5946362203125 0.3942766921875 0.5918962859375 0.41071750625 0.602856021875 0.4344652953125 0.6247759109375 0.44725258749999997 0.665875546875 0.4545596328125 0.71519519375 0.4545596328125 0.728895071875 0.436292090625 0.7316350078125 0.41071750625 0.7261549296875 0.3869697171875 0.7204036687500001 0.36903425625 0.682315359375 0.341300865625 0.6515305640625 0.338809775 0.6332226234375 0.3545032578125 0.607068309375 0.3754279296875
5 0.3681922328125 0.2310995125 0.39434654375 0.24853668906249998 0.41962899531250003 0.25376785625 0.44752696875 0.25202416250000004 0.4797839296875 0.247374225 0.49460474843749996 0.2409805953125 0.5102972953125 0.22470585937499998 0.515528146875 0.20436246093750002 0.5137845515625 0.19157517968749999 0.5007073937500001 0.177625434375 0.4858866421875 0.1671631203125 0.46845043437499995 0.1537945828125 0.4492705640625 0.15205086875 0.41701360468750004 0.1572820375 0.40393644531249995 0.1619319515625 0.38126938906249996 0.177625434375 0.36557677499999996 0.19564386250000002 0.36208951875 0.21831222968750003 0.3681922328125 0.2310995125
5 0.3708076234375 0.1828565796875 0.39434654375 0.1671631203125 0.407423703125 0.159025753125 0.4239880484375 0.153213353125 0.46060412656249994 0.150307153125 0.46060412656249994 0.14216978593750002 0.459732328125 0.122988871875 0.456245075 0.1061329265625 0.4501423625 0.09625184375 0.4274753015625 0.0857895296875 0.4082954984375 0.0811395921875 0.39434654375 0.07997713125 0.3542432109375 0.08753324375 0.33593520312499997 0.10090175937500001 0.331576153125 0.1160139890625 0.33593520312499997 0.1293825234375 0.34029425625 0.14565723749999998 0.3490123625 0.1625131828125 0.36557677499999996 0.1863440328125 0.3681922328125 0.18866897968750002 0.3708076234375 0.1828565796875
5 0.5225026546875 0.177625434375 0.5626059234375 0.17936919375 0.584401184375 0.1799503796875 0.6044528515625001 0.17646299375000002 0.6236326546875001 0.1601882359375 0.631479028125 0.14507598593749998 0.6332226234375 0.131707471875 0.6297353015625 0.1136890421875 0.621017196875 0.1061329265625 0.6035809875 0.09625184375 0.5791703359375 0.08753324375 0.54429791875 0.0834645609375 0.512912753125 0.0857895296875 0.4902456953125 0.098576790625 0.4797839296875 0.1072953890625 0.4693222296875 0.1072953890625 0.46757857031250005 0.1328699546875 0.471065825 0.150307153125 0.48501477968750006 0.1694880671875 0.5225026546875 0.177625434375
5 0.6131709562500001 0.24214305781249998 0.6445561875 0.2491179625 0.6733258249999999 0.25202416250000004 0.7143010234375 0.25202416250000004 0.7421989296875 0.2467929953125 0.762250596875 0.2345869875 0.7700968390625 0.2212184296875 0.7744558921875 0.20261879062500002 0.770968703125 0.1840190640625 0.761378734375 0.1723942671875 0.7430706625 0.1625131828125 0.7143010234375 0.15553832031249998 0.6759412828125 0.1537945828125 0.645427915625 0.159025753125 0.6245045203124999 0.17936919375 0.617530009375 0.1863440328125 0.5992219359375001 0.199712590625 0.594862884375 0.2130810609375 0.5974783421875001 0.22644957500000001 0.6131709562500001 0.24214305781249998
5 0.33593520312499997 0.336303953125 0.3411660546875 0.3456037828125 0.3498841578125 0.356066075 0.376038471875 0.3676908734375 0.40393644531249995 0.3694346125 0.4283471 0.3647846734375 0.4440397140625 0.3624597484375 0.44752696875 0.3519974140625 0.43532160937500003 0.334560215625 0.43270615156250003 0.325260384375 0.44752696875 0.3153792796875 0.459732328125 0.30782318750000004 0.4649631796875 0.29561715781250003 0.4379370671875 0.282248621875 0.41352634843749997 0.273530021875 0.3873720359375 0.2723675609375 0.3716794203125 0.273530021875 0.34552510625 0.2863172828125 0.329832559375 0.30084828125 0.329832559375 0.31886675625 0.33593520312499997 0.336303953125
5 0.2042918390625 0.1828565796875 0.230446153125 0.1723942671875 0.2574722640625 0.16541938125 0.29147288437499996 0.16541938125 0.3289607609375 0.16774439531250002 0.33593520312499997 0.16541938125 0.331576153125 0.14623847031249998 0.32547350625 0.1311262390625 0.3167554 0.1131077890625 0.30629363593750003 0.1067141578125 0.28275477968749996 0.09625184375 0.2539850078125 0.0945081296875 0.228702559375 0.095670590625 0.2042918390625 0.10206424218750001 0.2042918390625 0.1049704421875 0.17900932187500002 0.1276387875 0.1833683734375 0.15553832031249998 0.197317328125 0.174719234375 0.2042918390625 0.1828565796875
5 0.27578026875 0.09043944375 0.3054218390625 0.08985819218749999 0.3263453015625 0.0793958765625 0.344653309375 0.0683523328125 0.357730465625 0.0456839671875 0.3542432109375 0.0218531484375 0.344653309375 0.008484612499999999 0.3246017078125 0.0049971703125 0.276652134375 0.0038346875000000004 0.2278306953125 0.00441595 0.206035434375 0.0125532859375 0.1859838328125 0.0230156109375 0.1729066765625 0.042196546875000004 0.17900932187500002 0.07067727812499999 0.20254824531249999 0.0857895296875 0.219112590625 0.0863707609375 0.2409078515625 0.0886957296875 0.27578026875 0.09043944375
5 0.4693222296875 0.091020675 0.5076819046875001 0.08753324375 0.532092559375 0.0788146453125 0.5591186687499999 0.0817208453125 0.5870166421875 0.08520827656249999 0.60183739375 0.0700960484375 0.59835020625 0.054402564062500006 0.5896321 0.041615281250000004 0.593991153125 0.0235968421875 0.5896321 0.014297010937499998 0.5599905328125 0.00034725625 0.45711687031250003 0 0.4300907609375 0.036384146875 0.4300907609375 0.0584712484375 0.44752696875 0.07997713125 0.4693222296875 0.091020675
5 0.6131709562500001 0 0.594862884375 0.0183656859375 0.593119290625 0.037546609375 0.6035809875 0.06312116250000001 0.641068865625 0.0747459609375 0.6733258249999999 0.07707093125 0.7186600750000001 0.0776521609375 0.7570196828125 0.06951479375 0.7761994875 0.057308764062499996 0.7892766421874999 0.0398715671875 0.7875330484374999 0.0154594859375 0.7657377859375 0 0.6131709562500001 0
5 0.8354826234375 0.15960698281250002 0.8677395828125001 0.1584445203125 0.8843040625 0.15495706874999998 0.902612003125 0.1276387875 0.9043555968750001 0.1072953890625 0.8877912515625 0.09392687499999999 0.8415852703125 0.0823020765625 0.7875330484374999 0.0747459609375 0.7570196828125 0.0857895296875 0.748301578125 0.10845787343749999 0.7465579828125 0.1351949234375 0.7683532453125 0.156119553125 0.8354826234375 0.15960698281250002
5 0.847687915625 0.24214305781249998 0.8773295515624999 0.2450492578125 0.9095865125 0.253186625 0.9348689609375 0.24214305781249998 0.9392280140624999 0.2223809140625 0.9374844203125001 0.1950626328125 0.9139455640625 0.1694880671875 0.8834321984375 0.164838196875 0.8546624265625 0.1642569203125 0.7962511531249999 0.17530046562499998 0.79014850625 0.194481378125 0.79014850625 0.218893459375 0.8058411203125001 0.23574942656250003 0.847687915625 0.24214305781249998
5 0.7788149453125001 0.31886675625 0.8215336015625001 0.33165401562499996 0.8503033734375001 0.334560215625 0.8877912515625 0.33862887656249996 0.9043555968750001 0.3333977546875 0.9183046156250001 0.31654178593750004 0.9235355328124999 0.289804759375 0.912201971875 0.2653926546875 0.88517579375 0.2549303625 0.8485597796875 0.24853668906249998 0.7936356953125 0.2496991953125 0.7892766421874999 0.25202416250000004 0.7596351390625 0.2682988546875 0.7413270671875 0.2921296828125 0.7657377859375 0.30666068125 0.7788149453125001 0.31886675625
5 0.6192736046875 0.30724195625 0.6297353015625 0.32467915468749997 0.6576333421875 0.33165401562499996 0.7029674609375001 0.328166584375 0.7265063171875 0.3182854796875 0.737839878125 0.2985233578125 0.7273781796875001 0.278179959375 0.7169163484375 0.26132399375 0.6994801390625 0.26132399375 0.6567614796875 0.25667405625 0.6201454671875 0.25086165625 0.6009656640625 0.2578365625 0.5748112828124999 0.2758549921875 0.5739394875 0.28457358906249997 0.602709259375 0.2909672203125 0.6192736046875 0.30724195625