5 0.69140625 0.27890625 0.140625 0.20546875
5 0.7671875 0.42265625 0.1171875 0.1875
5 0.8671875 0.5359375 0.1359375 0.1953125
5 0.8109375 0.6859375 0.1546875 0.19765625
5 0.70859375 0.5859375 0.1421875 0.18828125
5 0.63125 0.4703125 0.08203125 0.109375
5 0.56484375 0.3453125 0.1265625 0.1390625
5 0.46171875 0.48046875 0.140625 0.2140625
5 0.59453125 0.62265625 0.1453125 0.221875
5 0.46328125 0.69765625 0.15703125 0.19921875
5 0.3609375 0.5890625 0.12578125 0.18203125
5 0.23671875 0.5515625 0.1375 0.18203125