5 0.821875 0.83203125 0.13515625 0.21796875
5 0.865625 0.69375 0.0921875 0.140625
5 0.9125 0.77890625 0.11015625 0.16640625
5 0.7078125 0.7359375 0.13046875 0.19296875
5 0.68515625 0.821875 0.10625 0.2015625
5 0.603125 0.9453125 0.11796875 0.10859375
5 0.11640625 0.93046875 0.14296875 0.11484375
5 0.340625 0.48125 0.13359375 0.19140625
5 0.4609375 0.52109375 0.1375 0.18828125
5 0.5 0.3859375 0.10703125 0.16328125
5 0.56015625 0.56015625 0.11328125 0.22421875
5 0.3046875 0.634375 0.0921875 0.1390625
5 0.22265625 0.49140625 0.1390625 0.1953125