5 0.6046875 0.215625 0.078125 0.14765625
5 0.61640625 0.33046875 0.11171875 0.17109375
5 0.63828125 0.45234375 0.11328125 0.14375
5 0.55390625 0.41015625 0.09453125 0.12734375
5 0.4828125 0.359375 0.06171875 0.0859375
5 0.465625 0.4671875 0.12578125 0.14453125
5 0.3953125 0.51484375 0.07890625 0.10546875
5 0.38671875 0.58359375 0.08671875 0.07734375
5 0.3375 0.6140625 0.08515625 0.11015625
5 0.221875 0.57109375 0.09609375 0.0984375
5 0.1140625 0.646875 0.12265625 0.1234375
5 0.19296875 0.3265625 0.08984375 0.1453125
5 0.325 0.38359375 0.10546875 0.12890625
5 0.0859375 0.109375 0.0859375 0.1296875
5 0.31171875 0.784375 0.1296875 0.16796875
5 0.465625 0.81640625 0.103125 0.134375
5 0.596875 0.7421875 0.05859375 0.12109375
5 0.70234375 0.82421875 0.1640625 0.15859375
5 0.73203125 0.72890625 0.12734375 0.1578125