5 0.3828125 0.07578125 0.059375 0.1015625
5 0.40546875 0.13359375 0.090625 0.1625
5 0.5046875 0.12578125 0.0671875 0.13359375
5 0.4984375 0.178125 0.05703125 0.12265625
5 0.51953125 0.42109375 0.07109375 0.15703125
5 0.6515625 0.1734375 0.046875 0.0796875
5 0.7015625 0.19140625 0.06328125 0.13671875
5 0.77734375 0.2453125 0.04765625 0.11484375
5 0.8234375 0.3078125 0.07578125 0.16796875
5 0.65234375 0.515625 0.075 0.14296875
5 0.615625 0.40390625 0.09765625 0.14609375
5 0.3140625 0.3328125 0.07890625 0.12421875
5 0.21484375 0.37734375 0.09453125 0.09296875
5 0.25625 0.2265625 0.084375 0.13828125