5 0.5953125 0.24375 0.046875 0.09453125
5 0.61484375 0.26171875 0.03203125 0.05234375
5 0.65 0.3390625 0.0546875 0.0828125
5 0.721875 0.33984375 0.05234375 0.08046875
5 0.74296875 0.30078125 0.046875 0.08359375
5 0.6953125 0.44765625 0.04453125 0.08515625
5 0.54296875 0.3359375 0.05234375 0.06796875
5 0.50625 0.27578125 0.04609375 0.07578125
5 0.5390625 0.26171875 0.04765625 0.0828125
5 0.4484375 0.33828125 0.05234375 0.090625
5 0.50546875 0.39375 0.0578125 0.0765625
5 0.53984375 0.4328125 0.0359375 0.05078125
5 0.57578125 0.52421875 0.05390625 0.0875
5 0.62109375 0.57421875 0.05625 0.08984375
5 0.51953125 0.559375 0.0734375 0.07578125
5 0.440625 0.5421875 0.03984375 0.06796875
5 0.38671875 0.54375 0.06171875 0.10078125
5 0.35390625 0.475 0.04765625 0.0625
5 0.3265625 0.3375 0.06640625 0.09296875
5 0.3484375 0.3171875 0.053125 0.0609375
5 0.190625 0.33046875 0.01953125 0.03515625
5 0.20859375 0.3546875 0.05234375 0.07578125