5 0.2421875 0.0921875 0.05 0.08671875
5 0.1953125 0.14375 0.0421875 0.06171875
5 0.215625 0.20625 0.05546875 0.09453125
5 0.2796875 0.18046875 0.053125 0.10546875
5 0.42109375 0.33984375 0.04140625 0.0625
5 0.40390625 0.41328125 0.04609375 0.0890625
5 0.340625 0.47265625 0.03828125 0.0578125
5 0.33515625 0.5046875 0.06953125 0.08359375
5 0.55625 0.3609375 0.03359375 0.05078125
5 0.59375 0.434375 0.05859375 0.1046875
5 0.73515625 0.53984375 0.0828125 0.0921875
5 0.65546875 0.68203125 0.059375 0.0921875
5 0.6140625 0.61796875 0.04140625 0.08984375
5 0.60234375 0.68046875 0.059375 0.06484375
5 0.6046875 0.746875 0.06953125 0.10234375
5 0.64375 0.86015625 0.06484375 0.09921875
5 0.68984375 0.80234375 0.0546875 0.084375
5 0.7484375 0.8265625 0.0578125 0.0953125
5 0.79140625 0.840625 0.059375 0.06875
5 0.80078125 0.778125 0.05703125 0.08203125
5 0.840625 0.80234375 0.071875 0.10078125
5 0.85546875 0.70078125 0.04609375 0.07734375
5 0.9 0.675 0.0546875 0.0625
5 0.89453125 0.61953125 0.0546875 0.07265625
5 0.93828125 0.6234375 0.04765625 0.07578125
5 0.94921875 0.5625 0.04453125 0.0671875
5 0.9125 0.53359375 0.0515625 0.071875
5 0.925 0.48515625 0.0453125 0.0734375
5 0.86171875 0.5 0.03984375 0.053125
5 0.840625 0.465625 0.0421875 0.059375