5 0.1671875 0.19375 0.1046875 0.0875
5 0.27890625 0.2390625 0.08203125 0.09453125
5 0.37109375 0.2296875 0.11796875 0.0921875
5 0.43046875 0.234375 0.10625 0.08046875
5 0.515625 0.20625 0.0890625 0.08671875
5 0.59296875 0.2125 0.09296875 0.0703125
5 0.6609375 0.18671875 0.10234375 0.115625
5 0.73046875 0.23515625 0.109375 0.1328125
5 0.7421875 0.296875 0.103125 0.12109375
5 0.60703125 0.33203125 0.1328125 0.10546875
5 0.55 0.4140625 0.12890625 0.11015625
5 0.38046875 0.3609375 0.115625 0.0953125
5 0.23515625 0.3421875 0.0875 0.08828125
5 0.2625 0.42421875 0.14765625 0.125
5 0.18125 0.4546875 0.10703125 0.09765625
5 0.43046875 0.665625 0.13984375 0.13359375
5 0.6625 0.6859375 0.2390625 0.1875
5 0.5984375 0.82734375 0.13671875 0.16171875
5 0.42109375 0.86015625 0.1421875 0.15078125
5 0.31796875 0.74609375 0.121875 0.1046875