5 0.49296875 0.25234375 0.08828125 0.0796875
5 0.51171875 0.3421875 0.071875 0.0765625
5 0.51015625 0.3984375 0.06796875 0.0640625
5 0.475 0.45390625 0.09609375 0.0859375
5 0.44140625 0.43046875 0.08359375 0.078125
5 0.37890625 0.4265625 0.1015625 0.08984375
5 0.38515625 0.4734375 0.08203125 0.08515625
5 0.3953125 0.51796875 0.0859375 0.07734375
5 0.3484375 0.54453125 0.11640625 0.0921875
5 0.27890625 0.48984375 0.09375 0.071875
5 0.2421875 0.43515625 0.08359375 0.0734375
5 0.20859375 0.3734375 0.08359375 0.0828125
5 0.16796875 0.415625 0.06484375 0.07734375
5 0.1453125 0.35703125 0.0875 0.0921875
5 0.15 0.50234375 0.0921875 0.08828125
5 0.11875 0.56484375 0.06953125 0.08984375
5 0.10703125 0.6265625 0.04609375 0.05546875
5 0.19765625 0.7421875 0.1375 0.1015625
5 0.29375 0.7375 0.096875 0.08359375
5 0.4734375 0.75234375 0.10234375 0.09765625
5 0.565625 0.72578125 0.1078125 0.06953125
5 0.65625 0.7171875 0.08125 0.0828125
5 0.77421875 0.66015625 0.08515625 0.09140625