5 0.7067618828125 0.40444442968749994 0.771804 0.38666666875 0.7851460453125 0.306666703125 0.7617975296874999 0.2266666515625 0.7201038 0.19777777968750002 0.6367163390624999 0.200000053125 0.5883516484375 0.23333338593750003 0.565003134375 0.3111111640625 0.5700063703125 0.38000001875 0.591687096875 0.43333338593750004 0.6500583203125 0.4733333703125 0.67841006875 0.43333338593750004 0.7067618828125 0.40444442968749994
5 0.7451200375 0.6311111140625 0.7968202375 0.5866666687500001 0.830175221875 0.5555556078125 0.8668657812499999 0.5222222750000001 0.8618624828125 0.44000003593750003 0.806826834375 0.39555559218749997 0.741784590625 0.3911111296875 0.6917521140625 0.42444446406249997 0.6550616171875 0.48222220625 0.6400518500000001 0.5133333515625 0.6383841265625 0.5755555578125 0.645055084375 0.6066667031249999 0.7184360765625 0.613333521875 0.7451200375 0.6311111140625
5 0.8351785218750001 0.8244446328124999 0.8601947593749999 0.7333333859375 0.8935497437500001 0.6911113 0.9519209656250001 0.6800001890625 1 0.68222220625 0.993614696875 0.644444496875 0.9285724515625 0.5733333703125 0.8568593109375 0.5577779671875 0.805158984375 0.59333331875 0.7684685531250001 0.613333521875 0.7467877609375 0.671111096875 0.7467877609375 0.7400000359375001 0.8185010281249999 0.764444446875 0.8351785218750001 0.8244446328124999
5 0.7884814921875 1 0.8485205656250001 0.98888885625 0.833510796875 0.88888885625 0.830175221875 0.7777778296875 0.751791059375 0.7266666515625 0.660064853125 0.7177778140625 0.606696865625 0.742222225 0.568338646875 0.8266666515625 0.5416546203125 0.8955555921875 0.5483256421875 0.9400000359374999 0.631713103125 0.9200000015625 0.673406896875 0.951111146875 0.70842960625 1 0.7884814921875 1
5 0.6250420812499999 0.7266666515625 0.6667358109375 0.715555540625 0.7201038 0.713333521875 0.6884165390625 0.653333334375 0.631713103125 0.6155555406250001 0.551661153125 0.6066667031249999 0.5032964015625 0.6333333859375 0.4816156734375 0.6888889421875 0.47494465156250004 0.7844444796875 0.4966254421875 0.8755555578124999 0.536651384375 0.8999999687500001 0.5549966656249999 0.8733333703125 0.5866838624999999 0.7800001890625 0.6250420812499999 0.7266666515625
5 0.5299804265625 0.904444515625 0.498293165625 0.8755555578124999 0.486618909375 0.8200000015625 0.4499284140625 0.813333521875 0.3832184453125 0.8266666515625 0.33818926562499996 0.8688889937500001 0.30983751718749997 0.9355556593750001 0.2945051984375 0.9911110453124999 0.4816156734375 1 0.511635146875 0.9644444468750001 0.5299804265625 0.904444515625
5 0.283153490625 0.859999984375 0.22478226874999999 0.822222275 0.14473031875 0.8422222250000001 0.11637860156249999 0.9066667031250001 0.1007551984375 0.9883332687499999 0.286489003125 0.9977777796874999 0.298163259375 0.9311111140625 0.283153490625 0.859999984375
5 0.293160025 0.893333403125 0.301498771875 0.9488889578125 0.354866759375 0.8355557453125 0.4015637234375 0.8200000015625 0.389889465625 0.7488888734375 0.3615377171875 0.68666666875 0.29482774843750004 0.644444496875 0.22978556718749998 0.6622222578125 0.2081047765625 0.7022224109375 0.16474332187500002 0.8088888921875 0.21144028750000002 0.8311111140625 0.25146629531250003 0.8311111140625 0.293160025 0.893333403125
5 0.3848862328125 0.7200000015625 0.4099024703125 0.7733333703125 0.448260690625 0.7311111140625 0.47661243906250006 0.6377777640625 0.47994795 0.5400000359375 0.4549317109375 0.4733333703125 0.418241215625 0.44222222499999997 0.3465280125 0.44666668437499996 0.2964955359375 0.48666666875000003 0.271479296875 0.5511111468750001 0.2681437859375 0.6244446328125 0.29149223750000003 0.6555556078125 0.354866759375 0.6844444796875 0.3848862328125 0.7200000015625
5 0 0.6200000015625 0.006307146875 0.9111110796874999 0.059675103125 0.951111146875 0.1313883375 0.88888885625 0.153069065625 0.8244446328124999 0.138059359375 0.7555556078125 0.084691340625 0.6644444468749999 0.019649128125000002 0.6333333859375 0 0.6200000015625
5 0.2081047765625 0.6022224109375001 0.2231145453125 0.5511111468750001 0.2147757984375 0.47111109687499997 0.1714143453125 0.41111116406250003 0.099701109375 0.39333331875 0.048000878125 0.42444446406249997 0.02465239375 0.4955555921875 0.037994375000000004 0.5666667203125 0.0680138484375 0.613333521875 0.0946978421875 0.6377777640625 0.14639810625 0.5955555921875 0.2081047765625 0.6022224109375001
5 0.15473685312500002 0.8088888921875 0.203101540625 0.6911113 0.244795271875 0.6555556078125 0.19809830625 0.6155555406250001 0.11637860156249999 0.6044444296875 0.0880268515625 0.68222220625 0.12304959062500001 0.759999984375 0.15473685312500002 0.8088888921875
5 0.364873228125 0.44000003593750003 0.4149057046875 0.44222222499999997 0.406566959375 0.4133333515625 0.3632055046875 0.3733333703125 0.3031664953125 0.3622222578125 0.246463059375 0.40444442968749994 0.2364565265625 0.4755555578125 0.258137253125 0.5555556078125 0.2748147453125 0.5333333859375 0.31484075312500004 0.4777778296875 0.364873228125 0.44000003593750003
5 0.47828016250000005 0.5911113 0.49328993125 0.6644444468749999 0.549993365625 0.6200000015625 0.633380828125 0.613333521875 0.6383841265625 0.58222220625 0.646722871875 0.48000001875000003 0.603361353125 0.435555575 0.5549966656249999 0.3911111296875 0.49328993125 0.38888894218750003 0.44158966718750003 0.4311111140625 0.42491217499999995 0.4377777640625 0.46994141562499997 0.506666703125 0.47828016250000005 0.5911113
5 0.5099674234375 0.359999984375 0.54665791875 0.2888889421875 0.549993365625 0.22222227499999997 0.5166383828125001 0.1733333703125 0.446592965625 0.15999998437500002 0.389889465625 0.19333331874999998 0.3948927015625 0.3111111640625 0.42157672812499997 0.3555556078125 0.47327692812500005 0.3844444796875 0.5099674234375 0.359999984375
5 0.3948927015625 0.2622222578125 0.3948927015625 0.1777778296875 0.403231446875 0.12000000156249999 0.378215209375 0.0666667609375 0.326515009375 0.044444540625 0.2548018046875 0.0711111390625 0.22645005624999998 0.12222231875 0.233121015625 0.14222222499999998 0.23145329062500003 0.200000053125 0.2764825328125 0.264444446875 0.298163259375 0.28000001874999997 0.3832184453125 0.2733333703125 0.3948927015625 0.2622222578125
5 0.233121015625 0.44666668437499996 0.25146629531250003 0.39333331875 0.27981804375 0.359999984375 0.2764825328125 0.29777777968749997 0.25313401875 0.259999984375 0.19809830625 0.228888925 0.14806582968749998 0.246666684375 0.111375334375 0.3022222421875 0.113043090625 0.3777778296875 0.124717346875 0.39555559218749997 0.19976602968749999 0.4488888734375 0.233121015625 0.44666668437499996
5 1 0.013333351562500002 0.9502532421875 0.0288888828125 0.9002207656250001 0.0844444390625 0.8668657812499999 0.1555556078125 0.8518560140625 0.23555557500000002 0.8852109968749999 0.2955555921875 0.9152305343749999 0.322222275 0.97193390625 0.342222225 1 0.3400000359375 1 0.013333351562500002
5 0.9952824218749999 0.6311111140625 1 0.43333338593750004 0.9402467718749999 0.44000003593750003 0.8835432734375 0.49111112968750004 0.875204528125 0.5488888734375 0.901888490625 0.5666667203125 0.9702661828125001 0.5977777796875 0.9952824218749999 0.6311111140625