5 0.1203125 0.21875 0.05546875 0.13671875
5 0.24765625 0.20625 0.0546875 0.121875
5 0.31953125 0.2109375 0.0515625 0.125
5 0.37109375 0.18984375 0.05 0.1546875
5 0.35703125 0.3515625 0.071875 0.175
5 0.40234375 0.3 0.0703125 0.15703125
5 0.43046875 0.46171875 0.0765625 0.14375
5 0.228125 0.46015625 0.11953125 0.15546875
5 0.14921875 0.5765625 0.08828125 0.13125
5 0.22109375 0.60390625 0.04921875 0.06953125
5 0.6890625 0.31640625 0.06015625 0.15546875
5 0.6453125 0.1765625 0.08359375 0.1171875
5 0.70703125 0.1109375 0.07109375 0.11171875
5 0.71796875 0.21953125 0.07734375 0.1125
5 0.8640625 0.36171875 0.0640625 0.14140625
5 0.80703125 0.48828125 0.0890625 0.17578125
5 0.73125 0.54140625 0.11484375 0.18203125
5 0.65234375 0.603125 0.07734375 0.1640625