5 0.42578125 0.375 0.1265625 0.1
5 0.33359375 0.39140625 0.1046875 0.10234375
5 0.371875 0.4515625 0.07890625 0.08359375
5 0.41171875 0.525 0.10625 0.109375
5 0.51640625 0.60859375 0.1140625 0.10546875
5 0.5109375 0.4859375 0.084375 0.08359375
5 0.60390625 0.54609375 0.0984375 0.11015625
5 0.615625 0.64296875 0.0921875 0.11484375
5 0.48203125 0.73828125 0.13125 0.12265625
5 0.3828125 0.69140625 0.134375 0.12734375
5 0.2828125 0.609375 0.10234375 0.1
5 0.171875 0.609375 0.11796875 0.1109375
5 0.2671875 0.54296875 0.08515625 0.0859375
5 0.62890625 0.46875 0.07578125 0.0875
5 0.6671875 0.44375 0.08203125 0.071875
5 0.834375 0.4734375 0.08515625 0.07890625