5 0.521875 0.43125 0.134375 0.203125
5 0.2859375 0.29765625 0.1015625 0.14921875
5 0.30390625 0.12734375 0.11796875 0.13359375
5 0.08828125 0.17734375 0.13671875 0.17734375
5 0.1484375 0.31953125 0.121875 0.13671875
5 0.24453125 0.46953125 0.10390625 0.13359375
5 0.10859375 0.546875 0.1 0.12578125
5 0.3125 0.6390625 0.078125 0.11328125
5 0.35390625 0.7703125 0.103125 0.103125
5 0.5515625 0.7703125 0.07109375 0.1109375
5 0.5171875 0.88125 0.0671875 0.128125
5 0.165625 0.91640625 0.0921875 0.12578125
5 0.8203125 0.81640625 0.18203125 0.13515625
5 0.78125 0.63984375 0.1109375 0.10703125
5 0.865625 0.409375 0.12265625 0.15078125
5 0.76015625 0.23515625 0.103125 0.11328125
5 0.61875 0.2546875 0.10078125 0.11875
5 0.4703125 0.20546875 0.0859375 0.1109375
5 0.55234375 0.115625 0.14140625 0.19140625