5 0.23984375 0.15390625 0.084375 0.121875
5 0.30390625 0.19765625 0.06484375 0.08671875
5 0.38515625 0.2171875 0.0640625 0.08984375
5 0.48359375 0.15625 0.0515625 0.09609375
5 0.65625 0.215625 0.08828125 0.09609375
5 0.48515625 0.28828125 0.0625 0.0859375
5 0.409375 0.37890625 0.08203125 0.11875
5 0.35703125 0.52890625 0.071875 0.10546875
5 0.23359375 0.496875 0.09609375 0.0984375
5 0.2078125 0.59921875 0.0796875 0.109375
5 0.1390625 0.625 0.0859375 0.08203125
5 0.15390625 0.48359375 0.08046875 0.11171875
5 0.17109375 0.315625 0.08828125 0.1546875
5 0.16015625 0.11328125 0.0890625 0.09375
5 0.57421875 0.175 0.0625 0.09375
5 0.54921875 0.46640625 0.0796875 0.15234375
5 0.49765625 0.62421875 0.10546875 0.11953125
5 0.44609375 0.7609375 0.09765625 0.13828125
5 0.515625 0.74140625 0.078125 0.08203125
5 0.58828125 0.7140625 0.08125 0.109375
5 0.66953125 0.6796875 0.109375 0.09921875
5 0.72890625 0.621875 0.11015625 0.12421875
5 0.81171875 0.58671875 0.0875 0.0984375
5 0.8515625 0.5171875 0.05546875 0.06875
5 0.81953125 0.371875 0.0734375 0.12265625
5 0.859375 0.284375 0.05625 0.0828125
5 0.9578125 0.2546875 0.084375 0.12109375
5 0.81953125 0.91796875 0.0796875 0.103125
5 0.5578125 0.91484375 0.06171875 0.08046875
5 0.48515625 0.853125 0.084375 0.0921875