5 0.746875 0.278125 0.0671875 0.0609375
5 0.78515625 0.27265625 0.05859375 0.0546875
5 0.85 0.3 0.05546875 0.0578125
5 0.72890625 0.34609375 0.04453125 0.034375
5 0.77890625 0.38125 0.04140625 0.053125
5 0.82734375 0.39453125 0.07109375 0.06171875
5 0.78984375 0.42890625 0.05 0.040625
5 0.740625 0.47734375 0.0796875 0.05703125
5 0.61953125 0.61796875 0.05546875 0.0390625
5 0.71171875 0.6171875 0.05078125 0.046875
5 0.746875 0.6546875 0.06171875 0.05390625
5 0.578125 0.68515625 0.08046875 0.0546875
5 0.49375 0.690625 0.03984375 0.03984375
5 0.484375 0.6515625 0.0640625 0.046875
5 0.46328125 0.7109375 0.0875 0.06796875
5 0.53125 0.78515625 0.071875 0.04921875
5 0.60625 0.73203125 0.071875 0.05390625
5 0.64140625 0.7296875 0.05546875 0.0484375
5 0.70625 0.72578125 0.0953125 0.09296875
5 0.74453125 0.72265625 0.0625 0.0515625
5 0.6859375 0.7625 0.07265625 0.046875
5 0.65078125 0.81953125 0.08046875 0.053125