5 0.315625 0.29609375 0.1140625 0.27265625
5 0.44140625 0.2421875 0.1 0.203125
5 0.553125 0.18671875 0.10625 0.24921875
5 0.6421875 0.1703125 0.0640625 0.1453125
5 0.6578125 0.3 0.08046875 0.17109375
5 0.7359375 0.28046875 0.07265625 0.1609375
5 0.8 0.16484375 0.10625 0.228125
5 0.87578125 0.16796875 0.07421875 0.16640625
5 0.88125 0.29765625 0.0859375 0.1703125
5 0.96796875 0.31875 0.0640625 0.19921875
5 0.96796875 0.51875 0.0640625 0.153125
5 0.74921875 0.4640625 0.0828125 0.15390625
5 0.6828125 0.4609375 0.11171875 0.20390625
5 0.5796875 0.49296875 0.1109375 0.19453125
5 0.43828125 0.58125 0.0921875 0.184375
5 0.42421875 0.7265625 0.07578125 0.15234375
5 0.52890625 0.725 0.08984375 0.2171875
5 0.46015625 0.9125 0.10234375 0.1625
5 0.28046875 0.646875 0.06953125 0.171875
5 0.18046875 0.6796875 0.084375 0.14375
5 0.21171875 0.3796875 0.08671875 0.18984375
5 0.09375 0.41796875 0.16796875 0.3171875