5 0.55 0.2625 0.07109375 0.140625
5 0.675 0.2875 0.06640625 0.14296875
5 0.74609375 0.28828125 0.09140625 0.16171875
5 0.73515625 0.18984375 0.09765625 0.15703125
5 0.74609375 0.1203125 0.1140625 0.20625
5 0.82890625 0.25859375 0.10078125 0.14921875
5 0.890625 0.20859375 0.084375 0.1734375
5 0.821875 0.3765625 0.0984375 0.1421875
5 0.59140625 0.37109375 0.10234375 0.14296875
5 0.4359375 0.69453125 0.0859375 0.13046875
5 0.32578125 0.68828125 0.090625 0.09765625
5 0.35546875 0.76484375 0.10859375 0.12265625
5 0.2875 0.80078125 0.12109375 0.11640625
5 0.15390625 0.6859375 0.09296875 0.13046875
5 0.11015625 0.76796875 0.06875 0.1109375
5 0.1171875 0.9265625 0.11171875 0.14609375