5 0.340625 0.14765625 0.171875 0.1625
5 0.21875 0.26171875 0.14609375 0.15625
5 0.15859375 0.14453125 0.18515625 0.22578125
5 0.25703125 0.43671875 0.20390625 0.25
5 0.07734375 0.4171875 0.14921875 0.19765625
5 0.121875 0.68359375 0.1546875 0.1875
5 0.08046875 0.78984375 0.14453125 0.259375
5 0.32578125 0.62421875 0.1578125 0.196875
5 0.4828125 0.6484375 0.1703125 0.203125
5 0.4703125 0.8515625 0.2296875 0.2625
5 0.61796875 0.70078125 0.2421875 0.23125
5 0.6640625 0.54453125 0.15078125 0.16171875
5 0.6125 0.421875 0.1625 0.18515625
5 0.7609375 0.34140625 0.16171875 0.17421875
5 0.809375 0.1515625 0.13203125 0.140625
5 0.87578125 0.29375 0.20859375 0.190625
5 0.90546875 0.421875 0.14609375 0.15625