5 0.3734375 0.17578125 0.209375 0.328125
5 0.40390625 0.35078125 0.18828125 0.2390625
5 0.56171875 0.6578125 0.23125 0.346875
5 0.6796875 0.3765625 0.15 0.25625
5 0.76328125 0.271875 0.1546875 0.25078125
5 0.90625 0.43515625 0.1671875 0.27421875
5 0.9234375 0.68515625 0.153125 0.38515625
5 0.8390625 0.796875 0.20234375 0.22109375
5 0.684375 0.81484375 0.1953125 0.21328125
5 0.49140625 0.8953125 0.26484375 0.209375
5 0.28125 0.8546875 0.18046875 0.18359375
5 0.125 0.8234375 0.18984375 0.23828125
5 0.19921875 0.6515625 0.17265625 0.17265625
5 0.1234375 0.48359375 0.184375 0.20546875
5 0.140625 0.3078125 0.11796875 0.1578125
5 0.18046875 0.19453125 0.1609375 0.23125