5 0.45 0.5265625 0.10390625 0.08515625
5 0.60546875 0.50703125 0.11640625 0.08984375
5 0.7578125 0.52578125 0.12109375 0.0796875
5 0.95859375 0.565625 0.08203125 0.084375
5 0.78203125 0.58671875 0.0953125 0.071875
5 0.6390625 0.58046875 0.1296875 0.08125
5 0.675 0.6625 0.1546875 0.09453125
5 0.57421875 0.6890625 0.1203125 0.0671875
5 0.42734375 0.66953125 0.1796875 0.0875
5 0.26328125 0.6453125 0.13046875 0.07265625
5 0.27578125 0.5546875 0.08359375 0.03984375
5 0.1375 0.296875 0.13203125 0.1046875
5 0.153125 0.37265625 0.14375 0.06640625
5 0.109375 0.39453125 0.0703125 0.0734375
5 0.26953125 0.35625 0.15 0.0734375
5 0.64609375 0.084375 0.1046875 0.0671875