5 0.28290160000000003 0.7224946625 0.3427823578125 0.73570395 0.381835040625 0.7043318359375 0.4286982375 0.681215596875 0.465147446875 0.6746110468750001 0.492484303125 0.6168203546875 0.49638951093749994 0.5177504734375 0.462543875 0.42693652968749995 0.380533303125 0.3658435015625 0.27769455625 0.3807039890625 0.2047962375 0.44675049375000003 0.196985621875 0.4781225453125 0.19438215 0.4748202703125 0.17745928125 0.5491225875 0.19438215 0.6217737046875 0.24515065468750002 0.6762620578125 0.28290160000000003 0.7224946625
5 0.6200563359375 0.7472621640625 0.6864459734375 0.7357038874999999 0.7424214250000001 0.7059830984375 0.7814741046875 0.65479695625 0.7853794140625 0.519401609375 0.738516215625 0.42693646718749995 0.6604108531249999 0.3856574015625 0.5640808859375 0.412076040625 0.515915853125 0.5276574234375 0.509407071875 0.5689364890624999 0.504200128125 0.5557272 0.504200128125 0.593703928125 0.5172176890625 0.672959846875 0.55627036875 0.7191922609375 0.6200563359375 0.7472621640625
5 0.81922505 0.682866859375 0.85957946875 0.6680062453125 0.8999339859375001 0.666355234375 0.93117605 0.677913259375 0.9806428203124999 0.6349829921875 0.9975656890625 0.5771923015625 0.984548128125 0.44344815625 0.93768483125 0.3939132765625 0.8791058093749999 0.40051795312499994 0.8374496546874999 0.43684347968750004 0.7964884359375 0.4859735859375 0.7827758421875 0.585448115625 0.7853794140625 0.6349829921875 0.81922505 0.682866859375
5 0.57970191875 0.9057737484375 0.59141774375 0.8100062671874999 0.5224246328125 0.7158901109375 0.4599404015625 0.677913259375 0.38964555624999997 0.6977272234375 0.30112610625 0.796796915625 0.2789962921875 0.9090760234375 0.32325601718749997 0.9817272031250001 0.5289334125 0.9965876921874999 0.57970191875 0.9057737484375
5 0.2282277875 1 0.2516594359375 0.9321923249999999 0.26597873125 0.8512853328125001 0.25946995156249997 0.7637736640624999 0.2503576984375 0.701029496875 0.22041727031249997 0.64819234375 0.15402773125 0.601959740625 0.1058626984375 0.5837971046875 0.0368696875 0.5970062656249999 0.0030240015625000003 0.6283783796875 0 0.9982388296875 0.141010171875 1 0.2282277875 1
5 1 0.724145925 0.9441936109375 0.677913259375 0.901235621875 0.6696574453124999 0.7957934015625 0.687820209375 0.7528355125 0.7423085625 0.7202916109374999 0.83147143125 0.7007652703125 0.92558765 0.7111792593749999 0.980076065625 0.7059723140624999 0.9965876921874999 1 1 1 0.94540155 1 0.724145925
5 0.901235621875 0.397215615625 0.9337795234374999 0.37575051406250004 0.9298744140625 0.2948435203125 0.8934252046875001 0.2188900984375 0.840053128125 0.207331884375 0.78017236875 0.23540169375 0.728102128125 0.31630862187500003 0.7463267328125001 0.3906109390625 0.7704467703125 0.4488448734375 0.8010004468749999 0.45830864531250004 0.8465619078125 0.398866753125 0.901235621875 0.397215615625
5 0.6460914578125 0.2320993546875 0.5953230515625 0.2304481859375 0.5419509734375 0.25851793125 0.5263299406249999 0.311355146875 0.5341404578125 0.39226214062500003 0.5523650609375 0.4318900046875 0.5836072265625 0.397215615625 0.6512985015625 0.39226214062500003 0.71378283125 0.398866753125 0.7215933484375 0.3410760625 0.7124810953125 0.293192384375 0.6864459734375 0.25356445625 0.6460914578125 0.2320993546875
5 0.41307720468750003 0.21558769687499998 0.3375753140625 0.2205412046875 0.292013853125 0.27502955625 0.26597873125 0.3377737234375 0.2933155890625 0.382355128125 0.3766279953125 0.3658435015625 0.43911232499999997 0.40051795312499994 0.49118256718750003 0.45005283125 0.5146141156249999 0.40051795312499994 0.5146141156249999 0.3262156359375 0.4742596984375 0.2618202703125 0.41307720468750003 0.21558769687499998
5 0.031662643750000004 0.3427272625 0 0.4302388671875 0.0108345671875 0.5094946593749999 0.038171423437500004 0.5623318765625 0.08243115 0.5920529171875 0.168347028125 0.5986574671875 0.208701446875 0.6217737046875 0.1670452921875 0.5276574234375 0.1956838859375 0.4616109203125 0.24515065468750002 0.413727240625 0.28550507187499996 0.3856574640625 0.26597873125 0.3707969765625 0.21911553437500003 0.31630862187500003 0.1696487640625 0.299796996875 0.0928451390625 0.299796996875 0.031662643750000004 0.3427272625
5 0.23213309531249998 0.3229132984375 0.252961171875 0.3625411640625 0.2607716875 0.2882388453125 0.3050314125 0.24365750625000002 0.28941038125 0.1875179515625 0.2620734234375 0.1544947 0.19438215 0.14293655 0.126690875 0.15614586875 0.0941469734375 0.18091330781249998 0.0668100171875 0.2304481859375 0.070715325 0.29154118281249997 0.117578521875 0.2948435203125 0.1722523359375 0.2783318953125 0.23213309531249998 0.3229132984375