5 0.132678846875 0.10509083906250001 0.15482716093749999 0.07665152187499999 0.16344034375 0.029810246875 0.15605760156249998 0.0063896234375 0.041624796874999995 0.009735440625 0.044085773437499996 0.0666141046875 0.065003553125 0.10676381093750001 0.1006869078125 0.12349283124999999 0.132678846875 0.10509083906250001
5 0.37507949687500003 0.021445735937499998 0.3824622375 0 0.2557248328125 0.004716715625 0.24957253437500002 0.0030438062500000003 0.27418173125 0.029810246875 0.3184782671875 0.0465392671875 0.34677888125 0.039847728124999995 0.37507949687500003 0.021445735937499998
5 0.32955242500000004 0.203792053125 0.3640053390625 0.21048368593750003 0.3935363953125 0.18037143125 0.40214957656249994 0.14356760468750002 0.40091913437500004 0.10341796249999999 0.392305859375 0.0699599203125 0.3615443625 0.049885084375 0.32093924375 0.04319348125 0.2803340296875 0.059922503125000005 0.266798990625 0.13018437031250002 0.27664270625 0.1686611359375 0.30617366874999996 0.20044626875 0.32955242500000004 0.203792053125
5 0.292638628125 0.30583908437499996 0.3123259671875 0.2874371875 0.32093924375 0.2305584921875 0.307404203125 0.20211917656249997 0.2852558890625 0.18037143125 0.2311156359375 0.203792053125 0.2151197140625 0.24059594374999999 0.22004147812500002 0.2773997359375 0.252033509375 0.3091849015625 0.292638628125 0.30583908437499996
5 0.18804954062499998 0.356026146875 0.21265873750000003 0.340970065625 0.22988519531249998 0.2958016984375 0.2261937765625 0.25565202343750004 0.2151197140625 0.2221939828125 0.18927998125 0.203792053125 0.141292121875 0.1971004515625 0.1228352234375 0.233904309375 0.1240656640625 0.2272127078125 0.1068392078125 0.2623436578125 0.10930009062499998 0.31085777812500004 0.14498344531250001 0.35268032968749996 0.18804954062499998 0.356026146875
5 0.094534609375 0.509933146875 0.1277569875 0.508260271875 0.1474444203125 0.48149379999999997 0.15974901875 0.4463628828125 0.167131759375 0.40119451406250006 0.15605760156249998 0.36271778125 0.135139821875 0.32424104531250003 0.10191734999999999 0.2958016984375 0.0846908921875 0.2941287578125 0.056390371875 0.3476616359375 0.044085773437499996 0.40788614843750004 0.04900763125 0.451381575 0.065003553125 0.4898583109375 0.094534609375 0.509933146875
5 0.25941625 0.5433911890625 0.2791035890625 0.51662478125 0.284025446875 0.4547273921875 0.2717208484375 0.4062132078125 0.258185809375 0.3878113109375 0.211428296875 0.3861383703125 0.18312768125 0.4112319015625 0.15113574375 0.451381575 0.1486748609375 0.509933146875 0.18189724062499998 0.5567743921874999 0.222502453125 0.5601203375 0.25941625 0.5433911890625
5 0.43045019062499995 0.4998957609375 0.447676553125 0.4463628828125 0.4513679703125 0.396175821875 0.432911071875 0.35268032968749996 0.3800012609375 0.3426429421875 0.323400125 0.3744281078125 0.3197088015625 0.377773859375 0.29017774687500003 0.4446899421875 0.313556503125 0.4965499453125 0.3886145359375 0.5249892921875 0.43045019062499995 0.4998957609375
5 0.4292196546875 0.3192222890625 0.4513679703125 0.27238104375 0.44398522968750004 0.2305584921875 0.4181455921875 0.1904089125 0.3886145359375 0.1870630328125 0.35908348125 0.2121565625 0.33693516562500003 0.25899784062500003 0.33693516562500003 0.25565202343750004 0.3246305671875 0.3008203921875 0.351700740625 0.340970065625 0.3984581578125 0.34431581875 0.4292196546875 0.3192222890625
5 0.5694921 0.3342784328125 0.5990231546875 0.3008203921875 0.6100973125 0.24059594374999999 0.5916404140625 0.182044403125 0.5830271390624999 0.166988228125 0.54857431875 0.1636424109375 0.5030472484375 0.20546496093750002 0.50181680625 0.207137934375 0.47228575 0.29245588125 0.48951220781250004 0.340970065625 0.526426003125 0.3493345765625 0.5694921 0.3342784328125
5 0.6617765890625 0.21048368593750003 0.690077203125 0.151932115625 0.6851553453125 0.0983993015625 0.651932965625 0.058249593749999995 0.605175453125 0.0482122390625 0.579335815625 0.0749786140625 0.5670312171874999 0.13520309531250002 0.5756443984375 0.19542754375 0.6260932343750001 0.2171752890625 0.6617765890625 0.21048368593750003
5 0.85495875 0.2238669546875 0.8918725468750001 0.21048368593750003 0.8955639640624999 0.1686611359375 0.8857202484375 0.126838584375 0.8500369859375001 0.08836181875 0.792205315625 0.09672632812500001 0.7540610796875 0.1552779 0.7958967328125001 0.20044626875 0.8082013328125001 0.2238669546875 0.85495875 0.2238669546875
5 0.9706220906249999 0.32591392343750003 0.9681612078124999 0.2891100640625 0.9620089093749999 0.24059594374999999 0.9275559953125001 0.2121565625 0.8869507828125001 0.2238669546875 0.8623415859374999 0.25230620625 0.8697244187500001 0.3175494109375 0.8918725468750001 0.3593719640625 0.9410909421874999 0.37108229062500003 0.9706220906249999 0.32591392343750003
5 0.7294518812499999 0.6052885781249999 0.7725179765625 0.6203446578125 0.8180450484374999 0.623690475 0.8512675218749999 0.6103073984375 0.8734156484375 0.56681184375 0.8734156484375 0.5233163515625 0.8635721203125 0.48818543437499995 0.8438846874999999 0.46309190312500004 0.8008185921875001 0.44970869843749994 0.7454478984375 0.4564002703125 0.7245300234375 0.5015686374999999 0.719608259375 0.5417183125 0.7183777234375001 0.5718305359375 0.7294518812499999 0.6052885781249999
5 0.619940934375 0.49320412812500003 0.6383978328125 0.4313067390625 0.6371673921875 0.3861383703125 0.6137886359375 0.351007453125 0.565800775 0.339297125 0.517812821875 0.36271778125 0.509199546875 0.3878113109375 0.5079691046875 0.46309190312500004 0.5288869796875 0.5032415140625 0.5768748390625 0.5182976578125 0.619940934375 0.49320412812500003
5 0.6137886359375 0.6504569453125 0.6174800515625 0.58855955625 0.605175453125 0.540045371875 0.5633398 0.51662478125 0.523965121875 0.5233163515625 0.49320362500000003 0.575176353125 0.49320362500000003 0.6370736781249999 0.5042777828125 0.6738775359375 0.5375001609375001 0.69060655625 0.5768748390625 0.6839149859375 0.6137886359375 0.6504569453125
5 0.3726185203125 0.7023170109375 0.39968869375 0.6420924359375 0.39968869375 0.5584473328125 0.37630993749999997 0.519970534375 0.3160173859375 0.4965499453125 0.2717208484375 0.540045371875 0.2704904078125 0.5433911890625 0.2569552734375 0.5868866171875 0.2643381078125 0.65882145625 0.3172478265625 0.7039897609375 0.3726185203125 0.7023170109375
5 0.258185809375 0.767560025 0.266798990625 0.69060655625 0.24588120937500002 0.6320549843750001 0.19174095625 0.5985969437499999 0.149905303125 0.5952511265625 0.13883114531250001 0.633727925 0.141292121875 0.692279496875 0.149905303125 0.7558497625 0.20896741406250002 0.79265355625 0.258185809375 0.767560025
5 0.1400615859375 0.5417183125 0.094534609375 0.51662478125 0.0391639140625 0.553428575 0.0428553328125 0.5617930859375 0.0391639140625 0.6203446578125 0.10314779062499999 0.66384015 0.1363702625 0.6220175984375 0.1400615859375 0.5417183125
5 0.15113574375 0.7809432921874999 0.1302179640625 0.7123542703125 0.1203742484375 0.6688589703125001 0.082230009375 0.65212995 0.0379334734375 0.7023170109375 0.0428553328125 0.7039897609375 0.0367030328125 0.767560025 0.05762081249999999 0.8026910703125001 0.13144840468750002 0.8311303546875 0.15113574375 0.7809432921874999
5 0.2704904078125 0.8863361734374999 0.26556855 0.829457478125 0.2249633359375 0.789307803125 0.1855886578125 0.8010180671875 0.18312768125 0.8060368234374999 0.164670784375 0.8445136218749999 0.173284059375 0.8980464375 0.23972891093749998 0.9147754562499999 0.2704904078125 0.8863361734374999
5 0.44521567187500005 0.8311303546875 0.46121168749999997 0.7725787828125 0.439063371875 0.72071878125 0.407071434375 0.69562525 0.34677888125 0.69562525 0.34677888125 0.7039897609375 0.3172478265625 0.7909806796875001 0.3566225984375 0.8528781328124999 0.41445417500000004 0.8679341484374999 0.44521567187500005 0.8311303546875
5 0.5682616578124999 0.8261115984374999 0.5559570593750001 0.794326559375 0.526426003125 0.7692330296875001 0.46613345156249997 0.7725787828125 0.462442128125 0.7842890453125 0.432911071875 0.8528781328124999 0.4464461125 0.9080838234374999 0.5448829015625 0.9080838234374999 0.5682616578124999 0.8261115984374999
5 0.6445501328125001 0.847859375 0.6543938484375 0.7692330296875001 0.6383978328125 0.7290832921875 0.6100973125 0.69562525 0.5510352000000001 0.7223917203125 0.5448829015625 0.7508310687499999 0.54611334375 0.8077097 0.5645702406249999 0.841167740625 0.6100973125 0.881317415625 0.6445501328125001 0.847859375
5 0.726991 0.7725787828125 0.76759611875 0.7407936187499999 0.7774398359375 0.6872607390625001 0.768826653125 0.6538026984374999 0.7319128578125 0.60863439375 0.672850746875 0.6103073984375 0.6347065093750001 0.6839149859375 0.6457806671874999 0.749158128125 0.6826944625 0.7725787828125 0.726991 0.7725787828125
5 0.9078685625 0.851205128125 0.8931030812499999 0.7959994375 0.8721853015625 0.78261616875 0.86726335 0.7140272109375 0.8389629218750001 0.7056627015625 0.8045099140625 0.7006440078125 0.7774398359375 0.7341020484375 0.7528306375 0.7876349265625 0.7540610796875 0.8210929671875 0.7811312515625 0.869607153125 0.8315800890625 0.8896819265625 0.8684938843750001 0.8846631687500001 0.9078685625 0.851205128125
5 0.719608259375 0.48651249375 0.75036975625 0.437998371875 0.7552915203125 0.4162506578125 0.6913076453125 0.37108229062500003 0.63593695 0.412904840625 0.643319690625 0.46978347343750004 0.6679288890625 0.4915312515625 0.719608259375 0.48651249375
5 0.687616228125 0.3192222890625 0.7392955984375 0.32591392343750003 0.76759611875 0.31253071875 0.7860530171875 0.28241849375 0.78851399375 0.228885615625 0.7848225765625 0.1887359421875 0.766365678125 0.156950871875 0.7282214406249999 0.14524048125 0.7011513609375 0.15360499218749998 0.6740811875 0.1619695015625 0.658085265625 0.21550244375 0.6556242906249999 0.25899784062500003 0.6666984484375 0.29914751562499997 0.687616228125 0.3192222890625
5 0.86726335 0.6002698843750001 0.89925538125 0.6002698843750001 0.9435520109375 0.575176353125 0.95216519375 0.5233163515625 0.947243240625 0.4714564140625 0.9201731609375001 0.42963386249999996 0.8955639640624999 0.41457771718750003 0.8734156484375 0.4195964109375 0.8611110500000001 0.4597460875 0.8844898999999999 0.5233163515625 0.8857202484375 0.565138903125 0.86726335 0.6002698843750001
5 0.8820290171874999 0.78596205 0.8943336171875 0.8043639468749999 0.9090990984375 0.8344761078125 0.9423214765625 0.8010180671875 0.9743135078125 0.7357750515625 0.9718524390625 0.67722348125 0.9509346578125 0.6487840046875 0.9127905140625 0.6370736781249999 0.8721853015625 0.63874661875 0.853728403125 0.6839149859375 0.8524978687500001 0.6872607390625001 0.883259365625 0.7240645984375 0.8820290171874999 0.78596205