5 0.30859375 0.1328125 0.165625 0.21640625
5 0.5 0.346875 0.1421875 0.23515625
5 0.39609375 0.41171875 0.140625 0.22109375
5 0.27578125 0.4265625 0.15 0.22578125
5 0.16484375 0.30546875 0.12890625 0.2234375
5 0.228125 0.60078125 0.13359375 0.20859375
5 0.3390625 0.65 0.1421875 0.21796875
5 0.50234375 0.59609375 0.159375 0.246875
5 0.61875 0.63046875 0.1515625 0.21640625
5 0.690625 0.47734375 0.15234375 0.23359375
5 0.7359375 0.29453125 0.1296875 0.178125
5 0.83203125 0.39296875 0.11953125 0.17734375
5 0.83359375 0.21796875 0.14140625 0.21171875
5 0.93125 0.41640625 0.1140625 0.19296875
5 0.90390625 0.7890625 0.13828125 0.23359375
5 0.6265625 0.63671875 0.1609375 0.17734375