5 0.48984375 0.50390625 0.115625 0.171875
5 0.55703125 0.41171875 0.0875 0.1625
5 0.5796875 0.28046875 0.078125 0.1546875
5 0.62421875 0.3734375 0.0421875 0.1015625
5 0.640625 0.5 0.07578125 0.1640625
5 0.69296875 0.4078125 0.06875 0.13515625
5 0.56875 0.790625 0.1109375 0.20859375
5 0.28125 0.671875 0.1125 0.15703125
5 0.3125 0.58515625 0.09296875 0.15390625
5 0.71796875 0.9171875 0.1203125 0.165625
5 0.8171875 0.7640625 0.103125 0.17109375
5 0.8796875 0.69453125 0.0953125 0.13828125
5 0.79765625 0.63359375 0.06171875 0.1
5 0.8125 0.5390625 0.078125 0.0953125