5 0.409375 0.3 0.12734375 0.1265625
5 0.52421875 0.2921875 0.109375 0.11875
5 0.6171875 0.33515625 0.121875 0.13203125
5 0.6828125 0.3578125 0.071875 0.090625
5 0.80234375 0.4 0.1515625 0.1328125
5 0.72578125 0.46328125 0.13515625 0.11484375
5 0.584375 0.41953125 0.14140625 0.12109375
5 0.584375 0.52578125 0.15859375 0.14140625
5 0.47734375 0.5296875 0.12578125 0.0890625
5 0.3796875 0.5140625 0.1203125 0.09609375
5 0.30234375 0.4828125 0.11171875 0.1203125
5 0.20859375 0.7109375 0.128125 0.10546875
5 0.23125 0.88671875 0.14296875 0.140625
5 0.53046875 0.91796875 0.16484375 0.1359375
5 0.640625 0.7984375 0.14609375 0.11875
5 0.846875 0.76953125 0.11640625 0.115625