5 0.4432574546875 0.9476193171875 0.5299804265625 0.893650796875 0.5283126390625 0.7222222984375 0.5082996359374999 0.6047619562500001 0.42491217499999995 0.5476191234375001 0.351531246875 0.6238095265625 0.3365214796875 0.7603174390625 0.3281827328125 0.7920634718749999 0.3481957359375 0.8746032250000001 0.4432574546875 0.9476193171875
5 0.33318596875 0.8206351906249999 0.216443521875 0.788889159375 0.1680788328125 0.8142857171875001 0.1597400875 0.9634923328125 0.31150524062499996 1 0.3481957359375 0.94126984375 0.33318596875 0.8206351906249999
5 0.099701109375 0.8555555343749999 0.113043090625 0.671428575 0.0129781359375 0.5857143859375 0 0.9031745828125001 0.0496686328125 0.9095238125 0.099701109375 0.8555555343749999
5 0.29149223750000003 0.480952384375 0.273147021875 0.379365059375 0.206437053125 0.379365059375 0.1714143453125 0.4587301375 0.1297205828125 0.6396825421875 0.219779034375 0.70317460625 0.2748147453125 0.6269842031249999 0.29149223750000003 0.480952384375
5 0.41990894062499995 0.6269842031249999 0.42324445156249996 0.5222222015625 0.38655395625 0.446031796875 0.32151177343750004 0.43015878125 0.246463059375 0.47777782812499997 0.244795271875 0.671428575 0.3465280125 0.7634921140625 0.41990894062499995 0.6269842031249999
5 0.3615377171875 0.687301590625 0.32151177343750004 0.6269842031249999 0.216443521875 0.66190503125 0.193095071875 0.7952381453124999 0.2764825328125 0.8555555343749999 0.353198971875 0.8523812218750001 0.3615377171875 0.687301590625
5 0.6483905953125 0.865079440625 0.6800777921875001 0.687301590625 0.5866838609375 0.5634921390625001 0.484951184375 0.6111111874999999 0.4966254421875 0.7825396859375 0.5633354109375001 0.9095238125 0.6483905953125 0.865079440625
5 0.8034912609375 0.8111111624999999 0.763465253125 0.7571431265624999 0.67841006875 0.7476190984375 0.6100323765625 0.8714285515625001 0.646722871875 1 0.8235043281250001 0.9698413203125 0.8034912609375 0.8111111624999999
5 0.7351135671875 0.43333333593749995 0.671739046875 0.306349209375 0.578345115625 0.36031748750000003 0.57334188125 0.4968254 0.6217066328125 0.6269842031249999 0.7301102687500001 0.66190503125 0.7684685531250001 0.5825399531250001 0.7351135671875 0.43333333593749995
5 0.6667358109375 0.236507915625 0.6350486156249999 0.1666667421875 0.6016936296875001 0.13809526562500002 0.51830616875 0.271428621875 0.5750096046875 0.42698410625000005 0.6850810921875 0.35396825781249996 0.6667358109375 0.236507915625
5 0.499960890625 0.35396825781249996 0.483283396875 0.21746034375 0.42491217499999995 0.1603175109375 0.3948927015625 0.1507937265625 0.293160025 0.28412696406250004 0.3198439859375 0.42698410625000005 0.4349187078125 0.49047617031249996 0.499960890625 0.35396825781249996
5 0.4015637234375 0.0428571703125 0.286489003125 0 0.25146629374999996 0.08095243125 0.22645005624999998 0.1476190515625 0.24813078281249998 0.344444471875 0.373211975 0.3190476703125 0.431583196875 0.13809526562500002 0.4015637234375 0.0428571703125
5 0.2898245140625 0 0.10303658906249999 0.033333384375000004 0.1897595609375 0.198412775 0.2648082765625 0.1571428359375 0.288156790625 0.033333384375000004 0.2898245140625 0
5 0.19476279531250001 0.1920635421875 0.1413948078125 0.2269841296875 0.11637860156249999 0.28412696406250004 0.1063721 0.41111109062500006 0.219779034375 0.42698410625000005 0.2631405515625 0.29682542343749996 0.19476279531250001 0.1920635421875
5 0 0 0.0029716343749999997 0.32222222500000003 0.0496686328125 0.338095240625 0.11637860156249999 0.25873016249999997 0.1297205828125 0.18571431249999998 0.10803985468749999 0.046031725 0.0530041109375 0 0 0
5 0.07968810625 0.646032015625 0.13305609375 0.5857143859375 0.15473685312500002 0.5000000765625 0.15283853281249998 0.46746022343750004 0.0746848703125 0.3634920421875 0 0.379365059375 0.007974901562500001 0.5698412484375 0.07968810625 0.646032015625
5 0.7601298062499999 0.5222222015625 0.805158984375 0.5158730921875 0.8618624828125 0.4015873046875 0.846852715625 0.28730163750000004 0.8018235359375 0.2428571453125 0.7234393734375 0.32857145625 0.715100628125 0.32857145625 0.715100628125 0.42698410625000005 0.7601298062499999 0.5222222015625
5 0.7784750218750001 0.5825399531250001 0.8134977296875 0.66825401875 0.9285724515625 0.6365079875 0.953588690625 0.5063491859375 0.86853350625 0.4015873046875 0.8735368046875 0.3666667171875 0.8151655812499999 0.4746031546875 0.7784750218750001 0.5825399531250001
5 0.9219014296875001 0.071428646875 0.8618624828125 0.033333384375000004 0.7984880890625 0.065079415625 0.7951525140625 0.2269841296875 0.875204528125 0.3666667171875 0.9702661828125001 0.1952380984375 0.9219014296875001 0.071428646875