5 0.28125 0.19765625 0.0796875 0.075
5 0.35390625 0.23203125 0.08046875 0.1046875
5 0.30859375 0.31640625 0.1 0.09609375
5 0.2375 0.33203125 0.08203125 0.075
5 0.29296875 0.3765625 0.09453125 0.075
5 0.3796875 0.34140625 0.08984375 0.07734375
5 0.8015625 0.52109375 0.08125 0.06171875
5 0.7515625 0.57734375 0.1015625 0.07734375
5 0.67109375 0.60078125 0.07265625 0.06875
5 0.74140625 0.64765625 0.0546875 0.06015625
5 0.74453125 0.71171875 0.065625 0.06875
5 0.8015625 0.7125 0.0984375 0.07421875
5 0.80546875 0.66171875 0.06328125 0.06640625
5 0.88359375 0.70234375 0.0796875 0.084375
5 0.3015625 0.54453125 0.1 0.07578125
5 0.35703125 0.60078125 0.07421875 0.05546875
5 0.190625 0.69765625 0.0640625 0.05859375
5 0.2734375 0.74375 0.0984375 0.08984375
5 0.2359375 0.80625 0.078125 0.0703125
5 0.17109375 0.8109375 0.0890625 0.075
5 0.17578125 0.940625 0.0859375 0.05