5 0.1546875 0.2015625 0.08515625 0.121875
5 0.2265625 0.1703125 0.1015625 0.13046875
5 0.31640625 0.190625 0.1609375 0.1296875
5 0.57734375 0.171875 0.13125 0.146875
5 0.62890625 0.12421875 0.08046875 0.09921875
5 0.61171875 0.22578125 0.08046875 0.10078125
5 0.57265625 0.33984375 0.1234375 0.1328125
5 0.4796875 0.34453125 0.11171875 0.09921875
5 0.471875 0.43671875 0.13046875 0.13828125
5 0.403125 0.33515625 0.08671875 0.128125
5 0.33828125 0.3078125 0.09765625 0.090625
5 0.28359375 0.359375 0.08671875 0.09453125
5 0.33046875 0.446875 0.0953125 0.128125
5 0.23984375 0.421875 0.07578125 0.09921875
5 0.18203125 0.39921875 0.084375 0.0890625
5 0.19765625 0.48671875 0.1078125 0.0890625
5 0.3109375 0.51796875 0.103125 0.1046875
5 0.375 0.48515625 0.11953125 0.0984375
5 0.246875 0.5984375 0.078125 0.0984375
5 0.34765625 0.584375 0.0953125 0.07890625
5 0.34453125 0.703125 0.084375 0.13203125
5 0.42734375 0.6484375 0.06640625 0.125
5 0.375 0.73359375 0.0984375 0.1046875
5 0.51171875 0.5609375 0.1078125 0.1390625
5 0.5859375 0.59453125 0.059375 0.103125
5 0.6328125 0.54609375 0.12265625 0.12734375
5 0.58671875 0.4109375 0.078125 0.0828125
5 0.77890625 0.48046875 0.09453125 0.11875
5 0.82578125 0.54609375 0.07265625 0.10078125
5 0.86328125 0.5875 0.0796875 0.0984375
5 0.89609375 0.58046875 0.08125 0.071875