5 0.434375 0.26015625 0.0609375 0.09140625
5 0.45625 0.3265625 0.07109375 0.090625
5 0.36484375 0.34296875 0.0421875 0.05703125
5 0.35390625 0.38671875 0.059375 0.07578125
5 0.365625 0.4640625 0.05390625 0.08046875
5 0.4125 0.440625 0.04375 0.06953125
5 0.47421875 0.440625 0.05390625 0.06953125
5 0.52109375 0.4203125 0.05078125 0.0515625
5 0.54453125 0.3140625 0.04375 0.07578125
5 0.5703125 0.3953125 0.05 0.0875
5 0.6 0.4859375 0.05859375 0.09609375
5 0.4828125 0.52734375 0.0640625 0.0703125
5 0.43203125 0.65390625 0.06328125 0.08125
5 0.09765625 0.60859375 0.0546875 0.0828125
5 0.134375 0.59140625 0.04765625 0.06640625
5 0.1640625 0.27109375 0.053125 0.0625
5 0.08984375 0.10546875 0.0546875 0.0953125
5 0.17890625 0.16171875 0.05 0.103125
5 0.25625 0.1671875 0.0515625 0.07734375
5 0.26171875 0.0796875 0.05546875 0.08046875
5 0.296875 0.0828125 0.03984375 0.071875
5 0.6234375 0.03671875 0.0515625 0.071875
5 0.6890625 0.04609375 0.03671875 0.06796875
5 0.7234375 0.05546875 0.05625 0.078125
5 0.7640625 0.05390625 0.05390625 0.07421875
5 0.7546875 0.11328125 0.0625 0.0796875
5 0.7078125 0.18203125 0.04453125 0.06640625
5 0.75703125 0.17734375 0.046875 0.0796875
5 0.71328125 0.2609375 0.05234375 0.0609375
5 0.82109375 0.41015625 0.0640625 0.08984375
5 0.83671875 0.61484375 0.06484375 0.1
5 0.78828125 0.59921875 0.0546875 0.09140625
5 0.90625 0.71484375 0.053125 0.09375
5 0.80625 0.85 0.05859375 0.08203125
5 0.81015625 0.89609375 0.0796875 0.0796875
5 0.8015625 0.96640625 0.0625 0.0671875