5 0.3046875 0.1515625 0.16796875 0.22578125
5 0.36328125 0.24296875 0.14609375 0.16171875
5 0.5453125 0.25546875 0.1703125 0.23359375
5 0.72265625 0.2375 0.146875 0.23515625
5 0.84296875 0.15703125 0.13125 0.17734375
5 0.88828125 0.29453125 0.134375 0.22109375
5 0.79921875 0.553125 0.21171875 0.25625
5 0.684375 0.69296875 0.1578125 0.196875
5 0.53203125 0.6140625 0.17890625 0.22421875
5 0.29765625 0.6078125 0.14453125 0.19921875
5 0.21328125 0.49765625 0.140625 0.2140625
5 0.12578125 0.49140625 0.19453125 0.29140625
5 0.16484375 0.69453125 0.146875 0.21015625