5 0.43515625 0.44296875 0.196875 0.228125
5 0.571875 0.28828125 0.2 0.2078125
5 0.7421875 0.30625 0.215625 0.23515625
5 0.6390625 0.1625 0.13359375 0.125
5 0.5171875 0.20390625 0.16640625 0.1765625
5 0.29609375 0.140625 0.18203125 0.16484375
5 0.134375 0.1828125 0.20078125 0.21875
5 0.1375 0.321875 0.18046875 0.21796875
5 0.0671875 0.41484375 0.10703125 0.203125
5 0.28671875 0.53046875 0.190625 0.18515625
5 0.2453125 0.6640625 0.13828125 0.18515625
5 0.21640625 0.875 0.1859375 0.18984375
5 0.34609375 0.71640625 0.16171875 0.215625
5 0.48984375 0.9109375 0.221875 0.178125
5 0.62890625 0.82734375 0.22109375 0.20625
5 0.82578125 0.85078125 0.1296875 0.16015625
5 0.93984375 0.9234375 0.1203125 0.15