5 0.205751871875 0.2982905859375 0.2433830828125 0.274359003125 0.2844354 0.18717950781249998 0.2758828390625 0.1632478578125 0.22114644218750001 0.1376068328125 0.1852257140625 0.129059825 0.13325319375 0.14273499218750002 0.10654215625 0.1837607578125 0.1150947140625 0.250427353125 0.1475944359375 0.2948718359375 0.205751871875 0.2982905859375
5 0.11680520000000001 0.1769230921875 0.1407523640625 0.14957272187499998 0.192067721875 0.098290671875 0.1869362 0.0641026359375 0.16983108125 0.0367521390625 0.12193675625 0.028205131249999998 0.0740424 0.0367521390625 0.04838471875 0.07777780625 0.04838471875 0.120512846875 0.05864780000000001 0.15982907500000001 0.086015996875 0.175213746875 0.091147521875 0.1888888828125 0.10654215625 0.20256411718749998 0.11680520000000001 0.1769230921875
5 0.12364727499999999 0.30512821875 0.132199803125 0.276068378125 0.1202262390625 0.2333333359375 0.11338419687500001 0.1991453 0.08772651718749999 0.1769230921875 0.0466742328125 0.1700854921875 0.015884996874999998 0.2076923078125 0.021016556250000002 0.274359003125 0.043253196875 0.32564105312499997 0.096279078125 0.3341880609375 0.12364727499999999 0.30512821875
5 0.4332499578125 0.173504275 0.42469739687499997 0.11196583906249999 0.407592278125 0.08461540625 0.3665399640625 0.072649646875 0.3066720421875 0.0931624140625 0.2929879578125 0.1769230921875 0.339171796875 0.211111125 0.40588172499999997 0.1991453 0.4332499578125 0.173504275
5 0.4144342859375 0.31196585312499997 0.43496044375 0.264102553125 0.42469739687499997 0.22991455 0.3785135609375 0.1991453 0.33575075781249997 0.1991453 0.3066720421875 0.21623931718749997 0.296408996875 0.224786328125 0.2690407640625 0.2965812109375 0.3118035640625 0.33076924375 0.3682505140625 0.32564105312499997 0.4144342859375 0.31196585312499997
5 0.3716714859375 0.42307696406249995 0.38535563281249996 0.37863248125000004 0.3545663671875 0.34102563125 0.3254877140625 0.332478621875 0.272461803125 0.3341880609375 0.24851467187499998 0.351282078125 0.2399621109375 0.36495728125000004 0.234830525 0.42307696406249995 0.25364619374999997 0.4487179890625 0.334040271875 0.44700854999999995 0.3716714859375 0.42307696406249995
5 0.1954887609375 0.4367521640625 0.22114644218750001 0.4384615390625 0.2399621109375 0.40256413125 0.22969900000000001 0.36666665625 0.188646753125 0.337606878125 0.1304893171875 0.3461538859375 0.11851571875 0.35470089374999997 0.07917395625 0.40598294687500003 0.1048316359375 0.45897437500000005 0.1527259609375 0.4555555578125 0.1954887609375 0.4367521640625
5 0.1356208390625 0.61794871875 0.1544365109375 0.588888878125 0.1356208390625 0.5512820921875 0.1150947140625 0.50854705 0.12364727499999999 0.4743590140625 0.1082526421875 0.46581200625 0.05864780000000001 0.4743590140625 0.0518057578125 0.4948717828125 0.04838471875 0.5000000421874999 0.043253196875 0.5427350828125 0.06377935625 0.5974358859375 0.1150947140625 0.6196581609375 0.1356208390625 0.61794871875
5 0.24167259687499998 0.5444445890625 0.25877771875 0.5068376078125 0.26219875625 0.46239318906250004 0.2433830828125 0.431623971875 0.1852257140625 0.41452995625 0.133910353125 0.445299171875 0.133910353125 0.45384618125 0.11851571875 0.5034187921875 0.1475944359375 0.5547009078125 0.1869362 0.56666666875 0.24167259687499998 0.5444445890625
5 0.3614084390625 0.5700856140624999 0.3973291671875 0.5410256421875 0.40588172499999997 0.482906025 0.3785135609375 0.44358973281249997 0.3186456390625 0.42307696406249995 0.2656197921875 0.44188035625 0.267330278125 0.4555555578125 0.2399621109375 0.5136752421875 0.25364619374999997 0.5512820921875 0.29811948125 0.5717948609375 0.3614084390625 0.5700856140624999
5 0.30496155625 0.6384616828125 0.2998300328125 0.5769231171875 0.25535668125 0.537606825 0.1852257140625 0.5410256421875 0.17154163125 0.5769231171875 0.1407523640625 0.6333333609375 0.205751871875 0.67777778125 0.2639092421875 0.693162421875 0.30496155625 0.6384616828125
5 0.217725403125 0.6999999890625 0.1852257140625 0.65384619375 0.11851571875 0.6452991859375 0.096279078125 0.66581195625 0.0945685578125 0.7410257859375 0.14588395 0.7786325062499999 0.205751871875 0.759829046875 0.217725403125 0.6999999890625
5 0.315224603125 0.8572649578125 0.33575075781249997 0.8094017890625 0.3271982 0.75299148125 0.279303875 0.6965812359375 0.21259388124999998 0.6863247890624999 0.1954887609375 0.7119658140625 0.1646995578125 0.7735043140625 0.1800941921875 0.8179487968749999 0.2399621109375 0.8572649578125 0.315224603125 0.8572649578125
5 0.25364619374999997 0.946153925 0.267330278125 0.894871875 0.224567478125 0.8299145578125 0.1800941921875 0.7974359 0.132199803125 0.77521381875 0.12877883125 0.792307771875 0.10141059999999999 0.843589821875 0.12193675625 0.9034188828125 0.1646995578125 0.951282053125 0.25364619374999997 0.946153925
5 0.4041712390625 0.9752137031249999 0.41272380000000003 0.9068376328125 0.359697953125 0.8589743328124999 0.24680412187499998 0.8504273250000001 0.25877771875 0.8658119671875 0.23312003906249998 0.9153846437500001 0.2570672328125 0.973504328125 0.3408822828125 1 0.4041712390625 0.9752137031249999
5 0.34585710625 0.77390895 0.339171796875 0.8641025921875001 0.39048715624999997 0.9119658921875 0.465749646875 0.8811966078125 0.47943379375 0.7888888921875 0.402460753125 0.7512820390625 0.34585710625 0.77390895
5 0.42982891875 0.7153847609375 0.43153940625000003 0.657264946875 0.402460753125 0.5700856140624999 0.3135141171875 0.5735043 0.315224603125 0.585470125 0.2639092421875 0.657264946875 0.291277471875 0.7410257859375 0.39903971718750003 0.7769230671875 0.42982891875 0.7153847609375
5 0.5136440359375001 0.624786353125 0.5444332390625 0.5717948609375 0.534170128125 0.5136752421875 0.47430220624999997 0.4743590140625 0.45890763906250004 0.472649575 0.44522355625000004 0.4794872078125 0.39048715624999997 0.510256425 0.3836450828125 0.5871796328125 0.448644528125 0.6350427359374999 0.5136440359375001 0.624786353125
5 0.5461437250000001 0.45897437500000005 0.53074915625 0.3854701140625 0.467460196875 0.33076924375 0.407592278125 0.3478632640625 0.3716714859375 0.41452995625 0.41101331406249997 0.48632477500000004 0.515354521875 0.5051282328125 0.5461437250000001 0.45897437500000005
5 0.5854854890625 0.32735042812500004 0.5598278078125001 0.264102553125 0.4948283640625 0.22991455 0.47772324375 0.2452991609375 0.4144342859375 0.31196585312499997 0.47772324375 0.38034192187500004 0.551275246875 0.3735042890625 0.5854854890625 0.32735042812500004
5 0.7599577281250001 0.262393178125 0.727457971875 0.2128205328125 0.69837931875 0.1888888828125 0.6658795671875 0.1888888828125 0.5854854890625 0.236752153125 0.626537803125 0.31196585312499997 0.6881162749999999 0.32393161406250004 0.7599577281250001 0.262393178125
5 0.727457971875 0.3735042890625 0.65561651875 0.2965812109375 0.6008801218750001 0.30341884375 0.583775003125 0.31196585312499997 0.5529858 0.3854701140625 0.6060116437499999 0.45213674218750005 0.70522139375 0.45213674218750005 0.727457971875 0.3735042890625
5 0.662458528125 0.445299171875 0.6060116437499999 0.382051296875 0.5632488437500001 0.3717949140625 0.5495647609375001 0.3854701140625 0.5427226890625 0.39230768125000004 0.5136440359375001 0.4487179890625 0.5598278078125001 0.5068376078125 0.65390596875 0.50854705 0.662458528125 0.445299171875
5 0.677853228125 0.588888878125 0.636800846875 0.534188075 0.57009091875 0.5153846171875001 0.5393017171875 0.5393162671875 0.5393017171875 0.537606825 0.52219659375 0.6196581609375 0.5786434781249999 0.6965812359375 0.6744321249999999 0.676068403125 0.677853228125 0.588888878125
5 0.6094326828125001 0.70341880625 0.576932928125 0.62820516875 0.508512446875 0.5837606859375 0.4537761140625 0.59059831875 0.40930276406250005 0.614529903125 0.38877660625 0.6726497171875 0.42298684687500004 0.759829046875 0.5752224421875 0.7700854968749999 0.6094326828125001 0.70341880625
5 0.8027205281249999 0.720512821875 0.7462737078125 0.6623932031249999 0.7154844421875 0.6555557000000001 0.6949583500000001 0.66581195625 0.662458528125 0.734188021875 0.7257474859374999 0.80085478125 0.79758906875 0.7871795140625 0.8027205281249999 0.720512821875
5 0.9515351531249999 0.693162421875 0.90535125 0.629914675 0.8352202828124999 0.6333333609375 0.826667721875 0.6504273781250001 0.8317993109374999 0.657264946875 0.809562603125 0.746153846875 0.88311466875 0.7837607640625001 0.9515351531249999 0.7512820390625 0.9515351531249999 0.693162421875
5 0.9840347749999999 0.600854703125 0.97719283125 0.54957265 0.9275879578125 0.4914530328125 0.8933777171875 0.48119658281250005 0.8779830828125 0.4794872078125 0.8198256468749999 0.53589745 0.84890443125 0.6128206578125 0.925877471875 0.652136753125 0.9840347749999999 0.600854703125
5 0.8694305218749999 0.496581225 0.84035186875 0.433333346875 0.7941679671874999 0.3974359390625 0.7411421218750001 0.38888893125 0.71206346875 0.40085468906250005 0.7018002921875001 0.39401712187500004 0.65732700625 0.4641025671875 0.6915372468750001 0.537606825 0.8198256468749999 0.5512820921875 0.8694305218749999 0.496581225
5 0.8506149171875 0.35299145625 0.8027205281249999 0.29145301875 0.7411421218750001 0.2948718359375 0.7189054109375 0.2965812109375 0.6675901171875 0.36666665625 0.7719313890625 0.421367521875 0.8437728421875 0.4111111390625 0.8506149171875 0.35299145625
5 0.9327194140625 0.32735042812500004 0.9498245359374999 0.2692308109375 0.931008928125 0.20256411718749998 0.8916672312499999 0.180341875 0.8574569921874999 0.180341875 0.777062846875 0.20598290000000002 0.777062846875 0.288034203125 0.8540358890625 0.3478632640625 0.9327194140625 0.32735042812500004
5 0.9207458828125 0.024786346875 0.8702450687500001 0.0475783671875 0.8300886937499999 0.0863248140625 0.8677200359375 0.1683760828125 0.9925873359375 0.1837607578125 1 0.1256410421875 0.9925873359375 0.047008618749999995 0.9207458828125 0.024786346875
5 1 0.42991453125 0.9703507578125 0.3461538859375 0.9019302781249999 0.3341880609375 0.8933777171875 0.35299145625 0.8300886937499999 0.382051296875 0.845483328125 0.46068375 0.97719283125 0.4880342171875 1 0.42991453125