5 0.55 0.10078125 0.13203125 0.17578125
5 0.66328125 0.11640625 0.10546875 0.15546875
5 0.7796875 0.24296875 0.15 0.17109375
5 0.53203125 0.43359375 0.175 0.196875
5 0.48515625 0.2234375 0.1078125 0.1390625
5 0.30390625 0.12421875 0.13828125 0.16328125
5 0.084375 0.16953125 0.15546875 0.16875
5 0.3109375 0.31328125 0.15546875 0.14375
5 0.1734375 0.34375 0.13046875 0.1203125
5 0.265625 0.48515625 0.1484375 0.159375
5 0.1234375 0.58125 0.15859375 0.18125
5 0.29765625 0.621875 0.16328125 0.16484375
5 0.359375 0.77578125 0.1578125 0.1953125
5 0.54921875 0.7796875 0.16796875 0.2078125
5 0.7828125 0.6609375 0.1625 0.2171875
5 0.79921875 0.7953125 0.184375 0.2171875