5 0.26796875 0.26953125 0.1265625 0.19375
5 0.390625 0.33984375 0.134375 0.25
5 0.57421875 0.35390625 0.15 0.23203125
5 0.728125 0.2921875 0.15546875 0.23984375
5 0.91171875 0.34296875 0.1765625 0.23046875
5 0.76484375 0.515625 0.109375 0.3125
5 0.8984375 0.64921875 0.16484375 0.40703125
5 0.71015625 0.7015625 0.15390625 0.26171875
5 0.7953125 0.7859375 0.1984375 0.34140625
5 0.60859375 0.85390625 0.21171875 0.2828125
5 0.453125 0.7234375 0.15234375 0.26640625
5 0.390625 0.86015625 0.203125 0.2796875
5 0.26484375 0.7125 0.184375 0.30859375
5 0.28671875 0.84921875 0.1796875 0.3015625
5 0.078125 0.49765625 0.15625 0.27734375