5 0.40625 0.3375 0.0671875 0.0875
5 0.45390625 0.31484375 0.07578125 0.10859375
5 0.44453125 0.39375 0.07109375 0.0890625
5 0.48984375 0.41875 0.06484375 0.103125
5 0.52421875 0.3828125 0.06328125 0.11484375
5 0.5671875 0.39921875 0.05390625 0.09140625
5 0.60859375 0.43828125 0.059375 0.09296875
5 0.65625 0.45546875 0.0578125 0.09296875
5 0.36328125 0.4625 0.09140625 0.0890625
5 0.28046875 0.43515625 0.04375 0.05625
5 0.265625 0.47890625 0.04375 0.06796875
5 0.2984375 0.5796875 0.071875 0.1046875
5 0.36953125 0.5828125 0.0875 0.0984375
5 0.40078125 0.5640625 0.0875 0.12265625
5 0.38828125 0.60703125 0.07265625 0.07890625
5 0.4921875 0.6078125 0.06328125 0.07265625