5 0.4671875 0.6015625 0.09140625 0.07734375
5 0.55390625 0.57890625 0.06796875 0.07734375
5 0.6359375 0.54609375 0.05390625 0.0828125
5 0.62734375 0.49296875 0.05390625 0.0609375
5 0.52578125 0.496875 0.09140625 0.084375
5 0.45078125 0.5234375 0.09140625 0.06328125
5 0.3296875 0.48359375 0.1 0.0703125
5 0.26875 0.5625 0.08515625 0.0625
5 0.2265625 0.54921875 0.09296875 0.06484375
5 0.17421875 0.5421875 0.07109375 0.05390625
5 0.22578125 0.50234375 0.0578125 0.04921875
5 0.29296875 0.453125 0.09296875 0.06796875
5 0.34765625 0.45390625 0.07734375 0.04921875