5 0.57890625 0.60546875 0.16953125 0.14609375
5 0.4734375 0.49453125 0.1546875 0.1421875
5 0.70625 0.4234375 0.146875 0.1234375
5 0.8953125 0.44765625 0.15625 0.14296875
5 0.67265625 0.51640625 0.1390625 0.1296875
5 0.68515625 0.6625 0.12109375 0.13125
5 0.38671875 0.73359375 0.19140625 0.11171875
5 0.3703125 0.58515625 0.17578125 0.1484375
5 0.39375 0.4625 0.221875 0.13359375
5 0.4265625 0.38828125 0.15 0.1390625
5 0.209375 0.4125 0.12265625 0.08984375
5 0.20546875 0.4953125 0.13125 0.11328125
5 0.24453125 0.6546875 0.11640625 0.115625
5 0.2078125 0.70625 0.09453125 0.07421875