5 0.35625 0.09140625 0.071875 0.13125
5 0.39375 0.15390625 0.0640625 0.08125
5 0.403125 0.21640625 0.078125 0.10859375
5 0.41796875 0.2890625 0.10546875 0.125
5 0.5015625 0.29453125 0.071875 0.08984375
5 0.55859375 0.1890625 0.121875 0.20234375
5 0.6671875 0.225 0.11171875 0.20234375
5 0.64765625 0.34375 0.1125 0.18359375
5 0.6546875 0.4375 0.09140625 0.10546875
5 0.521875 0.4453125 0.13125 0.171875
5 0.43125 0.41953125 0.13515625 0.16875
5 0.29375 0.4859375 0.065625 0.096875
5 0.3375 0.7328125 0.0953125 0.1578125
5 0.4171875 0.7703125 0.11484375 0.14765625
5 0.51796875 0.6734375 0.0921875 0.13671875
5 0.621875 0.6484375 0.14140625 0.18203125
5 0.715625 0.51171875 0.10234375 0.159375
5 0.70234375 0.709375 0.11328125 0.18359375
5 0.65546875 0.81640625 0.0890625 0.1625
5 0.60234375 0.90859375 0.1171875 0.1625
5 0.69765625 0.8984375 0.08359375 0.13828125
5 0.76484375 0.9125 0.1171875 0.15390625
5 0.784375 0.76171875 0.08984375 0.11328125
5 0.79609375 0.6640625 0.0828125 0.140625
5 0.80703125 0.5296875 0.0703125 0.08125
5 0.8796875 0.74140625 0.14140625 0.175
5 0.89375 0.83984375 0.12265625 0.14921875
5 0.95625 0.73828125 0.0875 0.17734375
5 0.88671875 0.35 0.0515625 0.0890625