5 0.42421875 0.29453125 0.09765625 0.16328125
5 0.50703125 0.32421875 0.09453125 0.1515625
5 0.5875 0.32421875 0.09296875 0.16484375
5 0.7 0.371875 0.0671875 0.12265625
5 0.51796875 0.18203125 0.08203125 0.15546875
5 0.59375 0.1921875 0.08671875 0.184375
5 0.3421875 0.26640625 0.0890625 0.13828125
5 0.32734375 0.41171875 0.090625 0.1671875
5 0.41171875 0.43125 0.08828125 0.1625
5 0.4953125 0.446875 0.06328125 0.1140625
5 0.4703125 0.56484375 0.1078125 0.2
5 0.38359375 0.6109375 0.12890625 0.1546875
5 0.3125 0.6609375 0.103125 0.15703125
5 0.3765625 0.71796875 0.0921875 0.15234375
5 0.44140625 0.77734375 0.09296875 0.17265625
5 0.47109375 0.878125 0.13828125 0.18984375
5 0.57109375 0.86640625 0.11484375 0.15703125
5 0.52890625 0.73125 0.07265625 0.14765625
5 0.12109375 0.19296875 0.09609375 0.1765625
5 0.06171875 0.08984375 0.078125 0.15234375
5 0.20703125 0.15 0.1078125 0.17578125
5 0.11640625 0.29921875 0.1 0.15078125
5 0.071875 0.40859375 0.08046875 0.134375
5 0.159375 0.4203125 0.096875 0.16328125
5 0.10234375 0.55078125 0.09375 0.16171875
5 0.0484375 0.684375 0.05859375 0.10703125
5 0.7609375 0.27578125 0.09765625 0.21484375
5 0.9125 0.1703125 0.10859375 0.22890625
5 0.87578125 0.38046875 0.09296875 0.1546875
5 0.8171875 0.49140625 0.096875 0.14140625
5 0.884375 0.55078125 0.11796875 0.26796875
5 0.9453125 0.6703125 0.10859375 0.25546875
5 0.846875 0.73984375 0.08203125 0.1203125