5 0.39140625 0.275 0.1453125 0.18125
5 0.42734375 0.10234375 0.09453125 0.109375
5 0.49375 0.14296875 0.0953125 0.12578125
5 0.57265625 0.1078125 0.1171875 0.12109375
5 0.678125 0.14765625 0.12265625 0.1515625
5 0.740625 0.2484375 0.115625 0.15703125
5 0.6171875 0.2390625 0.128125 0.1625
5 0.63671875 0.371875 0.1203125 0.1671875
5 0.74296875 0.4109375 0.09296875 0.14453125
5 0.7015625 0.51953125 0.0953125 0.1203125
5 0.5859375 0.59765625 0.12421875 0.1515625
5 0.49453125 0.540625 0.11171875 0.12265625
5 0.3578125 0.49375 0.11640625 0.13828125