5 0.35703125 0.21953125 0.0515625 0.0703125
5 0.43984375 0.23984375 0.06328125 0.08671875
5 0.4578125 0.290625 0.0546875 0.0875
5 0.47265625 0.35703125 0.0609375 0.09921875
5 0.540625 0.3484375 0.05703125 0.09765625
5 0.58125 0.35234375 0.0421875 0.065625
5 0.58359375 0.2796875 0.0515625 0.0921875
5 0.65234375 0.3484375 0.0671875 0.10078125
5 0.70625 0.3703125 0.0421875 0.09453125
5 0.73203125 0.340625 0.0484375 0.08203125
5 0.57890625 0.4734375 0.0578125 0.09765625
5 0.471875 0.4453125 0.0515625 0.0765625
5 0.49453125 0.5 0.0453125 0.07265625
5 0.4234375 0.5078125 0.059375 0.08828125
5 0.47109375 0.56171875 0.06328125 0.08671875
5 0.5203125 0.58046875 0.07890625 0.1
5 0.58359375 0.57421875 0.08046875 0.1
5 0.62421875 0.53125 0.05703125 0.0765625
5 0.65703125 0.49375 0.04765625 0.0828125
5 0.69453125 0.503125 0.05 0.07890625
5 0.7234375 0.48203125 0.05703125 0.09921875