5 0.44921875 0.1796875 0.175 0.19609375
5 0.56953125 0.24453125 0.20546875 0.19765625
5 0.76796875 0.153125 0.184375 0.21171875
5 0.73671875 0.2859375 0.1515625 0.20703125
5 0.76484375 0.3796875 0.16015625 0.16953125
5 0.5953125 0.43125 0.16015625 0.15625
5 0.6671875 0.55546875 0.17421875 0.1703125
5 0.4171875 0.45703125 0.16171875 0.1484375
5 0.5140625 0.55625 0.2234375 0.1890625
5 0.39375 0.66328125 0.18359375 0.184375
5 0.328125 0.74921875 0.23671875 0.16875
5 0.2234375 0.67890625 0.20625 0.16015625
5 0.21171875 0.7984375 0.1484375 0.12578125
5 0.16328125 0.85390625 0.18359375 0.1515625