5 0.32265625 0.27109375 0.11796875 0.0875
5 0.3796875 0.2546875 0.1 0.0671875
5 0.49453125 0.25546875 0.15546875 0.08046875
5 0.625 0.26875 0.159375 0.103125
5 0.7796875 0.3 0.11953125 0.1
5 0.8328125 0.28359375 0.09921875 0.10390625
5 0.84765625 0.35078125 0.1296875 0.1125
5 0.7578125 0.378125 0.09921875 0.1046875
5 0.5125 0.37265625 0.134375 0.0953125
5 0.51953125 0.4265625 0.09921875 0.05703125
5 0.41640625 0.465625 0.1171875 0.0796875
5 0.2234375 0.46171875 0.10703125 0.06015625
5 0.1765625 0.484375 0.0953125 0.07578125
5 0.06796875 0.56171875 0.103125 0.09375
5 0.21015625 0.6109375 0.09921875 0.0921875
5 0.19453125 0.69140625 0.10546875 0.07421875
5 0.29140625 0.71953125 0.1421875 0.0921875
5 0.37578125 0.68359375 0.11796875 0.1203125
5 0.4046875 0.75625 0.1 0.078125
5 0.49453125 0.66484375 0.08046875 0.075
5 0.5484375 0.72890625 0.1125 0.065625
5 0.7453125 0.734375 0.14375 0.12578125
5 0.85234375 0.72578125 0.1453125 0.0890625