5 0.4765625 0.3640625 0.06796875 0.053125
5 0.475 0.40546875 0.07421875 0.07890625
5 0.52890625 0.4265625 0.0546875 0.0609375
5 0.57890625 0.40390625 0.07109375 0.06796875
5 0.64375 0.37421875 0.05078125 0.0609375
5 0.746875 0.390625 0.05078125 0.05859375
5 0.765625 0.4234375 0.07421875 0.08125
5 0.696875 0.45 0.0640625 0.08125
5 0.64296875 0.51171875 0.0625 0.090625
5 0.73828125 0.52734375 0.06484375 0.0640625
5 0.78203125 0.4765625 0.07265625 0.090625
5 0.74375 0.59921875 0.04765625 0.08125
5 0.62890625 0.5625 0.05546875 0.0640625
5 0.12578125 0.74609375 0.07421875 0.0875
5 0.10234375 0.796875 0.03984375 0.0703125