5 0.4515625 0.18984375 0.12265625 0.16171875
5 0.5765625 0.2 0.11796875 0.165625
5 0.7171875 0.22265625 0.15390625 0.17421875
5 0.75234375 0.48125 0.1265625 0.1859375
5 0.8921875 0.4015625 0.1234375 0.18984375
5 0.74375 0.64453125 0.14609375 0.21484375
5 0.56328125 0.51796875 0.1859375 0.25078125
5 0.41953125 0.5015625 0.1484375 0.1953125
5 0.27265625 0.7921875 0.19453125 0.21171875
5 0.06484375 0.63671875 0.11796875 0.19921875
5 0.84453125 0.91796875 0.1890625 0.1640625
5 0.2046875 0.28671875 0.134375 0.1421875
5 0.0703125 0.30859375 0.1390625 0.2125