5 0.1375 0.50234375 0.17421875 0.14609375
5 0.27734375 0.396875 0.15859375 0.16953125
5 0.36953125 0.40390625 0.14453125 0.17578125
5 0.46640625 0.478125 0.1671875 0.1703125
5 0.51953125 0.35546875 0.159375 0.1765625
5 0.6671875 0.46640625 0.1609375 0.184375
5 0.73671875 0.4875 0.15078125 0.18359375
5 0.75703125 0.353125 0.16484375 0.146875
5 0.8375 0.44921875 0.134375 0.1203125
5 0.88984375 0.515625 0.18984375 0.18515625
5 0.60625 0.640625 0.1921875 0.1703125
5 0.40546875 0.65078125 0.1703125 0.134375
5 0.28359375 0.55234375 0.1671875 0.1390625
5 0.16875 0.48671875 0.18671875 0.14375