5 0.90625 0.128125 0.15078125 0.23671875
5 0.7265625 0.0859375 0.14609375 0.171875
5 0.55390625 0.1515625 0.190625 0.2375
5 0.7578125 0.2984375 0.19921875 0.2859375
5 0.95546875 0.3234375 0.0890625 0.2015625
5 0.8953125 0.50546875 0.2015625 0.2875
5 0.7078125 0.503125 0.2015625 0.24609375
5 0.5859375 0.3625 0.16796875 0.246875
5 0.4078125 0.28203125 0.2046875 0.23359375
5 0.23125 0.28515625 0.1640625 0.2125
5 0.06640625 0.3390625 0.13203125 0.33046875
5 0.13046875 0.4453125 0.1703125 0.240625
5 0.278125 0.459375 0.1328125 0.1859375
5 0.4375 0.5140625 0.17421875 0.27265625
5 0.61484375 0.73515625 0.18203125 0.30078125
5 0.8265625 0.76640625 0.19375 0.27265625
5 0.67578125 0.9203125 0.19609375 0.159375
5 0.88359375 0.9296875 0.19375 0.140625
5 0.50234375 0.9453125 0.1984375 0.109375
5 0.41796875 0.7203125 0.1703125 0.27265625
5 0.2296875 0.646875 0.1984375 0.24140625
5 0.05390625 0.65078125 0.10703125 0.31484375
5 0.1078125 0.86171875 0.18125 0.2265625
5 0.2875 0.89921875 0.228125 0.20078125