5 0.5 0.1171875 0.2453125 0.1953125
5 0.35234375 0.29375 0.2140625 0.22265625
5 0.1484375 0.53828125 0.25078125 0.24921875
5 0.4578125 0.55078125 0.240625 0.26171875
5 0.6984375 0.5375 0.17578125 0.1765625
5 0.60859375 0.3046875 0.19765625 0.1828125
5 0.8296875 0.29140625 0.15625 0.21328125
5 0.93203125 0.42578125 0.1359375 0.36015625
5 0.809375 0.6234375 0.1859375 0.17734375
5 0.72578125 0.8515625 0.2515625 0.2734375
5 0.53984375 0.9203125 0.17578125 0.159375
5 0.353125 0.934375 0.22890625 0.13046875