5 0.5373159046875 0.4333333953125 0.5639998937499999 0.45199998125 0.5835681234375001 0.436000021875 0.612031084375 0.3933333953125 0.6138099890625 0.34533331562499997 0.603136421875 0.294666709375 0.58178921875 0.26800004374999997 0.5568841359375 0.254666709375 0.5284212421875 0.26266669062500003 0.49817937656250005 0.2840000015625 0.4892847140625 0.3106666703125 0.48039005156250003 0.3533333953125 0.4821689578125 0.40933335625 0.5088529453125 0.41466670937499994 0.5373159046875 0.4333333953125
5 0.649388640625 0.40933335625 0.6600622078125 0.4200000640625 0.700977640625 0.422666690625 0.73833533125 0.4040000015625 0.7525667109375 0.36933335624999997 0.7561246578125 0.31333339531250004 0.7472299953125 0.2813333765625 0.7347773859375 0.254666709375 0.7205460078125 0.22800004375 0.6991987359375 0.21466670937500001 0.6760726265625 0.21466670937500001 0.6422728828125 0.22800004375 0.6333782203125 0.2333333953125 0.612031084375 0.302666690625 0.60669423125 0.3506666703125 0.620925746875 0.385333315625 0.649388640625 0.40933335625
5 0.71520915625 0.40933335625 0.7169880609375 0.4786666484375 0.7294406703125 0.494666709375 0.7490089 0.52933335625 0.7703560359375 0.53199998125 0.8059346859375 0.502666690625 0.816608253125 0.465333315625 0.8112715375 0.4013333765625 0.8077135921874999 0.3640000015625 0.8005979703125 0.342666690625 0.7650193203125 0.342666690625 0.7650193203125 0.3506666703125 0.7294406703125 0.3906666703125 0.71520915625 0.40933335625
5 0.7828086453124999 0.5346667093749999 0.7828086453124999 0.5586666484375 0.78458755 0.625333315625 0.8005979703125 0.6200000640625001 0.8183872953125 0.61199998125 0.85752375625 0.6386666484375 0.8788708921874999 0.6386666484375 0.9019970687500001 0.625333315625 0.9215652984375 0.58533341875 0.9251232453125 0.545333315625 0.9215652984375 0.494666709375 0.9037759734374999 0.4600000640625 0.8788708921874999 0.44933335625000004 0.8415133359375 0.4573333359375 0.825502915625 0.46800004375000004 0.8041557812500001 0.4973333359375 0.7828086453124999 0.5346667093749999
5 0.400110253125 0.48857145625 0.39782306093750003 0.5217142859375 0.400110253125 0.5571428843749999 0.4115462484375 0.58228570625 0.435180625 0.5879999921875 0.468726221875 0.5879999921875 0.4908358234375 0.6005714484375 0.5129453953125 0.6005714484375 0.5289558046875 0.57542866875 0.5419165765625 0.5354286687500001 0.5480157953125 0.49885714375 0.5449661859375 0.4645714296875 0.5320053859375 0.42799999218749996 0.510658203125 0.4177143046875 0.48321182656249995 0.407428571875 0.44814142500000004 0.3994285640625 0.44509184375000005 0.4017142859375 0.43060624062499997 0.4131428578125 0.4184078578125 0.43371427812499996 0.40849663906250006 0.45885714375 0.400110253125 0.48857145625
5 0.6227309562500001 0.52628573125 0.6402661703125 0.5342857421875 0.6639005484375 0.5160000015625 0.679148540625 0.48514285 0.687534925 0.43142859843750003 0.67686131875 0.40971429531250003 0.6555141640625 0.3914285984375 0.626542953125 0.381142865625 0.6051957406249999 0.3891428765625 0.5846109734375 0.41542858125000004 0.5686005640625 0.44628573125 0.562501371875 0.46000002812499996 0.5670757859375 0.4897142953125 0.573174978125 0.5114285984375 0.5945221921875 0.517142884375 0.6227309562500001 0.52628573125
5 0.666950159375 0.61200001875 0.661613325 0.64857145625 0.667712546875 0.6577143046875 0.6997333078125 0.6702857156250001 0.7287045171875 0.677142884375 0.7508141187499999 0.6691428765625 0.7630125015625 0.6348571625 0.7881716546875001 0.60857145625 0.7904588765625 0.6005714484375 0.7874092671875 0.5617142859375 0.776735659375 0.5365714640625 0.759200503125 0.5114285984375 0.73099168125 0.4897142953125 0.7096445265625 0.4817142859375 0.68601015 0.4908571359375 0.6844853140625 0.49542858125 0.6608509375 0.5182857234375 0.6539893296875 0.5479999921875 0.661613325 0.5731428578125 0.666950159375 0.61200001875
5 0.5373421890625 0.6725715265625001 0.5342925796875 0.701142909375 0.5594517906250001 0.7308571781250001 0.5861357500000001 0.74228575 0.627305340625 0.7354286234375 0.6547517171874999 0.69885714375 0.6692373234375 0.647428571875 0.67076215625 0.597142884375 0.6593261609375001 0.5514285984375 0.6395037234375 0.5331428578125 0.606720575 0.524000009375 0.5670757859375 0.5228571703125 0.5503029890625 0.530857178125 0.54267899375 0.543428590625 0.5236190015625 0.5742857421875 0.5175198109375 0.5994285640625 0.535817384375 0.6440000984375 0.5373421890625 0.6725715265625001
5 0.39324864531250003 0.7560000015624999 0.41002144375 0.7857142703125 0.4466166203125 0.8108571781249999 0.4915982109375 0.81200001875 0.5175198109375 0.7857142703125 0.5335301921875 0.729714340625 0.535817384375 0.6657143125 0.527431 0.6291428765625 0.5068462046875 0.6040000984375 0.47253822031250003 0.5891428765625 0.44280462343749993 0.5857143125000001 0.414595859375 0.5982858125 0.3879118703125 0.633714278125 0.38257506874999997 0.6645714296875 0.38105026249999996 0.703428590625 0.39324864531250003 0.7560000015624999
5 0.3444550859375 0.6954286234375 0.3772382640625 0.6828571703125 0.39477345 0.6611429546875 0.4069718625 0.61542866875 0.415358246875 0.6028571703125001 0.40849663906250006 0.5731428578125 0.39629825625000004 0.5457143125 0.3772382640625 0.5914285984375 0.361227884375 0.60514285 0.3375934765625 0.5891428765625 0.32082069375 0.56628573125 0.3040478953125 0.52971438125 0.2926119015625 0.5365714640625 0.2948990953125 0.5388571437499999 0.2758391046875 0.590285715625 0.2773639078125 0.6360000015625 0.29413670625 0.6760000015625 0.3444550859375 0.6954286234375
5 0.7494440703125 0.75885714375 0.769266478125 0.7794285640624999 0.8096736531250001 0.7931428578124999 0.84626883125 0.78514285 0.8699032375 0.7314285984375 0.8752400124999999 0.680000028125 0.8638040171875 0.6365714203125 0.8287336453125 0.6045714296875 0.80128726875 0.59885714375 0.7677416734375 0.6308571359374999 0.7502064875000001 0.66857145625 0.744869684375 0.6982858125 0.742582490625 0.7291428765625 0.7494440703125 0.75885714375
5 0.1913339859375 0.6528571703125 0.22792919218750002 0.65628573125 0.2607123703125 0.6460000015625 0.2736731703125 0.6060000015625 0.28663394062499997 0.5694286078124999 0.29120835624999997 0.5511428656249999 0.2828219421875 0.5031428578125 0.2538507625 0.46200001874999996 0.21801797343749998 0.46542858125000003 0.1859972125 0.4768571515625 0.15550122500000002 0.523714278125 0.14863961718750002 0.5717142859375001 0.16083799999999998 0.6254286687499999 0.1913339859375 0.6528571703125