5 0.30625 0.09765625 0.103125 0.09453125
5 0.4703125 0.14375 0.11484375 0.10390625
5 0.59453125 0.22578125 0.09296875 0.128125
5 0.640625 0.26328125 0.090625 0.12890625
5 0.3765625 0.36796875 0.1015625 0.1390625
5 0.44296875 0.26640625 0.08046875 0.12265625
5 0.3328125 0.2734375 0.109375 0.14609375
5 0.16953125 0.2609375 0.08984375 0.09921875
5 0.18828125 0.36015625 0.10625 0.115625
5 0.24453125 0.4703125 0.1265625 0.13125
5 0.2953125 0.5578125 0.11171875 0.1375
5 0.33203125 0.62265625 0.125 0.1328125
5 0.50078125 0.72421875 0.15859375 0.140625
5 0.62265625 0.71015625 0.08125 0.09921875
5 0.58984375 0.79453125 0.140625 0.13671875
5 0.496875 0.8265625 0.1109375 0.11015625
5 0.6171875 0.8703125 0.11328125 0.15859375
5 0.6859375 0.8140625 0.11171875 0.1328125
5 0.7640625 0.7796875 0.13828125 0.16484375
5 0.83125 0.70390625 0.115625 0.14375
5 0.88203125 0.6421875 0.10078125 0.09765625
5 0.9515625 0.61875 0.09609375 0.10234375