5 0.6040253703125 0.44775393750000003 0.58057263125 0.412597703125 0.5551655296875 0.4008789078125 0.51216885625 0.40869143750000003 0.508260053125 0.4692382828125 0.58057263125 0.47509764375 0.6040253703125 0.44775393750000003
5 0.66656590625 0.373535203125 0.6118429 0.3364257984375 0.5883901625 0.33056643750000003 0.561028696875 0.383300828125 0.6196605046875 0.42626951875 0.6509307718749999 0.422363328125 0.66656590625 0.373535203125
5 0.7584224203125001 0.3559570484375 0.7408328484375 0.3266601734375 0.7076082171875 0.30908201874999996 0.6646115421875 0.32080081250000003 0.6919730828125 0.35791014374999996 0.7427873625 0.36767576874999996 0.7584224203125001 0.3559570484375
5 0.7994646578125 0.422363328125 0.7877383250000001 0.40869143750000003 0.7388784859374999 0.37939456250000003 0.71151694375 0.412597703125 0.7388784859374999 0.45556639375 0.7896926890625 0.4594726578125 0.7994646578125 0.422363328125
5 0.71151694375 0.48486326875 0.6802466765624999 0.4497070328125 0.6216148687499999 0.4301757828125 0.5903446 0.4594726578125 0.6352956390625 0.5219726734375 0.6997906140625 0.5278320328125 0.71151694375 0.48486326875
5 0.8287805609375001 0.520019578125 0.7994646578125 0.4790039078125 0.7525593296875 0.4594726578125 0.6997906140625 0.49462889375 0.748650453125 0.539550828125 0.8111911390625 0.551269696875 0.8287805609375001 0.520019578125
5 0.8776404031249999 0.49658206250000003 0.8776404031249999 0.48681643750000003 0.84246140625 0.480957078125 0.8072822609375001 0.5083007828125 0.8444157703125 0.5454101875 0.891321246875 0.5473632828125 0.8776404031249999 0.49658206250000003
5 0.9186827875000001 0.580566571875 0.9030475796875 0.5532227171875 0.84050704375 0.5336913937500001 0.8111911390625 0.559082078125 0.858096465625 0.6118163937500001 0.891321246875 0.629394696875 0.9186827875000001 0.580566571875
5 0.84246140625 0.607910203125 0.8268261984375 0.5844726875 0.7642856625000001 0.5649414375 0.746696090625 0.609863446875 0.77601199375 0.666503953125 0.8561421031249999 0.6625976875 0.84246140625 0.607910203125
5 0.772103265625 0.580566571875 0.73106088125 0.5375976578125 0.6958818109375 0.5317382984375 0.639204440625 0.5922851437500001 0.6567939390624999 0.637207078125 0.7095625812499999 0.6743164078125 0.772103265625 0.580566571875
5 0.6978362484375 0.5864257828125 0.6685203453125 0.5336913937500001 0.582526996875 0.5161133125 0.5238951875 0.5727538937500001 0.5551655296875 0.637207078125 0.6567939390624999 0.6547851578125 0.6978362484375 0.5864257828125
5 0.5532110921875 0.580566571875 0.5102144171874999 0.5317382984375 0.46917218125 0.5258789375 0.408586009375 0.5649414375 0.4398562765625 0.6137695625 0.51216885625 0.637207078125 0.5532110921875 0.580566571875
5 0.5238951875 0.461425828125 0.4594002125 0.441894578125 0.4320386734375 0.4829101734375 0.5160776578124999 0.5336913937500001 0.53562159375 0.500488328125 0.5238951875 0.461425828125
5 0.5434391234375 0.3559570484375 0.5219408234375 0.34033206250000003 0.49067048125 0.3461914234375 0.45744585000000004 0.40869143750000003 0.5160776578124999 0.4399414078125 0.5649374984375 0.4204101578125 0.5434391234375 0.3559570484375
5 0.551256728125 0.28955076874999996 0.508260053125 0.2973632984375 0.484807315625 0.33837889374999996 0.5453935609375 0.37744139374999996 0.6001165687500001 0.36962893750000003 0.551256728125 0.28955076874999996
5 0.551256728125 0.26220706250000003 0.5649374984375 0.32080081250000003 0.6274780343749999 0.3266601734375 0.6118429 0.27197268750000003 0.551256728125 0.26220706250000003
5 0.5414847593750001 0.2055664078125 0.5219408234375 0.20166014375 0.4828529515625 0.2250976578125 0.45158260781250004 0.27978514374999996 0.5414847593750001 0.3032226578125 0.58057263125 0.26220706250000003 0.5414847593750001 0.2055664078125
5 0.42226670468750005 0.2680664234375 0.3831788328125 0.26220706250000003 0.3675436984375 0.314941453125 0.42617550625 0.35009768750000003 0.4379019125 0.2875976734375 0.42226670468750005 0.2680664234375
5 0.4613545765625 0.3422851578125 0.42031234062499995 0.33837889374999996 0.3792701046875 0.32861326874999996 0.36558933437499996 0.3657226734375 0.41640353750000003 0.4399414078125 0.5023968875 0.412597703125 0.4613545765625 0.3422851578125
5 0.265915215625 0.6997070187500001 0.2639608515625 0.637207078125 0.2385537484375 0.6020507687500001 0.1913146859375 0.5976561921875 0.16428680625 0.6157226578125 0.15842356562499998 0.678222821875 0.2151010109375 0.7192382687500001 0.265915215625 0.6997070187500001
5 0.36363489531250004 0.6352539078125 0.3421365953125 0.6137695625 0.30109436093749997 0.598144578125 0.27373281875 0.639160321875 0.3089118890625 0.687988446875 0.35190856406250004 0.6840820328125 0.36363489531250004 0.6352539078125
5 0.441810640625 0.639160321875 0.3949052375 0.617675828125 0.3714525 0.656738328125 0.41249473593749997 0.6997070187500001 0.46330901406249997 0.678222821875 0.441810640625 0.639160321875
5 0.5590742578125 0.6723633125 0.551256728125 0.6430664375 0.496533721875 0.6254882828125 0.45744585000000004 0.648925946875 0.49457928281249997 0.715332078125 0.5453935609375 0.7211914375 0.5590742578125 0.6723633125
5 0.670474709375 0.6801757687500001 0.6646115421875 0.6704101437500001 0.594253403125 0.637207078125 0.562983059375 0.678222821875 0.6001165687500001 0.7211914375 0.6528852109375001 0.7329101578125 0.670474709375 0.6801757687500001
5 0.605979734375 0.736816571875 0.584481434375 0.7094726437500001 0.5317127921875 0.6997070187500001 0.496533721875 0.7309570625 0.529758353125 0.7993164375 0.6118429 0.8208007828125 0.605979734375 0.736816571875
5 0.529758353125 0.7133789078125 0.5238951875 0.6997070187500001 0.4887161171875 0.6625976875 0.41835797656249996 0.678222821875 0.40467720625 0.7407226875 0.44767388124999996 0.7915039078125 0.5180320218750001 0.7915039078125 0.529758353125 0.7133789078125
5 0.43008430937500003 0.7192382687500001 0.3949052375 0.6801757687500001 0.34018223281250004 0.6606445187500001 0.299139921875 0.7407226875 0.3577717296875 0.7993164375 0.4320386734375 0.7778320187500001 0.43008430937500003 0.7192382687500001
5 0.2971855578125 0.6704101437500001 0.29327675625 0.666503953125 0.2463712796875 0.658691571875 0.22096417656249998 0.7329101578125 0.28350478749999997 0.7622070328125 0.34018223281250004 0.7211914375 0.2971855578125 0.6704101437500001
5 0.267869653125 0.45751956250000003 0.25418888281249996 0.4340820484375 0.2190098140625 0.4438476734375 0.174058775 0.49462889375 0.2522345203125 0.5629883421875 0.299139921875 0.5454101875 0.267869653125 0.45751956250000003
5 0.41640353750000003 0.5454101875 0.389042071875 0.510253953125 0.34018223281250004 0.5219726734375 0.3050030875 0.6040039375 0.37731566562499996 0.6430664375 0.44767388124999996 0.6313476437500001 0.41640353750000003 0.5454101875
5 0.441810640625 0.480957078125 0.41835797656249996 0.4204101578125 0.3734068640625 0.39892581250000003 0.299139921875 0.451660203125 0.3460453984375 0.5336913937500001 0.41640353750000003 0.5629883421875 0.441810640625 0.480957078125
5 0.8541877390625 0.46728518750000003 0.8971843375 0.42822268750000003 0.8815492781250001 0.373535203125 0.84246140625 0.3715820328125 0.8033735343749999 0.37939456250000003 0.77601199375 0.402832078125 0.805327896875 0.461425828125 0.8541877390625 0.46728518750000003
5 0.0665670890625 0.609863446875 0.0997917578125 0.617675828125 0.1427884328125 0.5649414375 0.1369252671875 0.5141601437500001 0.07047589062500001 0.5180664078125 0.0685214890625 0.510253953125 0.0567951203125 0.5532227171875 0.0665670890625 0.609863446875
5 0.1818763046875 0.4790039078125 0.23073614375 0.451660203125 0.217055375 0.39892581250000003 0.1717834359375 0.3779296296875 0.1427884328125 0.383300828125 0.1447428703125 0.432128953125 0.1818763046875 0.4790039078125
5 0.29327675625 0.3715820328125 0.2874135890625 0.30126956250000003 0.22061156093749998 0.2875975984375 0.1760131390625 0.35986331250000003 0.22291861562499998 0.4106445328125 0.29327675625 0.3715820328125