5 0.39140625 0.30546875 0.16171875 0.1625
5 0.3921875 0.1984375 0.14453125 0.12109375
5 0.3015625 0.1671875 0.10625 0.11953125
5 0.2796875 0.33203125 0.15625 0.184375
5 0.20546875 0.4 0.12421875 0.1234375
5 0.4625 0.44140625 0.18359375 0.2078125
5 0.53203125 0.30078125 0.13984375 0.1671875
5 0.6515625 0.38828125 0.175 0.18203125
5 0.6375 0.5234375 0.19140625 0.16953125
5 0.7546875 0.55703125 0.12265625 0.1703125
5 0.83984375 0.53515625 0.146875 0.2
5 0.68046875 0.696875 0.175 0.159375
5 0.54140625 0.78046875 0.121875 0.20234375
5 0.25078125 0.72421875 0.17734375 0.1828125
5 0.41171875 0.565625 0.146875 0.146875
5 0.40234375 0.7234375 0.15390625 0.16328125