5 0.3265625 0.1421875 0.17265625 0.23203125
5 0.37734375 0.3734375 0.13203125 0.2109375
5 0.3078125 0.56484375 0.175 0.21796875
5 0.446875 0.634375 0.18515625 0.3390625
5 0.4234375 0.89921875 0.165625 0.2015625
5 0.23515625 0.84453125 0.1390625 0.1484375
5 0.18515625 0.665625 0.13203125 0.18046875
5 0.1203125 0.790625 0.14296875 0.2078125
5 0.565625 0.3375 0.121875 0.24140625
5 0.628125 0.54609375 0.13203125 0.184375
5 0.75234375 0.4296875 0.10078125 0.1734375
5 0.80078125 0.63359375 0.16796875 0.3125
5 0.5859375 0.8234375 0.146875 0.17421875
5 0.87890625 0.36015625 0.15703125 0.26171875
5 0.57734375 0.1453125 0.13515625 0.11875
5 0.4640625 0.20390625 0.0953125 0.125