5 0.27734375 0.3953125 0.11796875 0.40546875
5 0.415625 0.56953125 0.09765625 0.325
5 0.4640625 0.31328125 0.078125 0.24140625
5 0.38671875 0.16015625 0.1265625 0.3203125
5 0.5625 0.28984375 0.084375 0.27734375
5 0.62578125 0.22734375 0.08984375 0.321875
5 0.7296875 0.28046875 0.1109375 0.35234375
5 0.8046875 0.21328125 0.0984375 0.34453125
5 0.88984375 0.21015625 0.08359375 0.25546875
5 0.93828125 0.275 0.07109375 0.34765625
5 0.92734375 0.634375 0.07109375 0.23984375
5 0.8203125 0.55 0.10234375 0.3484375
5 0.696875 0.65234375 0.10390625 0.30078125
5 0.6046875 0.55390625 0.0796875 0.2046875
5 0.5875 0.91484375 0.065625 0.1640625
5 0.3953125 0.81875 0.109375 0.2359375
5 0.25625 0.740625 0.1203125 0.30625
5 0.13515625 0.853125 0.1015625 0.2171875
5 0.05234375 0.740625 0.08203125 0.23046875
5 0.075 0.475 0.0859375 0.28671875