5 0.55078125 0.3109375 0.08046875 0.15
5 0.446875 0.2890625 0.09296875 0.11875
5 0.4203125 0.22265625 0.0671875 0.09453125
5 0.365625 0.28203125 0.0734375 0.1046875
5 0.31796875 0.36796875 0.0828125 0.1125
5 0.27890625 0.45703125 0.0828125 0.12578125
5 0.36640625 0.490625 0.08828125 0.12421875
5 0.29140625 0.584375 0.0890625 0.1125
5 0.40234375 0.640625 0.121875 0.134375
5 0.35390625 0.690625 0.0890625 0.13515625
5 0.44765625 0.7703125 0.09296875 0.15078125
5 0.49765625 0.66328125 0.05625 0.13203125
5 0.5703125 0.6140625 0.09765625 0.1234375
5 0.6046875 0.71484375 0.12265625 0.121875
5 0.64921875 0.6125 0.0859375 0.12578125
5 0.615625 0.5078125 0.08125 0.1203125