7 0.909375 0.22890625 0.07421875 0.09140625
7 0.95390625 0.2671875 0.0671875 0.15390625
7 0.6359375 0.31015625 0.09296875 0.11953125
7 0.98515625 0.31328125 0.0296875 0.1109375
7 0.775 0.321875 0.09375 0.125
7 0.9125 0.3328125 0.09453125 0.134375
7 0.56328125 0.3484375 0.0625 0.09765625
7 0.8328125 0.35390625 0.0640625 0.13828125
7 0.71171875 0.365625 0.0609375 0.09765625
7 0.6015625 0.3703125 0.0390625 0.06875
7 0.6625 0.4171875 0.10078125 0.12890625
7 0.7734375 0.42421875 0.08203125 0.10390625
7 0.846875 0.42734375 0.0609375 0.09609375
7 0.5984375 0.428125 0.0515625 0.0765625
7 0.95859375 0.43515625 0.0828125 0.1328125
7 0.57109375 0.47421875 0.03203125 0.06015625
7 0.81015625 0.490625 0.07890625 0.11328125
7 0.734375 0.49453125 0.0765625 0.125
7 0.865625 0.5046875 0.053125 0.0953125
7 0.6109375 0.51015625 0.075 0.1171875
7 0.51328125 0.5203125 0.065625 0.071875
7 0.68125 0.53984375 0.06875 0.1078125
7 0.46796875 0.58359375 0.03203125 0.046875
7 0.525 0.61015625 0.0953125 0.13671875
7 0.4390625 0.63125 0.059375 0.08828125
7 0.8046875 0.65 0.07421875 0.103125
7 0.378125 0.66015625 0.06640625 0.09375
7 0.490625 0.66875 0.06640625 0.0796875
7 0.9828125 0.68359375 0.034375 0.11171875
7 0.93984375 0.6875 0.06953125 0.09140625
7 0.81015625 0.7140625 0.0671875 0.07421875
7 0.5078125 0.76953125 0.109375 0.15859375
7 0.734375 0.86640625 0.05859375 0.103125
7 0.78828125 0.8703125 0.0625 0.10546875
7 0.3484375 0.8828125 0.1125 0.1875
7 0.8296875 0.92109375 0.04609375 0.0484375
7 0.984375 0.9375 0.03125 0.125
7 0.815625 0.9640625 0.0734375 0.071875