7 0.38828125 0.2765625 0.075 0.12578125
7 0.27734375 0.29296875 0.05625 0.11171875
7 0.2375 0.30546875 0.03984375 0.0828125
7 0.3328125 0.31328125 0.065625 0.1421875
7 0.434375 0.3203125 0.03984375 0.08515625
7 0.465625 0.3609375 0.08125 0.1375
7 0.26640625 0.3703125 0.06640625 0.090625
7 0.40390625 0.4 0.071875 0.13046875
7 0.56875 0.4046875 0.07578125 0.13984375
7 0.31796875 0.409375 0.05234375 0.10234375
7 0.3703125 0.415625 0.0546875 0.109375
7 0.075 0.04609375 0.046875 0.0921875
7 0.50703125 0.45625 0.06640625 0.128125
7 0.35234375 0.46171875 0.04375 0.0875
7 0.67265625 0.46328125 0.0703125 0.128125
7 0.446875 0.4703125 0.071875 0.128125
7 0.60703125 0.4984375 0.0703125 0.1328125
7 0.3984375 0.52109375 0.0640625 0.11640625
7 0.5390625 0.54140625 0.07578125 0.1328125
7 0.7921875 0.5546875 0.04765625 0.09296875
7 0.70390625 0.56328125 0.04765625 0.109375
7 0.34140625 0.5640625 0.06171875 0.10703125
7 0.46328125 0.5703125 0.08125 0.1328125
7 0.64921875 0.59296875 0.06953125 0.12578125
7 0.584375 0.63671875 0.0703125 0.1234375
7 0.50703125 0.64453125 0.075 0.12578125
7 0.70859375 0.67109375 0.05703125 0.12109375
7 0.66171875 0.70078125 0.0625 0.1140625
7 0.54921875 0.7078125 0.04296875 0.08515625
7 0.49453125 0.73359375 0.06953125 0.1140625
7 0.71796875 0.75859375 0.046875 0.11171875
7 0.62265625 0.76953125 0.05078125 0.0953125
7 0.57109375 0.7828125 0.0734375 0.13515625
7 0.68046875 0.80546875 0.0546875 0.109375
7 0.55078125 0.86484375 0.04765625 0.109375
7 0.28828125 0.0875 0.0640625 0.1046875
7 0.59609375 0.89453125 0.07734375 0.12578125
7 0.67890625 0.915625 0.04296875 0.09765625
7 0.634375 0.95 0.053125 0.1
7 0.35703125 0.12265625 0.0796875 0.13046875
7 0.2515625 0.15 0.05703125 0.08046875
7 0.30859375 0.17578125 0.065625 0.109375
7 0.390625 0.1921875 0.06640625 0.07109375
7 0.209375 0.23359375 0.04296875 0.11640625
7 0.25234375 0.23515625 0.04765625 0.1