7 0.70078125 0.0265625 0.05 0.0484375
7 0.528125 0.27578125 0.1265625 0.15234375
7 0.35390625 0.334375 0.11796875 0.13984375
7 0.4 0.4015625 0.13359375 0.1828125
7 0.28984375 0.4328125 0.11640625 0.15390625
7 0.56875 0.44453125 0.1171875 0.1671875
7 0.628125 0.446875 0.0578125 0.14375
7 0.7875 0.5015625 0.10546875 0.10859375
7 0.49375 0.50234375 0.11015625 0.1828125
7 0.3734375 0.5265625 0.109375 0.1328125
7 0.62578125 0.5359375 0.0515625 0.06015625
7 0.790625 0.58984375 0.1125 0.13671875
7 0.68984375 0.60703125 0.10859375 0.13203125
7 0.63203125 0.61328125 0.059375 0.11328125
7 0.4515625 0.62265625 0.1265625 0.17578125
7 0.54609375 0.625 0.084375 0.1421875
7 0.796875 0.6875 0.1015625 0.11640625
7 0.7078125 0.71875 0.1046875 0.1203125
7 0.6375 0.73125 0.065625 0.1125
7 0.81953125 0.959375 0.1328125 0.08046875