7 0.63125 0.690625 0.03828125 0.0296875
7 0.428125 0.7 0.04140625 0.01796875
7 0.1359375 0.7078125 0.05859375 0.0453125
7 0.05 0.71171875 0.0625 0.0390625
7 0.09453125 0.7328125 0.05703125 0.04609375
7 0.0328125 0.7359375 0.04765625 0.03046875
7 0.13828125 0.73828125 0.04609375 0.03359375
7 0.06640625 0.7453125 0.03671875 0.0234375
7 0.18125 0.77578125 0.034375 0.03046875
7 0.8109375 0.79296875 0.02109375 0.02109375
7 0.7296875 0.80546875 0.0265625 0.0171875
7 0.50078125 0.8171875 0.04609375 0.0359375
7 0.89609375 0.81796875 0.0359375 0.03203125
7 0.28671875 0.82890625 0.05234375 0.03671875
7 0.9171875 0.83125 0.02578125 0.02578125
7 0.934375 0.84296875 0.0265625 0.025
7 0.90859375 0.84765625 0.03046875 0.025
7 0.1640625 0.8765625 0.0453125 0.0453125
7 0.14375 0.8921875 0.02421875 0.02421875
7 0.6328125 0.93828125 0.02109375 0.02578125
7 0.878125 0.95703125 0.02109375 0.0234375
7 0.6171875 0.13515625 0.053125 0.0484375
7 0.38828125 0.14453125 0.03203125 0.0296875
7 0.56328125 0.015625 0.06171875 0.03125
7 0.3328125 0.15625 0.03828125 0.0296875
7 0.64296875 0.1578125 0.05234375 0.0421875
7 0.54453125 0.175 0.05859375 0.04765625
7 0.59140625 0.1765625 0.06640625 0.04765625
7 0.49921875 0.1796875 0.05703125 0.05
7 0.44375 0.18046875 0.03046875 0.02109375
7 0.61875 0.1921875 0.05546875 0.0421875
7 0.7375 0.203125 0.03671875 0.03125
7 0.77421875 0.2234375 0.0234375 0.028125
7 0.525 0.228125 0.05390625 0.03984375
7 0.46484375 0.23203125 0.04453125 0.0421875
7 0.790625 0.23828125 0.02734375 0.02578125
7 0.3296875 0.26640625 0.03125 0.021875
7 0.58046875 0.2703125 0.05703125 0.04765625
7 0.540625 0.2734375 0.040625 0.03828125
7 0.65390625 0.28359375 0.04921875 0.04375
7 0.83125 0.30234375 0.0296875 0.0203125
7 0.88203125 0.30546875 0.03359375 0.028125
7 0.55703125 0.03046875 0.0640625 0.03828125
7 0.42734375 0.3125 0.02421875 0.0296875
7 0.41171875 0.3203125 0.03125 0.02890625
7 0.88125 0.3203125 0.021875 0.01484375
7 0.6671875 0.3578125 0.04609375 0.025
7 0.553125 0.36171875 0.05078125 0.03515625
7 0.62734375 0.37578125 0.05390625 0.0390625
7 0.5796875 0.38359375 0.028125 0.025
7 0.66015625 0.3859375 0.0265625 0.01640625
7 0.66796875 0.415625 0.03984375 0.03359375
7 0.39296875 0.0421875 0.103125 0.0828125
7 0.78125 0.4234375 0.0328125 0.025
7 0.9859375 0.42578125 0.02734375 0.0296875
7 0.72734375 0.42578125 0.028125 0.025
7 0.71484375 0.4515625 0.03125 0.03125
7 0.790625 0.4578125 0.03125 0.025
7 0.8171875 0.5125 0.02734375 0.0265625
7 0.5671875 0.525 0.02578125 0.0203125
7 0.6484375 0.5296875 0.02734375 0.021875
7 0.98046875 0.56484375 0.03359375 0.02421875
7 0.61328125 0.565625 0.03359375 0.025
7 0.41796875 0.56796875 0.03359375 0.01953125
7 0.59765625 0.578125 0.02109375 0.01953125
7 0.55859375 0.5796875 0.021875 0.01953125
7 0.478125 0.5796875 0.0359375 0.03359375
7 0.2125 0.5859375 0.01796875 0.0171875
7 0.42578125 0.609375 0.0265625 0.02734375
7 0.40546875 0.6140625 0.03203125 0.025
7 0.32421875 0.634375 0.021875 0.0203125
7 0.06015625 0.6609375 0.0625 0.04296875