7 0.77265625 0.77578125 0.06015625 0.08046875
7 0.6 0.8046875 0.04453125 0.09140625
7 0.640625 0.8203125 0.05859375 0.07890625
7 0.83984375 0.1296875 0.040625 0.08125
7 0.68984375 0.17890625 0.059375 0.07421875
7 0.721875 0.2 0.05625 0.08671875
7 0.7734375 0.20390625 0.05078125 0.0703125
7 0.88671875 0.20625 0.02734375 0.06875
7 0.821875 0.20703125 0.0484375 0.07890625
7 0.865625 0.228125 0.0421875 0.0703125
7 0.75703125 0.25078125 0.05625 0.07890625
7 0.7265625 0.2703125 0.03203125 0.05234375
7 0.621875 0.28046875 0.06171875 0.096875
7 0.66015625 0.28359375 0.0375 0.078125
7 0.840625 0.284375 0.04765625 0.06796875
7 0.8765625 0.29375 0.03515625 0.065625
7 0.903125 0.30546875 0.03984375 0.06484375
7 0.784375 0.30625 0.05 0.08046875
7 0.60625 0.321875 0.05390625 0.08203125
7 0.740625 0.328125 0.04765625 0.06796875
7 0.82734375 0.340625 0.03671875 0.065625
7 0.859375 0.3578125 0.0453125 0.0703125
7 0.6984375 0.365625 0.04375 0.06953125
7 0.77734375 0.03671875 0.0546875 0.07109375
7 0.65546875 0.3703125 0.04921875 0.08828125
7 0.8078125 0.371875 0.053125 0.07421875
7 0.8609375 0.403125 0.034375 0.04921875
7 0.734375 0.40546875 0.0578125 0.07734375
7 0.83125 0.4140625 0.05078125 0.0828125
7 0.6328125 0.41875 0.05078125 0.07890625
7 0.7890625 0.42421875 0.0453125 0.0703125
7 0.68125 0.44140625 0.04921875 0.0796875
7 0.6078125 0.471875 0.0578125 0.05390625
7 0.8125 0.04765625 0.05 0.08046875
7 0.73125 0.47734375 0.0546875 0.0734375
7 0.78984375 0.48203125 0.0546875 0.05546875
7 0.565625 0.4953125 0.05078125 0.08515625
7 0.51640625 0.5078125 0.0578125 0.0921875
7 0.47578125 0.51796875 0.046875 0.0734375
7 0.62109375 0.52109375 0.0546875 0.0875
7 0.6703125 0.52578125 0.05546875 0.0796875
7 0.34453125 0.53515625 0.06484375 0.09921875
7 0.79921875 0.54765625 0.0671875 0.0875
7 0.57265625 0.565625 0.053125 0.07421875
7 0.73984375 0.57421875 0.05625 0.09140625
7 0.6953125 0.59296875 0.053125 0.075
7 0.4484375 0.60078125 0.0671875 0.08515625
7 0.603125 0.6046875 0.0359375 0.0890625
7 0.5140625 0.6171875 0.0546875 0.10234375
7 0.634375 0.61796875 0.0546875 0.07890625
7 0.77890625 0.6296875 0.05703125 0.08203125
7 0.42265625 0.64453125 0.05703125 0.08359375
7 0.73984375 0.6515625 0.0546875 0.0796875
7 0.47109375 0.65546875 0.05078125 0.06484375
7 0.796875 0.65859375 0.0484375 0.0578125
7 0.69609375 0.69140625 0.06171875 0.08125
7 0.746875 0.721875 0.0515625 0.08828125
7 0.65390625 0.725 0.0453125 0.0703125
7 0.7 0.74375 0.04453125 0.05
7 0.8203125 0.7453125 0.059375 0.075