7 0.38828125 0.27578125 0.053125 0.1
7 0.33984375 0.28359375 0.0703125 0.12109375
7 0.2734375 0.2859375 0.0734375 0.13125
7 0.2015625 0.31328125 0.06328125 0.08671875
7 0.3875 0.0328125 0.06484375 0.065625
7 0.58828125 0.34765625 0.0765625 0.11796875
7 0.65234375 0.34765625 0.071875 0.11796875
7 0.425 0.35546875 0.06328125 0.1078125
7 0.265625 0.35703125 0.078125 0.11015625
7 0.3390625 0.3609375 0.075 0.08125
7 0.20703125 0.384375 0.053125 0.07109375
7 0.46328125 0.40546875 0.0734375 0.1234375
7 0.5203125 0.40546875 0.05703125 0.08671875
7 0.18203125 0.04453125 0.0703125 0.0890625
7 0.30078125 0.4734375 0.05859375 0.1125
7 0.34453125 0.47890625 0.06171875 0.1078125
7 0.40703125 0.47890625 0.0734375 0.11796875
7 0.484375 0.515625 0.078125 0.096875
7 0.7 0.5265625 0.0703125 0.11796875
7 0.56328125 0.55546875 0.0796875 0.1390625
7 0.3625 0.559375 0.0515625 0.06796875
7 0.41953125 0.5671875 0.06796875 0.07890625
7 0.63359375 0.575 0.0765625 0.12578125
7 0.5015625 0.590625 0.06015625 0.11015625
7 0.1140625 0.06015625 0.075 0.11015625
7 0.81953125 0.6140625 0.08515625 0.12578125
7 0.465625 0.6234375 0.03203125 0.08125
7 0.9484375 0.62890625 0.0734375 0.12890625
7 0.89453125 0.671875 0.078125 0.12578125
7 0.5484375 0.68203125 0.0765625 0.11015625
7 0.615625 0.68671875 0.075 0.1078125
7 0.77578125 0.69140625 0.075 0.096875
7 0.48828125 0.696875 0.05703125 0.10234375
7 0.72734375 0.7046875 0.0546875 0.11796875
7 0.5609375 0.753125 0.05859375 0.05234375
7 0.81796875 0.8109375 0.09296875 0.146875
7 0.7484375 0.81328125 0.06640625 0.07890625
7 0.596875 0.8203125 0.0734375 0.1234375
7 0.97265625 0.83828125 0.0546875 0.11796875
7 0.6640625 0.83984375 0.075 0.13671875
7 0.90703125 0.8515625 0.08671875 0.14921875
7 0.71171875 0.8609375 0.046875 0.115625
7 0.7734375 0.88046875 0.0703125 0.1390625
7 0.36953125 0.0921875 0.075 0.12109375
7 0.84296875 0.93671875 0.08671875 0.12578125
7 0.9203125 0.94765625 0.0765625 0.09453125
7 0.978125 0.95 0.04296875 0.0890625
7 0.746875 0.95625 0.078125 0.0875
7 0.090625 0.1328125 0.071875 0.08671875
7 0.0328125 0.15390625 0.0546875 0.08671875
7 0.4421875 0.15390625 0.071875 0.0921875
7 0.2765625 0.1796875 0.06640625 0.096875
7 0.48984375 0.22578125 0.03984375 0.0578125
7 0.20546875 0.23984375 0.078125 0.1078125
7 0.134375 0.24765625 0.06796875 0.11796875