7 0.45859375 0.17265625 0.3 0.225
7 0.8140625 0.2796875 0.33125 0.2296875
7 0.384375 0.03671875 0.221875 0.0734375
7 0.5703125 0.37578125 0.26015625 0.18828125
7 0.16328125 0.44609375 0.2734375 0.228125
7 0.29765625 0.05703125 0.13359375 0.08671875
7 0.8046875 0.6015625 0.30703125 0.21015625
7 0.13984375 0.61328125 0.10234375 0.13984375
7 0.26328125 0.621875 0.20703125 0.16015625
7 0.94609375 0.625 0.1078125 0.1875
7 0.51015625 0.6515625 0.23359375 0.19296875
7 0.3890625 0.67734375 0.16015625 0.13515625
7 0.68125 0.67890625 0.30859375 0.21484375
7 0.50546875 0.84140625 0.2109375 0.16328125
7 0.8625 0.88203125 0.2265625 0.16015625
7 0.6453125 0.88359375 0.20234375 0.13984375