7 0.4859375 0.16953125 0.06796875 0.10703125
7 0.70546875 0.17890625 0.06015625 0.096875
7 0.553125 0.2078125 0.065625 0.10078125
7 0.74453125 0.2359375 0.05546875 0.10078125
7 0.396875 0.25390625 0.065625 0.1125
7 0.49921875 0.2671875 0.06015625 0.0921875
7 0.80390625 0.26796875 0.06328125 0.10390625
7 0.4578125 0.290625 0.06171875 0.0984375
7 0.571875 0.303125 0.06328125 0.1109375
7 0.634375 0.303125 0.06796875 0.10078125
7 0.26875 0.31328125 0.06015625 0.10703125
7 0.51796875 0.340625 0.06015625 0.0984375
7 0.32734375 0.3484375 0.075 0.10390625
7 0.63203125 0.36328125 0.0625 0.06328125
7 0.409375 0.3671875 0.0671875 0.10078125
7 0.46796875 0.38203125 0.06015625 0.096875
7 0.37421875 0.3828125 0.0359375 0.0921875
7 0.2609375 0.41640625 0.06953125 0.08515625
7 0.45390625 0.5515625 0.05703125 0.08203125
7 0.56171875 0.58984375 0.05546875 0.08046875
7 0.60078125 0.61796875 0.04921875 0.07734375
7 0.83515625 0.646875 0.0203125 0.0671875
7 0.51875 0.66640625 0.04765625 0.07734375
7 0.575 0.675 0.046875 0.0734375
7 0.8 0.68125 0.05234375 0.075
7 0.54296875 0.7078125 0.04765625 0.071875
7 0.784375 0.73671875 0.0578125 0.08046875
7 0.3640625 0.78984375 0.0578125 0.08515625
7 0.415625 0.8203125 0.0546875 0.08515625
7 0.46328125 0.8265625 0.0515625 0.08203125
7 0.36328125 0.8515625 0.05703125 0.05546875
7 0.4078125 0.86328125 0.04765625 0.0453125
7 0.7953125 0.13828125 0.065625 0.10859375