6 0.2955690133893853 0.5187141438016709 0.2574614926931041 0.2587515533834914
6 0.5012695884704632 0.5403676038012334 0.24611488960884903 0.23486838441013055
6 0.5546242337613551 0.7345924476794539 0.26587401055001153 0.2934448883644635
6 0.3264310499139792 0.7213908162350726 0.2706160576279123 0.2967608893530468
6 0.7154099549473989 0.5982768987817677 0.24981263392680617 0.2678082184025195
6 0.6454990551922803 0.39478980144350617 0.23723081330995513 0.2626113824329643
6 0.4403479050301245 0.35988692494204083 0.2633569366867496 0.23869372136826889
6 0.7909910129856434 0.2320881660819733 0.2005023806803951 0.21583454152049333
6 0.9216370409888206 0.247560610264205 0.11421032467404046 0.19202035672980183
6 0.9485210949665802 0.413550366195704 0.10295781006683953 0.19814302273741297
6 0.870195497564368 0.11821134988408166 0.16539099512873606 0.1722463676042167