6 0.24421354604749865 0.3405040133943421 0.23848789940087514 0.19087636724704335
6 0.2222274914958724 0.5048165659807669 0.22263975879399167 0.16859219028743927
6 0.4445647481638321 0.4640538590002802 0.24910640606883488 0.2254786877801568
6 0.534983098762957 0.6453600318032493 0.2887110400077587 0.2141607545523465
6 0.7505762767925253 0.6585717709826966 0.23239713819098745 0.2499331185006845
6 0.7764206549815732 0.46608875428964913 0.19174044515850958 0.19107494404836292
6 0.6091214557401775 0.44367785985820996 0.26517768728260194 0.26959240063313816
6 0.6832439662011591 0.2708337417532368 0.2326522297062567 0.2530581185006846
6 0.4567930365046009 0.2665112692668369 0.29024158909937314 0.2329107545523465
6 0.46643845878429335 0.09003866363176899 0.2389980824314133 0.18007732726353798
6 0.1566349581560735 0.6781918814993153 0.2511471381909875 0.25047868778015675
6 0.34201473557681866 0.7655458143314142 0.21438046182840917 0.2774670851145899
6 0.5221011061798229 0.8413628535900038 0.2591191348570076 0.23356397241989307