6 0.3005347685431561 0.28802726057345485 0.25284424063022615 0.23937476639624683
6 0.26288425673749527 0.4509658910722859 0.23551129488495226 0.21307237552445354
6 0.4847319856602564 0.4388407089091365 0.26711581888905733 0.2763778589277141
6 0.5554434196980653 0.6333943470816374 0.3045885478118183 0.27453193901162665
6 0.7660491215916593 0.6744417091096292 0.2531714935570923 0.29562476639624685
6 0.8101087146812134 0.483685731930146 0.20749537919390768 0.22969119046151915
6 0.6479405127876194 0.4389679956271005 0.28769193930236625 0.32322954813983346
6 0.7379211390546608 0.2744067429278082 0.2531896742752515 0.29874976639624684
6 0.5163370305452086 0.24121942509095753 0.30937604176169414 0.29207463652211574
6 0.5431409459416656 0.0888812107832363 0.25434310811666877 0.1777624215664726
6 0.18147919975229462 0.6180009483356816 0.27193967427525156 0.30017055643820323
6 0.35418947102592524 0.729858640447586 0.23769193930236626 0.31944077469461674
6 0.5238565555312723 0.8278906308998163 0.27809877068445543 0.28501915311885534