6 0.27622604673402734 0.47433527877112247 0.2380858007211808 0.23469249164729752
6 0.47775152593246484 0.5024255293192768 0.22976415444465292 0.21254467313564315
6 0.502874893239305 0.6974825689749904 0.24357338772715303 0.2692311827542902
6 0.276967009880555 0.6772693058129645 0.24677112290951406 0.2724653101589517
6 0.6831280505337495 0.5662895887604382 0.2290017414506252 0.24686510943331239
6 0.643397322569583 0.3615946542768677 0.21642900626826406 0.24330359981466554
6 0.4437434678961803 0.3201685900263827 0.2454255220358334 0.21465281015895182
6 0.8125863465052776 0.20268590182979698 0.1841607137152085 0.1984623257680484
6 0.9393663988419789 0.22245771008983223 0.09796864057694492 0.18452382213985138
6 0.9464307503812496 0.38848201417351624 0.09186411094166687 0.19055556733052786
6 0.9101542903688541 0.08610361407299978 0.14844141926229176 0.17220722814599956