6 0.2948413639704013 0.3082297611676517 0.24496810811666875 0.22072783870851378
6 0.2668759661351417 0.4712948413991101 0.2292067527304745 0.19656259263745515
6 0.4894913095192834 0.4538932098865255 0.2576771863755001 0.25724753556536056
6 0.5726588544042356 0.6453850430134679 0.29670332493918145 0.2528169007430071
6 0.7862082699970843 0.6815450591435184 0.24217945140261463 0.27839478949430185
6 0.8186975413689108 0.4901366550907424 0.19963742739850937 0.21549237510244393
6 0.6527952854169825 0.4501945134439634 0.27669080678880886 0.3034333308506309
6 0.7330998880727022 0.28391023387445874 0.24219763212077386 0.28151978949430206
6 0.5078771742752516 0.25610852729770217 0.29992831888905724 0.2701499499572188
6 0.5232471233401752 0.09224735029045025 0.2464942466803503 0.1844947005809005
6 0.19595545383850155 0.6387049733259795 0.2609476321207739 0.28239308477957226
6 0.37710143558993303 0.746705756205253 0.2251464875069681 0.30415676881613773
6 0.5527013992891878 0.8416800002093969 0.26866922852997777 0.26713195781510174