6 0.2852491615218059 0.4336131364749834 0.2811358893530465 0.2782150070293134
6 0.4633648912558508 0.5381851282028158 0.2676808844101307 0.25419531017246655
6 0.4233752667315519 0.7320057487571457 0.29503656326932315 0.31317220388616
6 0.22025953699750697 0.6262693633156197 0.29828889726171204 0.3164427531003719
6 0.633016863575522 0.6775858841986718 0.275267891330213 0.28729890860089
6 0.6626738245636676 0.4684120913946009 0.26251322334543536 0.2804667117440431
6 0.49128559730108057 0.35241244809519195 0.28349688539871387 0.259610556243525
6 0.8711813443353311 0.3841955649254682 0.21997821345960347 0.23169957195929075
6 0.9515108314837498 0.44899011910207864 0.0718935405319101 0.1951712588913402
6 0.9245451303814359 0.6113252992097025 0.11270954152049342 0.20175089867609247
6 0.9532855315974806 0.2901780452807611 0.08273288144438098 0.23154540653397532