7 0.17421875 0.2703125 0.078125 0.1015625
7 0.35078125 0.29921875 0.08671875 0.1171875
7 0.6875 0.3453125 0.0796875 0.12890625
7 0.2796875 0.36328125 0.08671875 0.1078125
7 0.61640625 0.36796875 0.08359375 0.11328125
7 0.14296875 0.3875 0.08984375 0.1171875
7 0.38984375 0.3953125 0.078125 0.1171875
7 0.07578125 0.4 0.0796875 0.11171875
7 0.0203125 0.4046875 0.040625 0.1171875
7 0.82734375 0.4234375 0.07109375 0.08828125
7 0.54921875 0.428125 0.09375 0.10546875
7 0.7078125 0.44296875 0.0765625 0.12890625
7 0.784375 0.4484375 0.08515625 0.11953125
7 0.296875 0.45078125 0.08046875 0.0671875
7 0.6609375 0.4609375 0.0609375 0.11328125
7 0.1171875 0.46171875 0.0921875 0.1078125
7 0.61171875 0.4671875 0.0546875 0.08046875
7 0.16484375 0.503125 0.06796875 0.0984375
7 0.3046875 0.5046875 0.08671875 0.075
7 0.2125 0.5109375 0.0796875 0.10546875
7 0.415625 0.5125 0.08359375 0.11328125
7 0.0953125 0.53359375 0.08046875 0.08671875
7 0.55625 0.53671875 0.08203125 0.1234375
7 0.26171875 0.546875 0.08203125 0.10546875
7 0.3203125 0.55703125 0.0546875 0.0484375
7 0.47265625 0.56328125 0.096875 0.11171875
7 0.7375 0.5734375 0.0578125 0.06171875
7 0.21640625 0.57890625 0.0578125 0.065625
7 0.62890625 0.5828125 0.0953125 0.115625
7 0.53984375 0.64453125 0.08671875 0.11171875
7 0.72578125 0.64609375 0.08984375 0.10390625
7 0.60234375 0.6484375 0.059375 0.0734375
7 0.09921875 0.6515625 0.08515625 0.10390625
7 0.03984375 0.653125 0.04453125 0.075
7 0.45859375 0.66953125 0.08671875 0.1
7 0.33984375 0.6734375 0.096875 0.1078125
7 0.81171875 0.675 0.08515625 0.11171875
7 0.0140625 0.6796875 0.028125 0.075
7 0.534375 0.7 0.06171875 0.04609375
7 0.67109375 0.70390625 0.08984375 0.11171875
7 0.434375 0.709375 0.078125 0.084375
7 0.73828125 0.71953125 0.06484375 0.08828125
7 0.1703125 0.73046875 0.04609375 0.06953125
7 0.89609375 0.734375 0.0921875 0.1234375
7 0.6109375 0.7375 0.08203125 0.109375
7 0.015625 0.73984375 0.03125 0.0796875
7 0.39140625 0.7421875 0.07109375 0.1
7 0.54609375 0.75 0.08203125 0.1
7 0.48828125 0.7671875 0.0765625 0.08828125
7 0.128125 0.77421875 0.078125 0.09453125
7 0.71796875 0.77578125 0.08515625 0.06328125
7 0.4421875 0.7828125 0.0734375 0.08828125
7 0.10390625 0.86640625 0.075 0.10546875
7 0.0140625 0.9453125 0.028125 0.109375
7 0.121875 0.946875 0.06796875 0.0984375
7 0.03984375 0.96171875 0.0390625 0.0765625
7 0.20859375 0.1203125 0.05078125 0.0671875