7 0.56640625 0.1 0.1125 0.05
7 0.6 0.16484375 0.0921875 0.07890625
7 0.7609375 0.1703125 0.0921875 0.078125
7 0.6078125 0.2125 0.06640625 0.0546875
7 0.5078125 0.23046875 0.1078125 0.0828125
7 0.175 0.2515625 0.0875 0.075
7 0.35859375 0.265625 0.0796875 0.07109375
7 0.2359375 0.271875 0.09140625 0.07265625
7 0.4328125 0.27265625 0.06875 0.07265625
7 0.2984375 0.2953125 0.07890625 0.07109375
7 0.26015625 0.3453125 0.1 0.078125
7 0.490625 0.39375 0.08359375 0.075
7 0.4109375 0.4046875 0.07734375 0.06328125
7 0.478125 0.44375 0.09609375 0.06484375
7 0.575 0.5796875 0.0921875 0.06875
7 0.39375 0.5953125 0.075 0.06796875
7 0.465625 0.61953125 0.06875 0.0609375
7 0.6015625 0.628125 0.08359375 0.06484375
7 0.50234375 0.6546875 0.0671875 0.05703125
7 0.56640625 0.6578125 0.08984375 0.06796875
7 0.4796875 0.73515625 0.0375 0.0421875
7 0.57734375 0.73984375 0.0828125 0.06875
7 0.44765625 0.7796875 0.08515625 0.07890625
7 0.5265625 0.79375 0.0921875 0.07109375
7 0.4390625 0.8828125 0.07890625 0.05703125
7 0.4578125 0.921875 0.06875 0.05390625
7 0.46484375 0.9640625 0.0734375 0.071875
7 0.73671875 0.09765625 0.1015625 0.07890625