7 0.5109375 0.34921875 0.11875 0.20546875
7 0.76171875 0.3609375 0.09765625 0.20234375
7 0.69375 0.04609375 0.1328125 0.0921875
7 0.65546875 0.4453125 0.134375 0.17109375
7 0.4296875 0.49296875 0.14453125 0.18515625
7 0.30625 0.5 0.12109375 0.20546875
7 0.6359375 0.70390625 0.11875 0.18828125
7 0.51484375 0.75 0.1265625 0.20546875
7 0.3984375 0.77421875 0.109375 0.13671875
7 0.6015625 0.84453125 0.12890625 0.20234375
7 0.428125 0.84765625 0.12109375 0.1953125
7 0.48359375 0.9140625 0.0640625 0.13671875
7 0.5515625 0.9265625 0.115625 0.146875
7 0.353125 0.146875 0.12109375 0.18515625
7 0.60234375 0.20859375 0.1390625 0.2125
7 0.471875 0.22265625 0.146875 0.2328125
7 0.7140625 0.28046875 0.11875 0.2125
7 0.38125 0.29453125 0.13671875 0.21953125