7 0.07421875 0.4171875 0.109375 0.17734375
7 0.43046875 0.440625 0.0953125 0.1421875
7 0.66796875 0.45234375 0.12890625 0.17734375
7 0.803125 0.475 0.14453125 0.21015625
7 0.15703125 0.48515625 0.1265625 0.18359375
7 0.340625 0.49296875 0.1109375 0.18671875
7 0.53203125 0.528125 0.0953125 0.1453125
7 0.43125 0.5328125 0.09765625 0.1125
7 0.0828125 0.53984375 0.103125 0.12734375
7 0.7359375 0.6171875 0.12890625 0.18046875
7 0.6125 0.62265625 0.1265625 0.18671875
7 0.290625 0.62421875 0.10546875 0.159375
7 0.428125 0.64609375 0.10546875 0.16875
7 0.18828125 0.65703125 0.11875 0.18359375
7 0.9484375 0.66875 0.103125 0.171875
7 0.48828125 0.671875 0.125 0.17734375
7 0.8703125 0.6984375 0.1078125 0.1359375
7 0.546875 0.71328125 0.0859375 0.13046875
7 0.84453125 0.746875 0.115625 0.1625
7 0.4671875 0.1109375 0.05859375 0.06796875
7 0.19921875 0.18359375 0.1328125 0.17734375
7 0.0546875 0.20703125 0.109375 0.21328125
7 0.390625 0.26484375 0.1171875 0.18046875
7 0.65546875 0.29296875 0.1234375 0.1890625