21 0.1078125 0.3421875 0.0875 0.0966796875
21 0.20546875 0.3421875 0.0796875 0.09677734375
21 0.3109375 0.34375 0.08447265625 0.09365234375
21 0.41484375 0.34375 0.0828125 0.09365234375
21 0.5890625 0.35234375 0.07197265625 0.06875
21 0.928125 0.353125 0.0689453125 0.0689453125
21 0.84375 0.353125 0.065625 0.075
21 0.671875 0.3546875 0.06875 0.07177734375
21 0.5046875 0.3546875 0.07802734375 0.07197265625
21 0.75703125 0.35546875 0.065625 0.075
21 0.6765625 0.44140625 0.059375 0.0390625
21 0.54453125 0.4421875 0.05625 0.0404296875
21 0.8765625 0.4421875 0.05302734375 0.040625
21 0.74375 0.4421875 0.05625 0.04052734375
21 0.3484375 0.4421875 0.05322265625 0.040625
21 0.415625 0.4421875 0.05615234375 0.03447265625
21 0.4796875 0.4421875 0.05625 0.0404296875
21 0.61328125 0.4421875 0.0546875 0.040625
21 0.94140625 0.4421875 0.059375 0.040625
21 0.8078125 0.44375 0.059375 0.03759765625
21 0.071875 0.48203125 0.05 0.075
21 0.2328125 0.4828125 0.04697265625 0.075
21 0.1234375 0.4828125 0.05 0.07802734375
21 0.0203125 0.4828125 0.040625 0.075
21 0.18046875 0.484375 0.053125 0.08115234375
21 0.28828125 0.484375 0.0484375 0.07509765625
21 0.3484375 0.49140625 0.0595703125 0.0515625
21 0.67890625 0.49296875 0.059375 0.0515625
21 0.4796875 0.49375 0.05927734375 0.05615234375
21 0.5484375 0.49375 0.0625 0.0560546875
21 0.74375 0.49375 0.059375 0.05
21 0.94453125 0.49375 0.0609375 0.053125
21 0.87734375 0.49375 0.05625 0.05
21 0.4125 0.49375 0.053125 0.0501953125
21 0.61328125 0.4953125 0.0578125 0.0529296875
21 0.8109375 0.4953125 0.05947265625 0.05
21 0.05390625 0.625 0.0984375 0.078125
21 0.7671875 0.62890625 0.07197265625 0.0609375
21 0.85234375 0.62890625 0.0765625 0.0640625
21 0.59375 0.6296875 0.0751953125 0.0625
21 0.68046875 0.6296875 0.0828125 0.059375
21 0.9421875 0.6296875 0.08125 0.059375
21 0.50703125 0.63359375 0.0796875 0.05625
21 0.42421875 0.634375 0.0796875 0.05625
21 0.33203125 0.634375 0.084375 0.05625
21 0.240625 0.6359375 0.08125 0.0533203125
21 0.14765625 0.6359375 0.078125 0.0533203125
21 0.1703125 0.103125 0.10947265625 0.07509765625
21 0.2875 0.10703125 0.103125 0.0703125
21 0.50859375 0.109375 0.1109375 0.07490234375
21 0.39765625 0.11640625 0.1015625 0.0609375
21 0.15859375 0.18359375 0.1109375 0.0796875
21 0.2765625 0.18359375 0.115625 0.078125
21 0.396875 0.18515625 0.1125 0.075
21 0.51171875 0.1859375 0.1078125 0.075