21 0.59140625 0.38828125 0.053125 0.0453125
21 0.53125 0.38828125 0.05615234375 0.0453125
21 0.47734375 0.3890625 0.053125 0.04677734375
21 0.41953125 0.3890625 0.053125 0.04677734375
21 0.64921875 0.3953125 0.0453125 0.028125
21 0.70078125 0.396875 0.046875 0.028125
21 0.7078125 0.65234375 0.06572265625 0.0546875
21 0.7765625 0.65390625 0.06572265625 0.053125
21 0.6296875 0.6546875 0.078125 0.0529296875
21 0.51171875 0.23671875 0.0796875 0.0828125
21 0.8890625 0.23828125 0.071875 0.0671875
21 0.8125 0.240625 0.065625 0.06865234375
21 0.7390625 0.24140625 0.06572265625 0.0671875
21 0.6671875 0.24296875 0.06572265625 0.0671875
21 0.5921875 0.24375 0.071875 0.06259765625