21 0.8015625 0.25 0.04677734375 0.05009765625
21 0.7453125 0.2515625 0.04697265625 0.053125
21 0.68984375 0.25234375 0.05 0.0546875
21 0.8953125 0.321875 0.05625 0.04384765625
21 0.8328125 0.321875 0.053125 0.0439453125
21 0.771875 0.32421875 0.04990234375 0.04375
21 0.52734375 0.353125 0.05 0.028125
21 0.4734375 0.3546875 0.04072265625 0.02822265625
21 0.42421875 0.35546875 0.0453125 0.0296875
21 0.37265625 0.35546875 0.04375 0.0296875
21 0.3171875 0.35703125 0.04677734375 0.0296875
21 0.96484375 0.36171875 0.0671875 0.0671875
21 0.13671875 0.36875 0.09375 0.06884765625
21 0.0375 0.36875 0.07490234375 0.06884765625
21 0.2390625 0.3703125 0.09677734375 0.06572265625
21 0.8921875 0.3703125 0.053125 0.05
21 0.8328125 0.37265625 0.05 0.0515625
21 0.69140625 0.37265625 0.0859375 0.0515625
21 0.775 0.37265625 0.05615234375 0.0515625
21 0.60078125 0.37734375 0.0796875 0.0515625
21 0.52734375 0.38671875 0.0421875 0.0296875
21 0.4234375 0.38671875 0.04677734375 0.0296875
21 0.47734375 0.38671875 0.0453125 0.0265625
21 0.37265625 0.38828125 0.0421875 0.0265625
21 0.321875 0.3890625 0.040625 0.028125
21 0.9875 0.43671875 0.025 0.0390625
21 0.9390625 0.4390625 0.053125 0.04052734375
21 0.87734375 0.4390625 0.0515625 0.0375
21 0.8125 0.43984375 0.053125 0.040625
21 0.7171875 0.4703125 0.003125 0.0029296875
21 0.71171875 0.47578125 0.0890625 0.0703125
21 0.61328125 0.48203125 0.0921875 0.0609375
21 0.23828125 0.48203125 0.09375 0.071875
21 0.5109375 0.4828125 0.09072265625 0.065625
21 0.140625 0.48203125 0.0935546875 0.071875
21 0.97265625 0.484375 0.05 0.04375
21 0.9109375 0.4859375 0.05302734375 0.04677734375
21 0.04296875 0.4859375 0.0859375 0.071875
21 0.85078125 0.4859375 0.0515625 0.046875
21 0.7921875 0.48671875 0.04697265625 0.0484375
21 0.41953125 0.48828125 0.0734375 0.0546875
21 0.334375 0.4890625 0.075 0.05625
21 0.68515625 0.19453125 0.046875 0.0578125
21 0.80625 0.1921875 0.05 0.05625
21 0.7453125 0.1921875 0.04697265625 0.05625
21 0.3640625 0.2390625 0.06875 0.090625
21 0.28359375 0.240625 0.0671875 0.090625
21 0.203125 0.24296875 0.071875 0.0890625
21 0.12109375 0.24375 0.0734375 0.090625
21 0.0375 0.24609375 0.06884765625 0.0921875