25 0.11796875 0.6078125 0.034375 0.19072265625
25 0.084375 0.6078125 0.034375 0.190625
25 0.75625 0.525 0.06884765625 0.06884765625
25 0.57421875 0.59140625 0.025 0.196875
25 0.6359375 0.5953125 0.03447265625 0.19677734375
25 0.046875 0.865625 0.09365234375 0.09990234375
25 0.2328125 0.7953125 0.07177734375 0.075
25 0.7359375 0.33046875 0.034375 0.2
25 0.2359375 0.87109375 0.06572265625 0.075
25 0.30546875 0.796875 0.071875 0.071875
25 0.30546875 0.87734375 0.071875 0.084375
25 0.7609375 0.6671875 0.07177734375 0.07177734375
25 0.828125 0.59609375 0.06884765625 0.0703125
25 0.82578125 0.665625 0.065625 0.059375
25 0.90390625 0.52265625 0.071875 0.0671875
25 0.90234375 0.59609375 0.075 0.075
25 0.89921875 0.66328125 0.075 0.0578125
25 0.1359375 0.10546875 0.03447265625 0.2078125
25 0.175 0.103125 0.040625 0.20625
25 0.21875 0.1046875 0.03759765625 0.20927734375
25 0.25625 0.1046875 0.03759765625 0.209375
25 0.7015625 0.328125 0.0404296875 0.2060546875
25 0.6625 0.3265625 0.034375 0.20322265625
25 0.75859375 0.59765625 0.071875 0.075
25 0.6296875 0.3265625 0.034375 0.2033203125
25 0.5953125 0.32578125 0.034375 0.2046875
25 0.55859375 0.32421875 0.0359375 0.2046875
25 0.53515625 0.10234375 0.0390625 0.196875
25 0.49609375 0.1 0.0359375 0.2
25 0.390625 0.10234375 0.03125 0.2015625
25 0.23203125 0.5984375 0.0390625 0.209375
25 0.196875 0.60234375 0.034375 0.2046875
25 0.1625 0.603125 0.0373046875 0.2060546875
25 0.68984375 0.6671875 0.0703125 0.05927734375
25 0.6890625 0.60234375 0.065625 0.075
25 0.6890625 0.521875 0.065625 0.08134765625
25 0.45078125 0.875 0.071875 0.071875
25 0.44921875 0.7984375 0.071875 0.07802734375
25 0.353125 0.10078125 0.040625 0.2015625
25 0.4484375 0.59375 0.0345703125 0.209375
25 0.4125 0.59609375 0.03740234375 0.209375
25 0.375 0.59609375 0.03740234375 0.209375
25 0.3390625 0.59765625 0.034375 0.2078125
25 0.303125 0.59765625 0.03134765625 0.2078125
25 0.26796875 0.5984375 0.0359375 0.209375
25 0.37890625 0.8765625 0.071875 0.07177734375
25 0.37734375 0.8015625 0.071875 0.0783203125
25 0.5515625 0.59375 0.02197265625 0.196875
25 0.52265625 0.59765625 0.034375 0.196875
25 0.48828125 0.5984375 0.0359375 0.196875
25 0.13125 0.78828125 0.06875 0.0703125
25 0.0640625 0.7875 0.065625 0.06865234375
25 0.8390625 0.34609375 0.03125 0.16875
25 0.84375 0.1046875 0.034375 0.20927734375
25 0.87890625 0.10234375 0.0359375 0.2046875
25 0.02734375 0.34765625 0.0359375 0.18125
25 0.0625 0.35 0.034375 0.18125
25 0.0984375 0.35 0.034375 0.18125
25 0.134375 0.34765625 0.0314453125 0.18125
25 0.1671875 0.34609375 0.03427734375 0.18125
25 0.19609375 0.34609375 0.025 0.18125
25 0.225 0.3328125 0.03740234375 0.20322265625
25 0.26171875 0.33203125 0.0359375 0.2078125
25 0.29921875 0.3296875 0.0359375 0.2091796875
25 0.87109375 0.34765625 0.0296875 0.16875
25 0.02890625 0.60234375 0.04375 0.2046875
25 0.33515625 0.3265625 0.0359375 0.20927734375
25 0.3703125 0.328125 0.0345703125 0.2064453125
25 0.40859375 0.32421875 0.0359375 0.2078125
25 0.50625 0.35078125 0.03740234375 0.1546875
25 0.12734375 0.85703125 0.0671875 0.0671875
25 0.80546875 0.34765625 0.03125 0.165625
25 0.7703125 0.33046875 0.03447265625 0.1953125