21 0.859375 0.37109375 0.03125 0.0453125
21 0.89921875 0.375 0.0359375 0.040625
21 0.59765625 0.39765625 0.065625 0.084375
21 0.66328125 0.39921875 0.0609375 0.0828125
21 0.7203125 0.40625 0.046875 0.06865234375
21 0.76953125 0.40859375 0.046875 0.0671875
21 0.9546875 0.41015625 0.03125 0.0578125
21 0.984375 0.4109375 0.03115234375 0.05625
21 0.85 0.41953125 0.03740234375 0.0453125
21 0.92421875 0.4203125 0.0359375 0.0466796875
21 0.88671875 0.41953125 0.03125 0.0453125
21 0.93984375 0.52421875 0.065625 0.0609375
21 0.8765625 0.53515625 0.05625 0.0390625