21 0.03359375 0.33984375 0.0671875 0.0671875
21 0.1140625 0.33984375 0.0875 0.071875
21 0.2125 0.3421875 0.0875 0.06572265625
21 0.3015625 0.34609375 0.08427734375 0.0625
21 0.3859375 0.34609375 0.08125 0.0578125
21 0.46484375 0.35 0.059375 0.059375
21 0.5296875 0.35078125 0.059375 0.0609375
21 0.59609375 0.35078125 0.0625 0.0609375
21 0.77734375 0.3546875 0.071875 0.05302734375
21 0.6546875 0.3578125 0.04697265625 0.04375
21 0.7078125 0.3578125 0.04677734375 0.04375
21 0.59375 0.046875 0.04384765625 0.053125
21 0.40390625 0.0796875 0.0640625 0.084375
21 0.47734375 0.08046875 0.0640625 0.0875
21 0.53984375 0.0875 0.0546875 0.071875
21 0.5921875 0.1 0.04677734375 0.05009765625
21 0.81015625 0.21484375 0.04375 0.0296875
21 0.30859375 0.2234375 0.0609375 0.05947265625
21 0.375 0.2234375 0.065625 0.05947265625
21 0.4421875 0.225 0.05947265625 0.06240234375
21 0.509375 0.22734375 0.0625 0.0625
21 0.578125 0.22734375 0.0625 0.0640625
21 0.6453125 0.228125 0.059375 0.0625
21 0.8765625 0.23671875 0.071875 0.0515625
21 0.709375 0.23671875 0.046875 0.046875
21 0.7609375 0.23671875 0.04677734375 0.046875
21 0.959375 0.23671875 0.075 0.05
21 0.81015625 0.24609375 0.0421875 0.0296875