25 0.86640625 0.8375 0.10625 0.325
25 0.640625 0.20546875 0.10625 0.35625
25 0.359375 0.20078125 0.103125 0.35625
25 0.49609375 0.2015625 0.103125 0.353125
25 0.09375 0.19921875 0.115625 0.346875
25 0.225 0.196875 0.11259765625 0.35625
25 0.7765625 0.2078125 0.11552734375 0.35927734375
25 0.9125 0.2078125 0.1248046875 0.3595703125
25 0.1453125 0.828125 0.1091796875 0.3251953125
25 0.26328125 0.8296875 0.1015625 0.32802734375
25 0.3796875 0.8296875 0.09697265625 0.32802734375
25 0.5 0.83203125 0.096875 0.3265625
25 0.62734375 0.8296875 0.0984375 0.3279296875
25 0.74765625 0.83203125 0.103125 0.3265625