25 0.89453125 0.22578125 0.115625 0.128125
25 0.05078125 0.3015625 0.0625 0.0779296875
25 0.08984375 0.3015625 0.053125 0.0783203125
25 0.1296875 0.30390625 0.053125 0.0796875
25 0.1671875 0.30859375 0.0591796875 0.0828125
25 0.2140625 0.31015625 0.05927734375 0.084375
25 0.265625 0.3140625 0.0623046875 0.0845703125
25 0.31484375 0.3171875 0.0609375 0.08447265625
25 0.36875 0.31953125 0.05634765625 0.0890625
25 0.42890625 0.3234375 0.065625 0.096875
25 0.4953125 0.32578125 0.065625 0.0953125
25 0.55859375 0.33046875 0.0609375 0.0984375
25 0.6265625 0.334375 0.071875 0.10625
25 0.703125 0.3375 0.08134765625 0.10634765625
25 0.7859375 0.34375 0.0904296875 0.115625
25 0.08046875 0.6703125 0.0625 0.12177734375
25 0.109375 0.67890625 0.03740234375 0.1203125
25 0.140625 0.6921875 0.04990234375 0.12177734375
25 0.1828125 0.70546875 0.04697265625 0.125
25 0.23203125 0.71484375 0.0484375 0.125
25 0.28359375 0.72734375 0.0484375 0.134375
25 0.33203125 0.740625 0.0484375 0.134375
25 0.384375 0.75859375 0.0564453125 0.1453125
25 0.4359375 0.77265625 0.0625 0.1453125
25 0.49140625 0.79453125 0.0703125 0.15
25 0.54921875 0.8109375 0.0703125 0.15625
25 0.615625 0.83203125 0.06884765625 0.16875
25 0.6765625 0.853125 0.07177734375 0.16259765625
25 0.74765625 0.86328125 0.084375 0.1453125
25 0.83671875 0.865625 0.0828125 0.1375
25 0.91953125 0.8734375 0.084375 0.12177734375
25 0.05546875 0.80390625 0.040625 0.10625
25 0.0921875 0.8171875 0.05302734375 0.10625
25 0.12734375 0.834375 0.0578125 0.11259765625
25 0.16953125 0.8453125 0.0578125 0.11552734375
25 0.2015625 0.8609375 0.05302734375 0.11875
25 0.24296875 0.8765625 0.05625 0.11875
25 0.2921875 0.88125 0.04697265625 0.10625
25 0.0328125 0.65625 0.034375 0.1123046875
25 0.43515625 0.6046875 0.2171875 0.084375
25 0.7125 0.65234375 0.29375 0.1109375
25 0.22109375 0.5625 0.1734375 0.08115234375
25 0.0625 0.52265625 0.125 0.075
25 0.88125 0.34765625 0.10009765625 0.1234375
25 0.865625 0.4421875 0.09365234375 0.065625
25 0.77734375 0.43046875 0.084375 0.0578125
25 0.69609375 0.4234375 0.075 0.0625
25 0.6234375 0.41484375 0.07177734375 0.0578125
25 0.5578125 0.41015625 0.059375 0.05625
25 0.49609375 0.40234375 0.0625 0.05625
25 0.4328125 0.39921875 0.0625 0.053125
25 0.0328125 0.225 0.05625 0.08115234375
25 0.0671875 0.225 0.04375 0.08115234375
25 0.11328125 0.225 0.0484375 0.08134765625
25 0.15234375 0.22578125 0.0609375 0.084375
25 0.20078125 0.22578125 0.065625 0.0859375
25 0.2484375 0.22578125 0.0591796875 0.0890625
25 0.30859375 0.22578125 0.071875 0.096875
25 0.36328125 0.22734375 0.0625 0.0953125
25 0.42578125 0.22734375 0.0703125 0.0984375
25 0.49140625 0.22734375 0.065625 0.1015625
25 0.5609375 0.22734375 0.075 0.103125
25 0.63203125 0.225 0.0828125 0.115625
25 0.7140625 0.22578125 0.084375 0.1171875
25 0.7984375 0.22578125 0.09375 0.125