25 0.834375 0.7125 0.14365234375 0.40625
25 0.0734375 0.19140625 0.146875 0.3828125
25 0.21171875 0.19609375 0.13125 0.3875
25 0.33984375 0.196875 0.1203125 0.39375
25 0.4828125 0.1984375 0.1283203125 0.396875
25 0.615625 0.1984375 0.1310546875 0.396875
25 0.7484375 0.20078125 0.13427734375 0.4015625
25 0.884375 0.2015625 0.1375 0.40302734375
25 0.0625 0.7015625 0.125 0.42802734375
25 0.178125 0.7046875 0.15 0.42177734375
25 0.31640625 0.70703125 0.1390625 0.415625
25 0.44921875 0.70546875 0.125 0.4203125
25 0.578125 0.709375 0.13134765625 0.41259765625
25 0.703125 0.7140625 0.12490234375 0.409375
25 0.9515625 0.7125 0.09375 0.40625