25 0.91015625 0.84140625 0.0609375 0.1328125
25 0.85546875 0.84140625 0.0578125 0.1296875
25 0.7984375 0.8421875 0.05927734375 0.128125
25 0.74140625 0.77265625 0.0578125 0.2671875
25 0.68515625 0.771875 0.0578125 0.26884765625
25 0.6296875 0.771875 0.05322265625 0.26884765625
25 0.57578125 0.771875 0.05625 0.271875
25 0.5203125 0.77265625 0.05322265625 0.2703125
25 0.46484375 0.77265625 0.05625 0.2703125
25 0.41015625 0.77265625 0.05625 0.2703125
25 0.35546875 0.771875 0.05625 0.26884765625
25 0.7984375 0.709375 0.059375 0.146875
25 0.959375 0.446875 0.0623046875 0.2625
25 0.90390625 0.446875 0.0625 0.259375
25 0.8484375 0.446875 0.05947265625 0.259375
25 0.79296875 0.4484375 0.0578125 0.2591796875
25 0.73671875 0.44921875 0.05625 0.259375
25 0.68515625 0.44921875 0.05625 0.259375
25 0.6296875 0.45078125 0.05322265625 0.259375
25 0.57578125 0.45078125 0.053125 0.2578125
25 0.52421875 0.45078125 0.0546875 0.2578125
25 0.47109375 0.4515625 0.05625 0.259375
25 0.415625 0.4515625 0.053125 0.259375
25 0.36171875 0.4515625 0.0546875 0.259375
25 0.3078125 0.453125 0.053125 0.259375
25 0.25390625 0.453125 0.053125 0.2625
25 0.20078125 0.45078125 0.053125 0.259375
25 0.146875 0.45078125 0.05625 0.259375
25 0.08984375 0.44921875 0.0578125 0.259375
25 0.9703125 0.7078125 0.05625 0.146875
25 0.9125 0.70703125 0.06240234375 0.1453125
25 0.8546875 0.7078125 0.05927734375 0.14677734375
25 0.96875 0.8390625 0.05634765625 0.134375