25 0.21640625 0.196875 0.0765625 0.3314453125
25 0.2921875 0.2015625 0.075 0.3283203125
25 0.36640625 0.20078125 0.075 0.3328125
25 0.43984375 0.2015625 0.071875 0.32822265625
25 0.51171875 0.203125 0.075 0.33115234375
25 0.5828125 0.203125 0.071875 0.32509765625
25 0.728125 0.203125 0.075 0.32509765625
25 0.803125 0.203125 0.071875 0.325
25 0.875 0.203125 0.075 0.32509765625
25 0.9484375 0.2015625 0.071875 0.3279296875
25 0.02265625 0.646875 0.0453125 0.32509765625
25 0.08203125 0.64921875 0.071875 0.3296875
25 0.1546875 0.65 0.071875 0.33115234375
25 0.259375 0.64765625 0.075 0.3265625
25 0.33046875 0.64453125 0.075 0.3265625
25 0.40234375 0.65 0.071875 0.3310546875
25 0.4734375 0.6453125 0.07177734375 0.32802734375
25 0.54296875 0.64921875 0.0703125 0.3296875
25 0.6140625 0.6453125 0.071875 0.32802734375
25 0.68359375 0.64921875 0.0703125 0.325
25 0.75625 0.64765625 0.071875 0.3265625
25 0.8265625 0.64921875 0.071875 0.3265625
25 0.89921875 0.64765625 0.075 0.3296875
25 0.9671875 0.6453125 0.065625 0.32802734375
25 0.6546875 0.2046875 0.075 0.32802734375
25 0.1421875 0.19921875 0.075 0.3296875
25 0.0671875 0.19921875 0.075 0.3296875