25 0.3171875 0.66328125 0.065625 0.2390625
25 0.3921875 0.42890625 0.075 0.2484375
25 0.4734375 0.4203125 0.09072265625 0.259375
25 0.56953125 0.415625 0.103125 0.2751953125
25 0.6828125 0.41015625 0.121875 0.3078125
25 0.8140625 0.40234375 0.1375 0.3375
25 0.94140625 0.3890625 0.115625 0.36552734375
25 0.3890625 0.678125 0.08427734375 0.25634765625
25 0.475 0.6875 0.08759765625 0.28125
25 0.57109375 0.70703125 0.1015625 0.3015625
25 0.6828125 0.725 0.121875 0.3310546875
25 0.81640625 0.74609375 0.1421875 0.35625
25 0.9421875 0.76953125 0.115625 0.4046875
25 0.01953125 0.4578125 0.0390625 0.15947265625
25 0.05625 0.4546875 0.03740234375 0.17177734375
25 0.09765625 0.45078125 0.0453125 0.1796875
25 0.09609375 0.634375 0.0484375 0.1875
25 0.053125 0.62890625 0.0373046875 0.1734375
25 0.0171875 0.62265625 0.034375 0.1703125
25 0.13828125 0.44609375 0.0359375 0.1875
25 0.1875 0.44140625 0.065625 0.2015625
25 0.25390625 0.43515625 0.0703125 0.21875
25 0.32109375 0.43359375 0.065625 0.2265625
25 0.1390625 0.6390625 0.040625 0.19677734375
25 0.1875 0.6453125 0.06240234375 0.209375
25 0.2515625 0.65234375 0.0658203125 0.2265625