25 0.6828125 0.66328125 0.065625 0.2390625
25 0.6078125 0.42890625 0.075 0.2484375
25 0.5265625 0.4203125 0.09072265625 0.259375
25 0.43046875 0.415625 0.103125 0.27509765625
25 0.3171875 0.41015625 0.12197265625 0.3078125
25 0.1859375 0.40234375 0.14052734375 0.3375
25 0.05859375 0.3890625 0.115625 0.36552734375
25 0.6109375 0.678125 0.08427734375 0.25634765625
25 0.525 0.6875 0.08759765625 0.28125
25 0.42890625 0.70703125 0.1015625 0.3015625
25 0.3171875 0.725 0.12197265625 0.33115234375
25 0.18359375 0.74609375 0.1421875 0.35625
25 0.0578125 0.76953125 0.115625 0.4046875
25 0.9796875 0.459375 0.03447265625 0.16259765625
25 0.94375 0.4546875 0.0376953125 0.1716796875
25 0.90234375 0.45078125 0.04375 0.1796875
25 0.90390625 0.634375 0.0484375 0.1875
25 0.946875 0.62890625 0.03759765625 0.1734375
25 0.98203125 0.62265625 0.03125 0.1734375
25 0.86171875 0.44609375 0.0359375 0.1875
25 0.8125 0.44140625 0.065625 0.2015625
25 0.74609375 0.43515625 0.0703125 0.21875
25 0.67890625 0.43359375 0.065625 0.2265625
25 0.8609375 0.6390625 0.0404296875 0.1966796875
25 0.8125 0.6453125 0.0623046875 0.209375
25 0.7484375 0.65234375 0.06572265625 0.2265625