25 0.790625 0.8796875 0.071875 0.0470703125
25 0.67421875 0.178125 0.059375 0.10625
25 0.5625 0.14765625 0.071875 0.15
25 0.490625 0.1453125 0.0689453125 0.1529296875
25 0.41953125 0.14453125 0.0703125 0.15
25 0.34609375 0.1421875 0.0703125 0.15
25 0.2828125 0.14765625 0.0595703125 0.134375
25 0.7703125 0.165625 0.07177734375 0.13134765625
25 0.8390625 0.1671875 0.071875 0.13427734375
25 0.90859375 0.16953125 0.0671875 0.1328125
25 0.97109375 0.17890625 0.05625 0.1140625
25 0.05078125 0.40625 0.040625 0.10625
25 0.08984375 0.4078125 0.0390625 0.10625
25 0.1296875 0.4078125 0.04375 0.103125
25 0.1703125 0.40859375 0.040625 0.103125
25 0.209375 0.40859375 0.03759765625 0.103125
25 0.2484375 0.40859375 0.040625 0.103125
25 0.93515625 0.87890625 0.075 0.0484375
25 0.9390625 0.83046875 0.071875 0.0515625
25 0.93984375 0.7796875 0.075 0.05302734375
25 0.94453125 0.73046875 0.075 0.0515625
25 0.8640625 0.87890625 0.071875 0.0484375
25 0.86796875 0.8296875 0.071875 0.04697265625
25 0.86875 0.7796875 0.06884765625 0.04697265625
25 0.296875 0.41015625 0.03759765625 0.103125
25 0.33671875 0.41015625 0.0390625 0.103125
25 0.3734375 0.41015625 0.04052734375 0.1015625
25 0.4125 0.4109375 0.03759765625 0.103125
25 0.44921875 0.4109375 0.0390625 0.103125
25 0.4890625 0.4125 0.04052734375 0.103125
25 0.375 0.56015625 0.07509765625 0.05625
25 0.4546875 0.5625 0.0783203125 0.05625
25 0.5359375 0.5609375 0.07822265625 0.05625
25 0.37890625 0.61328125 0.0796875 0.0515625
25 0.45703125 0.6140625 0.0765625 0.04697265625
25 0.53515625 0.6140625 0.075 0.04697265625
25 0.66328125 0.5609375 0.075 0.05625
25 0.65859375 0.615625 0.0765625 0.05009765625
25 0.7359375 0.61328125 0.075 0.0515625
25 0.81875 0.5625 0.0751953125 0.05625
25 0.89765625 0.5625 0.0828125 0.05625
25 0.8140625 0.615625 0.07822265625 0.05009765625
25 0.8921875 0.61640625 0.075 0.0515625
25 0.9671875 0.56640625 0.05947265625 0.05625
25 0.9625 0.61640625 0.06884765625 0.053125
25 0.10703125 0.734375 0.0828125 0.053125
25 0.0984375 0.7859375 0.07822265625 0.05302734375
25 0.10078125 0.83671875 0.0796875 0.0515625
25 0.103125 0.8859375 0.07509765625 0.04697265625
25 0.17890625 0.8375 0.0796875 0.05009765625
25 0.17890625 0.8859375 0.0765625 0.04697265625
25 0.2546875 0.884375 0.075 0.04990234375
25 0.22265625 0.71875 0.0625 0.04990234375
25 0.28359375 0.759375 0.0625 0.04375
25 0.3296875 0.83515625 0.075 0.0484375
25 0.33203125 0.88359375 0.075 0.0484375
25 0.40625 0.88203125 0.075 0.0484375
25 0.415625 0.759375 0.06240234375 0.04990234375
25 0.4796875 0.71484375 0.0625 0.040625
25 0.4796875 0.75859375 0.0625 0.0390625
25 0.47734375 0.79921875 0.0625 0.0390625
25 0.54296875 0.70078125 0.05625 0.028125
25 0.5421875 0.7359375 0.059375 0.04052734375
25 0.540625 0.7765625 0.059375 0.040625
25 0.6515625 0.73046875 0.071875 0.0515625
25 0.65 0.78125 0.075 0.05009765625
25 0.64765625 0.83203125 0.075 0.0515625
25 0.64453125 0.88125 0.075 0.05009765625
25 0.725 0.7296875 0.075 0.0529296875
25 0.72265625 0.78125 0.071875 0.0501953125
25 0.72109375 0.83046875 0.071875 0.0484375
25 0.71875 0.8796875 0.071875 0.0470703125
25 0.7984375 0.73046875 0.075 0.0515625
25 0.796875 0.78125 0.075 0.04990234375
25 0.79453125 0.83046875 0.0765625 0.0484375
25 0.87265625 0.73046875 0.075 0.0515625