25 0.209375 0.8796875 0.071875 0.04697265625
25 0.32578125 0.178125 0.0609375 0.10625
25 0.4375 0.14765625 0.071875 0.15
25 0.509375 0.1453125 0.06884765625 0.15302734375
25 0.58046875 0.14453125 0.0703125 0.15
25 0.65390625 0.1421875 0.0703125 0.15
25 0.7171875 0.14765625 0.059375 0.134375
25 0.2296875 0.165625 0.06572265625 0.13134765625
25 0.1609375 0.1671875 0.06875 0.13427734375
25 0.09140625 0.16953125 0.0671875 0.1328125
25 0.02890625 0.17890625 0.05625 0.1140625
25 0.94921875 0.40625 0.040625 0.10625
25 0.91015625 0.4078125 0.0390625 0.10625
25 0.8703125 0.4078125 0.04375 0.103125
25 0.8296875 0.40859375 0.0404296875 0.103125
25 0.790625 0.40859375 0.03759765625 0.103125
25 0.7515625 0.40859375 0.04052734375 0.103125
25 0.06484375 0.87890625 0.075 0.0484375
25 0.0609375 0.83046875 0.071875 0.0515625
25 0.06015625 0.7796875 0.075 0.05302734375
25 0.05546875 0.73046875 0.075 0.0515625
25 0.1359375 0.87890625 0.06875 0.0484375
25 0.13203125 0.8296875 0.071875 0.04697265625
25 0.13125 0.7796875 0.071875 0.04697265625
25 0.703125 0.41015625 0.03759765625 0.103125
25 0.66328125 0.41015625 0.0390625 0.103125
25 0.6265625 0.41015625 0.04052734375 0.1015625
25 0.5875 0.4109375 0.03759765625 0.103125
25 0.55078125 0.4109375 0.0390625 0.103125
25 0.5109375 0.4125 0.040625 0.103125
25 0.625 0.56015625 0.07509765625 0.05625
25 0.5453125 0.5625 0.0783203125 0.05625
25 0.4640625 0.5609375 0.0783203125 0.05625
25 0.62109375 0.61328125 0.0796875 0.0515625
25 0.54296875 0.6140625 0.075 0.04697265625
25 0.46484375 0.6140625 0.0765625 0.04697265625
25 0.33671875 0.5609375 0.075 0.05625
25 0.34140625 0.615625 0.0765625 0.05009765625
25 0.2640625 0.61328125 0.075 0.0515625
25 0.18125 0.5625 0.07509765625 0.05625
25 0.10234375 0.5625 0.0828125 0.05625
25 0.1859375 0.615625 0.07822265625 0.05009765625
25 0.1078125 0.61640625 0.075 0.0515625
25 0.0328125 0.56640625 0.0625 0.05625
25 0.0375 0.61640625 0.0689453125 0.053125
25 0.89296875 0.734375 0.0828125 0.053125
25 0.9015625 0.7859375 0.07822265625 0.05302734375
25 0.89921875 0.83671875 0.0796875 0.0515625
25 0.896875 0.8859375 0.07509765625 0.04697265625
25 0.82109375 0.8375 0.0796875 0.0501953125
25 0.82109375 0.8859375 0.075 0.04697265625
25 0.7453125 0.884375 0.075 0.0498046875
25 0.77734375 0.71875 0.065625 0.04990234375
25 0.71640625 0.759375 0.0625 0.04375
25 0.6703125 0.83515625 0.075 0.0484375
25 0.66796875 0.88359375 0.075 0.0484375
25 0.59375 0.88203125 0.075 0.0484375
25 0.584375 0.759375 0.059375 0.04990234375
25 0.5203125 0.71484375 0.0625 0.040625
25 0.5203125 0.75859375 0.0625 0.0390625
25 0.52265625 0.79921875 0.0625 0.0390625
25 0.45703125 0.70078125 0.0578125 0.028125
25 0.4578125 0.7359375 0.0595703125 0.0404296875
25 0.459375 0.7765625 0.05634765625 0.040625
25 0.3484375 0.73046875 0.071875 0.0515625
25 0.35 0.78125 0.075 0.05009765625
25 0.35234375 0.83203125 0.075 0.0515625
25 0.35546875 0.88125 0.075 0.05009765625
25 0.275 0.7296875 0.075 0.05302734375
25 0.27734375 0.78125 0.071875 0.05009765625
25 0.27890625 0.83046875 0.071875 0.0484375
25 0.28125 0.8796875 0.071875 0.04697265625
25 0.2015625 0.73046875 0.075 0.0515625
25 0.203125 0.78125 0.075 0.04990234375
25 0.20546875 0.83046875 0.0765625 0.0484375
25 0.12734375 0.73046875 0.075 0.0515625