25 0.43046875 0.5953125 0.05625 0.0591796875
25 0.43359375 0.53515625 0.0578125 0.0625
25 0.36640625 0.65625 0.0609375 0.05634765625
25 0.37109375 0.59609375 0.0609375 0.059375
25 0.37734375 0.5328125 0.0609375 0.0625
25 0.30546875 0.6578125 0.0578125 0.059375
25 0.3109375 0.59375 0.05927734375 0.065625
25 0.24296875 0.66015625 0.065625 0.065625
25 0.25 0.59375 0.06865234375 0.0625
25 0.23828125 0.52734375 0.0671875 0.0625
25 0.17890625 0.6625 0.0671875 0.0625
25 0.18515625 0.59609375 0.0671875 0.0671875
25 0.1109375 0.66328125 0.07177734375 0.065625
25 0.1140625 0.5953125 0.071875 0.07177734375
25 0.11640625 0.5265625 0.075 0.06572265625
25 0.040625 0.665625 0.0689453125 0.065625
25 0.4109375 0.38671875 0.11552734375 0.09375
25 0.2984375 0.3796875 0.10947265625 0.096875
25 0.24296875 0.10234375 0.0625 0.1734375
25 0.30078125 0.115625 0.05625 0.16875
25 0.18515625 0.3546875 0.103125 0.12822265625
25 0.35546875 0.12734375 0.05625 0.1640625
25 0.07421875 0.3421875 0.1203125 0.1375
25 0.103125 0.084375 0.06865234375 0.16259765625
25 0.0359375 0.078125 0.0625 0.146875
25 0.17421875 0.09140625 0.065625 0.1765625
25 0.43515625 0.90234375 0.075 0.1109375
25 0.4421875 0.78828125 0.071875 0.1109375
25 0.35546875 0.9125 0.0796875 0.10634765625
25 0.36171875 0.79296875 0.084375 0.115625
25 0.27421875 0.89921875 0.084375 0.075
25 0.1890625 0.8125 0.084375 0.12490234375
25 0.18046875 0.9359375 0.0953125 0.1095703125
25 0.08046875 0.94140625 0.103125 0.1140625
25 0.08984375 0.81640625 0.1109375 0.128125
25 0.47578125 0.65234375 0.0453125 0.05625
25 0.47734375 0.59609375 0.040625 0.0578125
25 0.48046875 0.53515625 0.034375 0.0609375
25 0.42421875 0.6546875 0.05625 0.05927734375