25 0.55078125 0.134375 0.1015625 0.1875
25 0.7359375 0.4125 0.090625 0.1875
25 0.64296875 0.4125 0.09375 0.1875
25 0.546875 0.4125 0.09990234375 0.19365234375
25 0.446875 0.41328125 0.09990234375 0.1953125
25 0.3484375 0.4125 0.10302734375 0.19384765625
25 0.24609375 0.4125 0.1015625 0.19384765625
25 0.14296875 0.4125 0.1109375 0.196875
25 0.04453125 0.4109375 0.0890625 0.2
25 0.9328125 0.1453125 0.0908203125 0.18125
25 0.84140625 0.14296875 0.090625 0.18125
25 0.74765625 0.140625 0.0984375 0.18740234375
25 0.64921875 0.13828125 0.1015625 0.1859375
25 0.44921875 0.13359375 0.103125 0.190625
25 0.34765625 0.12890625 0.103125 0.190625
25 0.24140625 0.1265625 0.103125 0.19072265625
25 0.134375 0.12109375 0.11240234375 0.2
25 0.0421875 0.11796875 0.07822265625 0.2
25 0.828125 0.41328125 0.096875 0.1859375
25 0.9203125 0.4125 0.09072265625 0.18134765625