25 0.44453125 0.759375 0.11875 0.459375
25 0.328125 0.759375 0.11875 0.45615234375
25 0.21171875 0.759375 0.11875 0.4560546875
25 0.08984375 0.76171875 0.125 0.4546875
25 0.875 0.2140625 0.13115234375 0.428125
25 0.74140625 0.21484375 0.121875 0.4265625
25 0.615625 0.21640625 0.11875 0.4265625
25 0.1078125 0.21875 0.12177734375 0.42490234375
25 0.2328125 0.21640625 0.12177734375 0.4234375
25 0.92421875 0.759375 0.125 0.459375
25 0.80078125 0.759375 0.125 0.459375
25 0.67890625 0.7546875 0.1171875 0.459375
25 0.55859375 0.75234375 0.1140625 0.4625