25 0.428125 0.1984375 0.15009765625 0.37177734375
25 0.27734375 0.20078125 0.15 0.3640625
25 0.1203125 0.1984375 0.165625 0.365625
25 0.63359375 0.69140625 0.1453125 0.3578125
25 0.48828125 0.6875 0.1453125 0.36240234375
25 0.3390625 0.6890625 0.15302734375 0.35927734375
25 0.18984375 0.6875 0.1453125 0.35625
25 0.05859375 0.68828125 0.1171875 0.3546875
25 0.9109375 0.2046875 0.159375 0.35625
25 0.7515625 0.2078125 0.1595703125 0.35625
25 0.5890625 0.20078125 0.16552734375 0.365625
25 0.92578125 0.69140625 0.1453125 0.3578125
25 0.78125 0.69140625 0.14384765625 0.3578125