25 0.45703125 0.146875 0.084375 0.21259765625
25 0.290625 0.14296875 0.08134765625 0.2171875
25 0.2015625 0.14296875 0.090625 0.2171875
25 0.1109375 0.1421875 0.09375 0.21875
25 0.37265625 0.1453125 0.084375 0.21572265625
25 0.67890625 0.6234375 0.071875 0.16552734375
25 0.75390625 0.62734375 0.0796875 0.1703125
25 0.8578125 0.6265625 0.0875 0.165625
25 0.93984375 0.625 0.075 0.16259765625
25 0.178125 0.8421875 0.071875 0.1595703125
25 0.25 0.8453125 0.071875 0.15947265625
25 0.32109375 0.84375 0.071875 0.16240234375
25 0.390625 0.8453125 0.071875 0.159375
25 0.46171875 0.8390625 0.071875 0.15625
25 0.5328125 0.8453125 0.071875 0.159375
25 0.6046875 0.8421875 0.071875 0.159375
25 0.678125 0.8421875 0.071875 0.159375
25 0.74765625 0.8421875 0.071875 0.159375
25 0.8421875 0.83515625 0.075 0.165625
25 0.91796875 0.8375 0.075 0.16875
25 0.60703125 0.6234375 0.071875 0.1654296875
25 0.53359375 0.6234375 0.071875 0.1654296875
25 0.46171875 0.62265625 0.071875 0.1640625
25 0.3890625 0.62109375 0.071875 0.1640625
25 0.32109375 0.62109375 0.065625 0.165625
25 0.25625 0.6203125 0.06259765625 0.15947265625
25 0.1921875 0.609375 0.06552734375 0.14365234375
25 0.9515625 0.4046875 0.075 0.19677734375
25 0.87109375 0.40390625 0.084375 0.1890625
25 0.78125 0.415625 0.084375 0.1875
25 0.6984375 0.415625 0.084375 0.1875
25 0.61640625 0.4171875 0.0828125 0.190625
25 0.53828125 0.415625 0.0765625 0.1875
25 0.4625 0.415625 0.07509765625 0.19365234375
25 0.38359375 0.41484375 0.0765625 0.1921875
25 0.31640625 0.40390625 0.0609375 0.1734375
25 0.24765625 0.4015625 0.075 0.17802734375
25 0.1734375 0.40234375 0.0783203125 0.1734375
25 0.9109375 0.1359375 0.10947265625 0.23447265625
25 0.80546875 0.1421875 0.0875 0.221875
25 0.7171875 0.1421875 0.0875 0.221875
25 0.6296875 0.1421875 0.090625 0.21875
25 0.53984375 0.14296875 0.084375 0.21875