25 0.390625 0.078125 0.05625 0.15625
25 0.18125 0.0609375 0.053125 0.121875
25 0.1265625 0.05390625 0.0595703125 0.1078125
25 0.0640625 0.05078125 0.065625 0.1015625
25 0.053125 0.40859375 0.0875 0.3375
25 0.134375 0.41015625 0.0810546875 0.325
25 0.203125 0.396875 0.0625 0.33115234375
25 0.271875 0.39765625 0.075 0.3265625
25 0.34375 0.4015625 0.075 0.32177734375
25 0.41328125 0.40625 0.065625 0.30634765625
25 0.47578125 0.41015625 0.0609375 0.290625
25 0.5328125 0.4109375 0.05625 0.28125
25 0.58671875 0.41484375 0.0546875 0.275
25 0.64296875 0.41484375 0.0578125 0.271875
25 0.6984375 0.42890625 0.05322265625 0.2359375
25 0.7484375 0.42890625 0.04697265625 0.2265625
25 0.8015625 0.43515625 0.05927734375 0.228125
25 0.85234375 0.4390625 0.040625 0.22802734375
25 0.89296875 0.43984375 0.0390625 0.2234375
25 0.93125 0.4421875 0.03759765625 0.221875
25 0.9703125 0.4421875 0.04052734375 0.21572265625
25 0.05859375 0.85234375 0.0875 0.2953125
25 0.146875 0.834375 0.08115234375 0.29990234375
25 0.22109375 0.828125 0.071875 0.29384765625
25 0.290625 0.821875 0.0685546875 0.303125
25 0.359375 0.8109375 0.0689453125 0.2966796875
25 0.43046875 0.7859375 0.0703125 0.26552734375
25 0.49375 0.7796875 0.05634765625 0.25927734375
25 0.5625 0.8125 0.05625 0.23740234375
25 0.61640625 0.80546875 0.0515625 0.2328125
25 0.66328125 0.79921875 0.04375 0.23125
25 0.70546875 0.78515625 0.04375 0.23125
25 0.74609375 0.7796875 0.040625 0.221875
25 0.7859375 0.771875 0.040625 0.221875
25 0.86640625 0.7796875 0.04375 0.196875
25 0.234375 0.0625 0.053125 0.125
25 0.2875 0.0671875 0.053125 0.134375
25 0.3375 0.071875 0.05009765625 0.14365234375
25 0.6609375 0.1 0.0466796875 0.196875
25 0.61796875 0.09609375 0.04375 0.190625
25 0.56484375 0.0921875 0.0578125 0.18427734375
25 0.50859375 0.0875 0.0515625 0.175
25 0.4578125 0.084375 0.05625 0.16875