25 0.4828125 0.115625 0.10625 0.22509765625
25 0.48046875 0.9015625 0.1078125 0.19072265625
25 0.47734375 0.6875 0.1109375 0.2498046875
25 0.78984375 0.334375 0.103125 0.221875
25 0.6859375 0.33515625 0.10302734375 0.221875
25 0.5875 0.3328125 0.09375 0.221875
25 0.48671875 0.3390625 0.10625 0.2279296875
25 0.38203125 0.3390625 0.10625 0.22802734375
25 0.78828125 0.11171875 0.103125 0.221875
25 0.6875 0.11328125 0.103125 0.221875
25 0.5875 0.11328125 0.10009765625 0.221875
25 0.3796875 0.11328125 0.103125 0.2234375