25 0.81953125 0.5671875 0.04375 0.20322265625
25 0.9546875 0.56484375 0.04375 0.2046875
25 0.90859375 0.5671875 0.0453125 0.20322265625
25 0.87109375 0.4078125 0.09375 0.07177734375
25 0.9578125 0.4046875 0.08427734375 0.075
25 0.03359375 0.5671875 0.0515625 0.196875
25 0.0796875 0.56640625 0.040625 0.196875
25 0.12109375 0.56875 0.04375 0.2
25 0.16328125 0.56875 0.04375 0.2
25 0.20546875 0.5671875 0.04375 0.2
25 0.2484375 0.5671875 0.04677734375 0.2
25 0.29296875 0.56640625 0.04375 0.2
25 0.33671875 0.5671875 0.0453125 0.2
25 0.38125 0.5671875 0.0439453125 0.2
25 0.42421875 0.5671875 0.04375 0.2
25 0.46640625 0.56640625 0.04375 0.2
25 0.5109375 0.56640625 0.04375 0.2
25 0.5578125 0.5671875 0.04375 0.20302734375
25 0.60234375 0.5671875 0.04375 0.20302734375
25 0.6453125 0.5671875 0.04677734375 0.20302734375
25 0.68984375 0.56875 0.0453125 0.20009765625
25 0.7328125 0.5671875 0.04375 0.20322265625
25 0.77734375 0.5671875 0.0453125 0.20322265625
25 0.8640625 0.5671875 0.04697265625 0.20322265625
25 0.0453125 0.25859375 0.090625 0.0734375
25 0.1390625 0.2609375 0.096875 0.075
25 0.2359375 0.26171875 0.096875 0.075
25 0.328125 0.26171875 0.0876953125 0.075
25 0.41953125 0.265625 0.0921875 0.075
25 0.50703125 0.2640625 0.0859375 0.071875
25 0.0484375 0.334375 0.0875 0.071875
25 0.1390625 0.33515625 0.09375 0.071875
25 0.2328125 0.33515625 0.09375 0.071875
25 0.328125 0.33515625 0.09365234375 0.071875
25 0.41953125 0.33671875 0.0921875 0.0671875
25 0.50859375 0.33515625 0.0921875 0.0671875
25 0.0515625 0.4078125 0.08447265625 0.071875
25 0.140625 0.40625 0.0935546875 0.071875
25 0.234375 0.40859375 0.096875 0.071875
25 0.328125 0.40625 0.0935546875 0.071875
25 0.41953125 0.40625 0.0859375 0.071875
25 0.50859375 0.40625 0.0890625 0.06884765625
25 0.5984375 0.2609375 0.09375 0.071875
25 0.68984375 0.2609375 0.090625 0.071875
25 0.78359375 0.259375 0.09375 0.075
25 0.8765625 0.2609375 0.09072265625 0.075
25 0.96015625 0.25859375 0.0796875 0.075
25 0.60078125 0.33671875 0.090625 0.071875
25 0.6921875 0.334375 0.090625 0.071875
25 0.7828125 0.334375 0.090625 0.071875
25 0.87265625 0.334375 0.0921875 0.071875
25 0.95859375 0.334375 0.0828125 0.071875
25 0.60078125 0.40859375 0.090625 0.071875
25 0.69140625 0.40859375 0.0890625 0.0703125
25 0.7796875 0.4046875 0.09072265625 0.07177734375