25 0.06484375 0.396875 0.084375 0.4314453125
25 0.1625 0.4 0.11240234375 0.446875
25 0.25390625 0.40234375 0.071875 0.446875
25 0.3484375 0.40625 0.1158203125 0.4876953125
25 0.46640625 0.40234375 0.1234375 0.5078125
25 0.5953125 0.4046875 0.13427734375 0.54052734375
25 0.7390625 0.40625 0.15 0.5625
25 0.89765625 0.4078125 0.165625 0.596875
25 0.021875 0.81484375 0.04375 0.284375
25 0.06484375 0.828125 0.0484375 0.290625
25 0.11640625 0.8453125 0.0515625 0.290625
25 0.16953125 0.84609375 0.053125 0.30625
25 0.2296875 0.85078125 0.065625 0.2953125
25 0.29453125 0.8546875 0.0703125 0.29052734375
25 0.365625 0.85703125 0.071875 0.2828125
25 0.43359375 0.86171875 0.0703125 0.271875
25 0.50390625 0.86640625 0.0765625 0.2640625
25 0.58671875 0.87734375 0.084375 0.24375
25 0.66953125 0.875 0.084375 0.24990234375
25 0.75234375 0.8796875 0.0875 0.24052734375
25 0.84609375 0.88671875 0.09375 0.221875