25 0.709375 0.7859375 0.05625 0.24677734375
25 0.3703125 0.4078125 0.05322265625 0.26552734375
25 0.30859375 0.4046875 0.053125 0.26552734375
25 0.25 0.40390625 0.053125 0.259375
25 0.1921875 0.40625 0.0529296875 0.2625
25 0.134375 0.40625 0.053125 0.25634765625
25 0.0765625 0.4046875 0.053125 0.25927734375
25 0.02421875 0.4046875 0.0484375 0.25927734375
25 0.9578125 0.09609375 0.05625 0.1921875
25 0.90625 0.0953125 0.05009765625 0.1875
25 0.97734375 0.78515625 0.04375 0.25
25 0.92890625 0.78515625 0.053125 0.25
25 0.875 0.78359375 0.053125 0.2453125
25 0.81953125 0.7859375 0.053125 0.24677734375
25 0.7640625 0.7859375 0.05927734375 0.24677734375
25 0.9234375 0.40234375 0.053125 0.2640625
25 0.9734375 0.415625 0.04697265625 0.25
25 0.021875 0.79296875 0.04375 0.2578125
25 0.07109375 0.7859375 0.0578125 0.24375
25 0.12734375 0.7859375 0.0578125 0.2466796875
25 0.87109375 0.4015625 0.053125 0.2279296875
25 0.81875 0.4 0.05009765625 0.22509765625
25 0.7640625 0.40234375 0.05625 0.2265625
25 0.709375 0.41328125 0.05625 0.2578125
25 0.6546875 0.4109375 0.053125 0.25625
25 0.6 0.4125 0.053125 0.2625
25 0.540625 0.41015625 0.05625 0.2625
25 0.484375 0.41015625 0.05625 0.2625
25 0.4265625 0.4078125 0.05322265625 0.26552734375
25 0.03125 0.08984375 0.0625 0.1796875
25 0.0890625 0.0890625 0.05927734375 0.17802734375
25 0.146875 0.0890625 0.05625 0.17802734375
25 0.2015625 0.0890625 0.05625 0.17802734375
25 0.26015625 0.0875 0.0546875 0.175
25 0.31640625 0.0890625 0.05625 0.178125
25 0.37421875 0.08984375 0.0546875 0.1796875
25 0.428125 0.08984375 0.05625 0.1796875
25 0.4859375 0.08984375 0.05625 0.1796875
25 0.54140625 0.08984375 0.0546875 0.1796875
25 0.59921875 0.08984375 0.0546875 0.1796875
25 0.6515625 0.09140625 0.0470703125 0.1828125
25 0.69921875 0.09140625 0.053125 0.1828125
25 0.75625 0.0921875 0.053125 0.184375
25 0.80625 0.09375 0.0498046875 0.1875
25 0.85703125 0.0953125 0.0484375 0.1875
25 0.18359375 0.78515625 0.0578125 0.253125
25 0.24375 0.78828125 0.0564453125 0.253125
25 0.31015625 0.7796875 0.0546875 0.253125
25 0.365625 0.77890625 0.053125 0.2625
25 0.4203125 0.78125 0.053125 0.253125
25 0.484375 0.7859375 0.05634765625 0.24375
25 0.540625 0.7859375 0.05625 0.24375
25 0.59765625 0.78515625 0.05625 0.25