25 0.08203125 0.39765625 0.0625 0.1640625
25 0.1390625 0.39765625 0.0625 0.1640625
25 0.1984375 0.39765625 0.05947265625 0.1640625
25 0.3765625 0.93359375 0.06552734375 0.1296875
25 0.43984375 0.93515625 0.0671875 0.125
25 0.50234375 0.93359375 0.065625 0.1296875
25 0.57109375 0.93515625 0.065625 0.1296875
25 0.63828125 0.9328125 0.065625 0.12822265625
25 0.70078125 0.93359375 0.0625 0.1296875
25 0.76953125 0.93359375 0.0625 0.1296875
25 0.8328125 0.9328125 0.065625 0.1283203125
25 0.89765625 0.93046875 0.065625 0.134375
25 0.446875 0.63671875 0.053125 0.159375
25 0.50390625 0.63671875 0.053125 0.159375
25 0.56484375 0.63828125 0.053125 0.15625
25 0.6234375 0.6359375 0.053125 0.159375
25 0.68046875 0.63828125 0.053125 0.15625
25 0.740625 0.63671875 0.05625 0.159375
25 0.79921875 0.634375 0.05625 0.16259765625
25 0.85703125 0.6390625 0.05625 0.1654296875
25 0.92890625 0.63828125 0.0609375 0.159375
25 0.05078125 0.93046875 0.0625 0.1328125
25 0.11171875 0.9328125 0.0625 0.13427734375
25 0.1765625 0.9328125 0.06572265625 0.13427734375
25 0.2453125 0.93515625 0.0658203125 0.125
25 0.3109375 0.9359375 0.06552734375 0.128125
25 0.0359375 0.11875 0.07177734375 0.178125
25 0.09765625 0.11875 0.071875 0.178125
25 0.1609375 0.11796875 0.06572265625 0.178125
25 0.225 0.11640625 0.071875 0.18125
25 0.290625 0.115625 0.071875 0.18125
25 0.359375 0.1140625 0.0625 0.18427734375
25 0.421875 0.1109375 0.0625 0.1841796875
25 0.4953125 0.1109375 0.0625 0.18427734375
25 0.55859375 0.109375 0.0625 0.18134765625
25 0.62109375 0.109375 0.0625 0.18134765625
25 0.69609375 0.10703125 0.0625 0.178125
25 0.76328125 0.103125 0.0625 0.184375
25 0.82421875 0.10546875 0.0578125 0.1859375
25 0.9703125 0.9328125 0.0591796875 0.134375
25 0.978125 0.63203125 0.040625 0.1609375
25 0.89453125 0.10078125 0.0703125 0.1875
25 0.3890625 0.63828125 0.053125 0.15625
25 0.02734375 0.396875 0.0546875 0.159375
25 0.33515625 0.63828125 0.053125 0.15625
25 0.2828125 0.63671875 0.053125 0.15625
25 0.22578125 0.63828125 0.0546875 0.15625
25 0.165625 0.63828125 0.05634765625 0.15625
25 0.109375 0.63828125 0.05634765625 0.15625
25 0.053125 0.63828125 0.0564453125 0.159375
25 0.9640625 0.3890625 0.065625 0.17177734375
25 0.25859375 0.39765625 0.0578125 0.165625
25 0.8734375 0.3921875 0.05947265625 0.16875
25 0.8140625 0.3921875 0.0625 0.16875
25 0.7484375 0.39453125 0.065625 0.16875
25 0.6859375 0.39296875 0.059375 0.16875
25 0.625 0.39296875 0.0625 0.16875
25 0.5625 0.39453125 0.0625 0.165625
25 0.5015625 0.396875 0.0595703125 0.165625
25 0.44140625 0.39765625 0.0609375 0.165625
25 0.37890625 0.39765625 0.0609375 0.165625
25 0.31875 0.39765625 0.06240234375 0.165625