25 0.01171875 0.83671875 0.0234375 0.2203125
25 0.22578125 0.5296875 0.053125 0.221875
25 0.275 0.52734375 0.04990234375 0.21875
25 0.32421875 0.525 0.0515625 0.21259765625
25 0.37109375 0.5203125 0.040625 0.209375
25 0.4109375 0.51796875 0.04375 0.2078125
25 0.453125 0.515625 0.040625 0.2060546875
25 0.49609375 0.51171875 0.04375 0.196875
25 0.5375 0.50859375 0.03759765625 0.1953125
25 0.5765625 0.50859375 0.04052734375 0.1953125
25 0.61171875 0.50234375 0.028125 0.184375
25 0.64296875 0.5015625 0.034375 0.18447265625
25 0.678125 0.4984375 0.0373046875 0.1841796875
25 0.71171875 0.49375 0.034375 0.18125
25 0.96015625 0.1890625 0.0625 0.21875
25 0.8015625 0.48828125 0.034375 0.1703125
25 0.8328125 0.4859375 0.03125 0.16875
25 0.865625 0.484375 0.03759765625 0.16875
25 0.89765625 0.48046875 0.0296875 0.165625
25 0.9234375 0.4796875 0.02802734375 0.15947265625
25 0.05078125 0.828125 0.05625 0.23125
25 0.10546875 0.81953125 0.05625 0.23125
25 0.16015625 0.81015625 0.053125 0.228125
25 0.21171875 0.79921875 0.053125 0.221875
25 0.55078125 0.6984375 0.034375 0.09375
25 0.58203125 0.6875 0.03125 0.09375
25 0.61328125 0.6859375 0.03125 0.090625
25 0.64453125 0.68046875 0.03125 0.09375
25 0.67578125 0.68046875 0.0296875 0.084375
25 0.703125 0.67578125 0.03115234375 0.0828125
25 0.73203125 0.66953125 0.03125 0.0796875
25 0.76171875 0.6671875 0.0296875 0.0783203125
25 0.790625 0.66328125 0.028125 0.0796875
25 0.81953125 0.66015625 0.0296875 0.0765625
25 0.55078125 0.7859375 0.034375 0.0779296875
25 0.5828125 0.77890625 0.03125 0.0875
25 0.615625 0.77421875 0.03125 0.0828125
25 0.6453125 0.76796875 0.03125 0.0796875
25 0.67578125 0.76171875 0.03125 0.0796875
25 0.7046875 0.7546875 0.028125 0.07822265625
25 0.7328125 0.7484375 0.028125 0.0783203125
25 0.76328125 0.7453125 0.03125 0.075
25 0.7921875 0.740625 0.028125 0.075
25 0.82109375 0.73671875 0.0296875 0.075
25 0.8453125 0.6625 0.025 0.059375
25 0.84609375 0.728125 0.025 0.075
25 0.86875 0.725 0.02509765625 0.075
25 0.86875 0.65 0.025 0.075
25 0.89296875 0.64296875 0.0265625 0.0828125
25 0.89453125 0.71875 0.0265625 0.071875
25 0.91796875 0.71640625 0.025 0.071875
25 0.91796875 0.640625 0.025 0.075
25 0.94453125 0.640625 0.0296875 0.075
25 0.97109375 0.63671875 0.025 0.075
25 0.94453125 0.71484375 0.0296875 0.0703125
25 0.97109375 0.709375 0.021875 0.0689453125