25 0.7515625 0.76796875 0.053125 0.2484375
25 0.553125 0.15234375 0.05009765625 0.259375
25 0.8734375 0.14765625 0.05302734375 0.259375
25 0.92421875 0.146875 0.0515625 0.259375
25 0.9734375 0.1453125 0.0470703125 0.2625
25 0.021875 0.46015625 0.04375 0.2625
25 0.07109375 0.46015625 0.0546875 0.2625
25 0.359375 0.7703125 0.053125 0.2470703125
25 0.4125 0.76953125 0.053125 0.2484375
25 0.46875 0.76953125 0.05634765625 0.2484375
25 0.52421875 0.76953125 0.053125 0.2484375
25 0.5765625 0.76953125 0.053125 0.2484375
25 0.63203125 0.76953125 0.0546875 0.2484375
25 0.69140625 0.76796875 0.053125 0.2484375
25 0.60546875 0.15 0.053125 0.259375
25 0.66015625 0.14921875 0.05625 0.259375
25 0.7140625 0.14921875 0.053125 0.259375
25 0.7671875 0.14921875 0.053125 0.259375
25 0.81953125 0.146875 0.053125 0.259375
25 0.803125 0.76796875 0.05009765625 0.2484375
25 0.85546875 0.76953125 0.0515625 0.2484375
25 0.9125 0.7671875 0.053125 0.246875
25 0.97109375 0.7671875 0.05625 0.246875
25 0.30546875 0.76953125 0.053125 0.2484375
25 0.1265625 0.459375 0.053125 0.259375
25 0.17890625 0.46015625 0.0515625 0.2625
25 0.23203125 0.46015625 0.053125 0.2625
25 0.28515625 0.46015625 0.053125 0.2625
25 0.3375 0.46015625 0.053125 0.2625
25 0.3921875 0.46171875 0.05322265625 0.2625
25 0.446875 0.46015625 0.05625 0.2625
25 0.4984375 0.46015625 0.04697265625 0.2625
25 0.5484375 0.46015625 0.053125 0.2625
25 0.60078125 0.46015625 0.053125 0.2625
25 0.65234375 0.46015625 0.053125 0.2625
25 0.70546875 0.46015625 0.05625 0.2625
25 0.75859375 0.46171875 0.053125 0.2625
25 0.8109375 0.46015625 0.053125 0.2625
25 0.86328125 0.46015625 0.053125 0.2671875
25 0.9171875 0.46015625 0.053125 0.2671875
25 0.96875 0.4625 0.053125 0.26865234375
25 0.02734375 0.7734375 0.0546875 0.25
25 0.08203125 0.77421875 0.05625 0.2484375
25 0.13671875 0.771875 0.05625 0.24990234375
25 0.19375 0.7703125 0.05634765625 0.24697265625
25 0.2484375 0.76953125 0.053125 0.2484375