25 0.5 0.69453125 0.09375 0.3796875
25 0.3125 0.6984375 0.0935546875 0.3841796875
25 0.22109375 0.6984375 0.090625 0.3841796875
25 0.1234375 0.70078125 0.09697265625 0.3828125
25 0.03515625 0.703125 0.0703125 0.39365234375
25 0.3578125 0.203125 0.07177734375 0.275
25 0.90390625 0.20078125 0.0703125 0.271875
25 0.4265625 0.19921875 0.07177734375 0.271875
25 0.40625 0.6984375 0.09375 0.378125
25 0.7671875 0.20078125 0.075 0.2765625
25 0.6984375 0.203125 0.065625 0.275
25 0.63203125 0.20078125 0.065625 0.2765625
25 0.5640625 0.2015625 0.0716796875 0.275
25 0.49375 0.20078125 0.06884765625 0.275
25 0.86796875 0.70078125 0.09375 0.3796875
25 0.775 0.69453125 0.09375 0.3796875
25 0.68046875 0.69609375 0.09375 0.3796875
25 0.58984375 0.69453125 0.09375 0.3796875
25 0.83671875 0.2015625 0.065625 0.271875
25 0.02421875 0.1984375 0.0484375 0.2779296875
25 0.0828125 0.19921875 0.07177734375 0.2765625
25 0.15390625 0.1984375 0.0703125 0.27802734375
25 0.2234375 0.20078125 0.0654296875 0.275
25 0.28984375 0.19921875 0.0703125 0.275