25 0.5 0.69453125 0.09375 0.3796875
25 0.6875 0.6984375 0.09375 0.38427734375
25 0.77890625 0.6984375 0.09375 0.38427734375
25 0.8765625 0.70078125 0.09697265625 0.3828125
25 0.9640625 0.7046875 0.06572265625 0.39677734375
25 0.6421875 0.203125 0.07177734375 0.275
25 0.09609375 0.20078125 0.0703125 0.271875
25 0.5734375 0.19921875 0.07177734375 0.271875
25 0.59375 0.6984375 0.09375 0.378125
25 0.2328125 0.20078125 0.075 0.2765625
25 0.3015625 0.203125 0.065625 0.275
25 0.36796875 0.20078125 0.065625 0.2765625
25 0.4359375 0.2015625 0.07177734375 0.275
25 0.50625 0.20078125 0.06884765625 0.275
25 0.13203125 0.70078125 0.09375 0.3796875
25 0.225 0.69453125 0.09375 0.3796875
25 0.31953125 0.69609375 0.0921875 0.3796875
25 0.41015625 0.69453125 0.09375 0.3796875
25 0.16328125 0.2015625 0.0640625 0.271875
25 0.97578125 0.1984375 0.0484375 0.27802734375
25 0.9171875 0.19921875 0.07177734375 0.2765625
25 0.84609375 0.1984375 0.0703125 0.2779296875
25 0.7765625 0.20078125 0.065625 0.275
25 0.71015625 0.19921875 0.0703125 0.275