25 0.45703125 0.6109375 0.0984375 0.27802734375
25 0.359375 0.609375 0.09375 0.27509765625
25 0.0515625 0.2859375 0.103125 0.35947265625
25 0.1515625 0.2859375 0.09697265625 0.35625
25 0.25859375 0.6046875 0.103125 0.27822265625
25 0.25390625 0.2828125 0.1109375 0.35947265625
25 0.353125 0.28828125 0.103125 0.3609375
25 0.45546875 0.28515625 0.1015625 0.3703125
25 0.05625 0.603125 0.10634765625 0.284375
25 0.8765625 0.2828125 0.115625 0.375
25 0.765625 0.28515625 0.10634765625 0.3640625
25 0.55859375 0.2859375 0.10625 0.37177734375
25 0.6609375 0.2875 0.103125 0.36259765625
25 0.95859375 0.61015625 0.0828125 0.2828125
25 0.865625 0.609375 0.11259765625 0.28125
25 0.75859375 0.6109375 0.0984375 0.28125
25 0.1578125 0.60703125 0.096875 0.2796875
25 0.6578125 0.6109375 0.09697265625 0.27802734375
25 0.55546875 0.6078125 0.0984375 0.2779296875