25 0.35234375 0.84765625 0.0921875 0.0671875
25 0.44609375 0.85 0.0984375 0.065625
25 0.5453125 0.8484375 0.096875 0.071875
25 0.6390625 0.84375 0.09375 0.071875
25 0.7484375 0.7515625 0.09697265625 0.13427734375
25 0.85234375 0.74296875 0.103125 0.128125
25 0.9515625 0.74296875 0.096875 0.128125
25 0.73203125 0.8421875 0.090625 0.07177734375
25 0.921875 0.8421875 0.096875 0.075
25 0.82578125 0.8453125 0.096875 0.075
25 0.07109375 0.16796875 0.1109375 0.334375
25 0.1578125 0.16953125 0.0875 0.334375
25 0.240625 0.16796875 0.09375 0.3359375
25 0.334375 0.16953125 0.09375 0.3390625
25 0.4265625 0.1703125 0.0904296875 0.3404296875
25 0.5140625 0.1703125 0.09052734375 0.34052734375
25 0.60546875 0.16953125 0.09375 0.3390625
25 0.696875 0.16953125 0.08759765625 0.3390625
25 0.7859375 0.1703125 0.09052734375 0.34052734375
25 0.88125 0.1703125 0.0998046875 0.3404296875
25 0.96328125 0.1703125 0.0671875 0.340625
25 0.0515625 0.50703125 0.05302734375 0.1140625
25 0.021875 0.60703125 0.04375 0.09375
25 0.0609375 0.6078125 0.053125 0.090625
25 0.10546875 0.603125 0.0515625 0.096875
25 0.10234375 0.50390625 0.0515625 0.10625
25 0.14765625 0.50390625 0.0453125 0.1109375
25 0.1546875 0.603125 0.05302734375 0.090625
25 0.19453125 0.50703125 0.0515625 0.1109375
25 0.20078125 0.60546875 0.0515625 0.09375
25 0.240625 0.50703125 0.04384765625 0.1109375
25 0.2453125 0.6046875 0.0470703125 0.090625
25 0.28515625 0.50625 0.0484375 0.1064453125
25 0.290625 0.6046875 0.04384765625 0.090625
25 0.33203125 0.50390625 0.0484375 0.10625
25 0.37890625 0.50625 0.0484375 0.1064453125
25 0.42421875 0.50390625 0.0484375 0.10625
25 0.46875 0.5015625 0.0498046875 0.10625
25 0.5109375 0.4984375 0.04375 0.103125
25 0.55546875 0.49765625 0.04375 0.103125
25 0.5984375 0.49609375 0.04375 0.103125
25 0.6421875 0.49765625 0.04375 0.103125
25 0.6859375 0.4984375 0.0466796875 0.103125
25 0.6859375 0.59609375 0.04677734375 0.090625
25 0.640625 0.5921875 0.04375 0.084375
25 0.5984375 0.5921875 0.04375 0.084375
25 0.55390625 0.59375 0.04375 0.0876953125
25 0.51171875 0.59609375 0.04375 0.0890625
25 0.46875 0.6 0.04375 0.0875
25 0.734375 0.49765625 0.04990234375 0.10625
25 0.78125 0.49765625 0.04990234375 0.10625
25 0.8265625 0.49765625 0.04697265625 0.10625
25 0.86640625 0.49609375 0.0484375 0.10625
25 0.9109375 0.49765625 0.04697265625 0.10625
25 0.95703125 0.49609375 0.0484375 0.10625
25 0.73046875 0.59765625 0.0484375 0.096875
25 0.7765625 0.59765625 0.04375 0.0921875
25 0.8171875 0.59609375 0.05302734375 0.090625
25 0.8640625 0.59609375 0.04375 0.090625
25 0.90390625 0.59375 0.0515625 0.0935546875
25 0.946875 0.5921875 0.053125 0.090625
25 0.334375 0.6046875 0.04990234375 0.090625
25 0.3796875 0.6046875 0.04677734375 0.090625
25 0.42578125 0.6046875 0.0453125 0.090625
25 0.0640625 0.834375 0.1095703125 0.1001953125
25 0.1296875 0.7515625 0.1095703125 0.1341796875
25 0.165625 0.84375 0.09375 0.084375
25 0.2359375 0.75 0.103125 0.128125
25 0.2609375 0.85 0.0908203125 0.0685546875
25 0.3390625 0.7484375 0.103125 0.13427734375
25 0.4421875 0.7515625 0.103125 0.13427734375
25 0.546875 0.74609375 0.10009765625 0.1328125
25 0.64765625 0.74296875 0.0984375 0.128125