25 0.82421875 0.2234375 0.096875 0.28447265625
25 0.52890625 0.22734375 0.096875 0.28125
25 0.43046875 0.22578125 0.0890625 0.28125
25 0.23671875 0.2234375 0.084375 0.28447265625
25 0.13828125 0.22109375 0.10625 0.2859375
25 0.33984375 0.22578125 0.084375 0.284375
25 0.72578125 0.225 0.096875 0.28740234375
25 0.63125 0.225 0.096875 0.2873046875
25 0.83046875 0.52890625 0.09375 0.2671875
25 0.73671875 0.5296875 0.096875 0.26572265625
25 0.640625 0.52890625 0.096875 0.2671875
25 0.5453125 0.52890625 0.096875 0.2671875
25 0.446875 0.53125 0.09375 0.2625
25 0.35 0.53125 0.09375 0.26865234375
25 0.25234375 0.5328125 0.0953125 0.26552734375
25 0.14921875 0.5359375 0.1 0.271875