25 0.275 0.6359375 0.0625 0.29052734375
25 0.334375 0.6359375 0.05615234375 0.284375
25 0.38828125 0.6359375 0.0546875 0.284375
25 0.4390625 0.63671875 0.0466796875 0.2796875
25 0.48671875 0.634375 0.053125 0.28740234375
25 0.53828125 0.609375 0.053125 0.23125
25 0.5921875 0.60703125 0.053125 0.23125
25 0.3296875 0.27890625 0.05927734375 0.2765625
25 0.7640625 0.6078125 0.05302734375 0.22802734375
25 0.8140625 0.63125 0.0470703125 0.271875
25 0.61796875 0.90859375 0.0515625 0.18125
25 0.78359375 0.90234375 0.0578125 0.190625
25 0.70078125 0.6078125 0.0484375 0.2279296875
25 0.27421875 0.2765625 0.0578125 0.2779296875
25 0.2171875 0.275 0.05947265625 0.27509765625
25 0.15390625 0.26796875 0.065625 0.290625
25 0.08984375 0.2640625 0.065625 0.290625
25 0.02890625 0.2609375 0.0578125 0.29697265625
25 0.3859375 0.2765625 0.05927734375 0.28447265625
25 0.5015625 0.26171875 0.0529296875 0.16875
25 0.54921875 0.26796875 0.0484375 0.1578125
25 0.7328125 0.3125 0.04697265625 0.23740234375
25 0.775 0.32109375 0.03740234375 0.221875
25 0.2140625 0.634375 0.0625 0.29375