25 0.3609375 0.2453125 0.053125 0.12177734375
25 0.42578125 0.25 0.05625 0.125
25 0.60234375 0.24375 0.0546875 0.13134765625
25 0.66796875 0.2453125 0.0578125 0.11552734375
25 0.7328125 0.24375 0.0591796875 0.1126953125
25 0.80390625 0.240625 0.065625 0.11875
25 0.22578125 0.37734375 0.065625 0.1421875
25 0.2921875 0.37890625 0.05947265625 0.1421875
25 0.359375 0.37734375 0.06240234375 0.1453125
25 0.42421875 0.38203125 0.0609375 0.1375
25 0.49375 0.3609375 0.04375 0.15302734375
25 0.54453125 0.36171875 0.04375 0.1546875
25 0.6078125 0.38125 0.065625 0.13759765625
25 0.67578125 0.375 0.0609375 0.15
25 0.76953125 0.38359375 0.065625 0.1625
25 0.834375 0.38203125 0.065625 0.146875
25 0.228125 0.68046875 0.05625 0.1421875
25 0.23203125 0.81015625 0.053125 0.11875
25 0.28125 0.68046875 0.053125 0.1390625
25 0.28515625 0.80859375 0.05625 0.11875
25 0.33671875 0.69140625 0.0546875 0.1390625
25 0.33984375 0.8171875 0.05625 0.115625
25 0.38828125 0.78828125 0.0453125 0.16875
25 0.43515625 0.790625 0.0453125 0.16875
25 0.41796875 0.6421875 0.0453125 0.125
25 0.46484375 0.64296875 0.0453125 0.128125
25 0.48046875 0.80546875 0.0453125 0.1328125
25 0.5328125 0.821875 0.04375 0.115625
25 0.5109375 0.6609375 0.04677734375 0.159375
25 0.55546875 0.66484375 0.04375 0.1609375
25 0.60078125 0.6453125 0.04375 0.125
25 0.5828125 0.8140625 0.04375 0.134375
25 0.6390625 0.7875 0.04697265625 0.165625
25 0.69375 0.69140625 0.059375 0.1453125
25 0.68984375 0.8234375 0.0578125 0.11572265625
25 0.7515625 0.7015625 0.05625 0.14072265625
25 0.7453125 0.828125 0.05322265625 0.115625
25 0.80390625 0.83515625 0.059375 0.128125
25 0.8125 0.70078125 0.0625 0.1453125
25 0.22578125 0.1109375 0.065625 0.146875
25 0.28984375 0.103125 0.065625 0.146875
25 0.3578125 0.1078125 0.0595703125 0.1533203125
25 0.4234375 0.11328125 0.05947265625 0.1453125
25 0.51953125 0.196875 0.0515625 0.16884765625
25 0.6078125 0.10234375 0.059375 0.1515625
25 0.67421875 0.11640625 0.059375 0.1453125
25 0.74140625 0.115625 0.065625 0.14384765625
25 0.8109375 0.1078125 0.07177734375 0.14677734375
25 0.2328125 0.2453125 0.05625 0.128125
25 0.29296875 0.240625 0.0609375 0.128125