25 0.17890625 0.0578125 0.04375 0.115625
25 0.25703125 0.84765625 0.040625 0.1203125
25 0.21875 0.8453125 0.034375 0.12177734375
25 0.2203125 0.05859375 0.0375 0.1171875
25 0.9703125 0.83984375 0.04677734375 0.134375
25 0.21171875 0.671875 0.040625 0.16240234375
25 0.2515625 0.6703125 0.040625 0.159375
25 0.509375 0.671875 0.040625 0.1623046875
25 0.54921875 0.6609375 0.0390625 0.17802734375
25 0.975 0.67421875 0.0439453125 0.165625
25 0.98046875 0.4703125 0.0390625 0.17177734375
25 0.5453125 0.47265625 0.0404296875 0.16875
25 0.5046875 0.47265625 0.040625 0.16875
25 0.2359375 0.47265625 0.040625 0.1703125
25 0.19453125 0.47109375 0.040625 0.1703125
25 0.553125 0.25859375 0.04375 0.19375
25 0.509375 0.25859375 0.04375 0.1890625
25 0.2328125 0.25234375 0.04375 0.196875
25 0.19375 0.25234375 0.0376953125 0.1953125
25 0.553125 0.06015625 0.04375 0.1203125
25 0.50859375 0.06015625 0.0453125 0.1203125
25 0.52265625 0.8453125 0.0390625 0.1216796875
25 0.5625 0.84609375 0.0376953125 0.1234375