25 0.8234375 0.7390625 0.11552734375 0.35947265625
25 0.92890625 0.73828125 0.096875 0.3578125
25 0.73046875 0.73828125 0.096875 0.3578125
25 0.63359375 0.7390625 0.0984375 0.3591796875
25 0.5359375 0.73671875 0.10302734375 0.35625
25 0.4359375 0.7390625 0.10302734375 0.35927734375
25 0.3390625 0.7390625 0.09375 0.35625
25 0.2453125 0.73828125 0.09375 0.353125
25 0.15 0.740625 0.09990234375 0.353125
25 0.053125 0.740625 0.10009765625 0.353125
25 0.96171875 0.24296875 0.071875 0.4859375
25 0.87265625 0.24296875 0.1109375 0.4859375
25 0.7671875 0.24296875 0.10947265625 0.4859375
25 0.6609375 0.24296875 0.10302734375 0.4859375
25 0.5578125 0.24296875 0.10625 0.4859375
25 0.453125 0.24296875 0.10625 0.4859375
25 0.3453125 0.24375 0.10625 0.48740234375
25 0.2390625 0.24296875 0.103125 0.4859375
25 0.1390625 0.24375 0.096875 0.48740234375
25 0.046875 0.24375 0.09375 0.4875