25 0.2609375 0.7703125 0.06572265625 0.34052734375
25 0.33046875 0.771875 0.0671875 0.3375
25 0.396875 0.7703125 0.06865234375 0.34072265625
25 0.82421875 0.1984375 0.0703125 0.353125
25 0.89296875 0.19921875 0.0703125 0.353125
25 0.53125 0.7640625 0.0685546875 0.3408203125
25 0.4640625 0.7640625 0.0658203125 0.3408203125
25 0.6 0.7703125 0.06865234375 0.34375
25 0.66484375 0.765625 0.0625 0.34375
25 0.73203125 0.7671875 0.0703125 0.34072265625
25 0.86796875 0.765625 0.0703125 0.34375
25 0.68515625 0.19609375 0.0703125 0.353125
25 0.7546875 0.19609375 0.07177734375 0.353125
25 0.0296875 0.86171875 0.0591796875 0.16875
25 0.0265625 0.7046875 0.04697265625 0.16552734375
25 0.02265625 0.5359375 0.04375 0.16875