25 0.14765625 0.80078125 0.0625 0.30625
25 0.50859375 0.05546875 0.071875 0.1109375
25 0.62890625 0.05546875 0.0703125 0.1109375
25 0.6984375 0.0578125 0.07177734375 0.115625
25 0.50390625 0.1921875 0.0671875 0.15625
25 0.56875 0.19375 0.06865234375 0.16240234375
25 0.634375 0.19609375 0.0625 0.1609375
25 0.69609375 0.19453125 0.0671875 0.159375
25 0.50234375 0.35234375 0.065625 0.159375
25 0.56875 0.3546875 0.065625 0.159375
25 0.63125 0.353125 0.059375 0.15625
25 0.6921875 0.3546875 0.0625 0.159375
25 0.76328125 0.13203125 0.0625 0.2125
25 0.8234375 0.13359375 0.059375 0.2125
25 0.88125 0.13125 0.0623046875 0.2125
25 0.5046875 0.58671875 0.065625 0.159375
25 0.27265625 0.79921875 0.0625 0.30625
25 0.209375 0.79921875 0.0625 0.30625
25 0.08515625 0.7953125 0.0625 0.30947265625
25 0.02734375 0.796875 0.0546875 0.3125
25 0.92890625 0.34140625 0.0578125 0.2078125
25 0.8734375 0.34140625 0.05625 0.2078125
25 0.81875 0.34140625 0.05634765625 0.2046875
25 0.759375 0.33984375 0.0625 0.2046875
25 0.9390625 0.13203125 0.05927734375 0.2125
25 0.640625 0.7453125 0.06865234375 0.153125
25 0.5734375 0.74609375 0.065625 0.1546875
25 0.50625 0.74609375 0.0689453125 0.1546875
25 0.7015625 0.58984375 0.0591796875 0.159375
25 0.6390625 0.5875 0.07177734375 0.159375
25 0.57109375 0.58671875 0.0703125 0.159375
25 0.50390625 0.8890625 0.0625 0.128125
25 0.56640625 0.88671875 0.0625 0.128125
25 0.63203125 0.88828125 0.0671875 0.1296875
25 0.6984375 0.88828125 0.06572265625 0.1296875
25 0.7609375 0.6609375 0.059375 0.21552734375
25 0.75859375 0.8609375 0.0515625 0.18427734375
25 0.8109375 0.64765625 0.04375 0.2078125
25 0.80625 0.84375 0.04375 0.1873046875
25 0.859375 0.6453125 0.05625 0.2091796875
25 0.85546875 0.8421875 0.05625 0.1875
25 0.921875 0.83515625 0.06240234375 0.2015625
25 0.703125 0.7453125 0.06240234375 0.159375