25 0.5328125 0.7296875 0.0779296875 0.3841796875
25 0.6921875 0.73046875 0.07802734375 0.378125
25 0.76953125 0.73046875 0.075 0.378125
25 0.84765625 0.7296875 0.075 0.37822265625
25 0.92890625 0.7328125 0.0796875 0.38427734375
25 0.59375 0.26328125 0.075 0.3828125
25 0.515625 0.27890625 0.075 0.3515625
25 0.4359375 0.27890625 0.075 0.353125
25 0.35703125 0.26328125 0.075 0.3796875
25 0.2765625 0.2640625 0.075 0.3783203125
25 0.1984375 0.26328125 0.075 0.3796875
25 0.75703125 0.26328125 0.0796875 0.3828125
25 0.834375 0.26328125 0.08115234375 0.3796875
25 0.9234375 0.26328125 0.08427734375 0.3796875
25 0.06484375 0.725 0.0765625 0.375
25 0.14453125 0.7234375 0.0765625 0.3841796875
25 0.22109375 0.725 0.0765625 0.378125
25 0.29921875 0.72734375 0.0765625 0.378125
25 0.37734375 0.7296875 0.0765625 0.3841796875
25 0.453125 0.7296875 0.07509765625 0.38427734375
25 0.61328125 0.73046875 0.0765625 0.378125
25 0.040625 0.2609375 0.075 0.3841796875
25 0.11875 0.26171875 0.075 0.3828125
25 0.6765625 0.26171875 0.07822265625 0.3828125