25 0.93828125 0.2015625 0.1171875 0.403125
25 0.8078125 0.19453125 0.146875 0.3890625
25 0.66953125 0.1875 0.128125 0.375
25 0.54765625 0.18125 0.1203125 0.3625
25 0.23828125 0.16796875 0.0890625 0.3359375
25 0.43359375 0.17890625 0.1140625 0.35625
25 0.1546875 0.16328125 0.07822265625 0.325
25 0.9265625 0.74375 0.146875 0.39384765625
25 0.7875 0.73046875 0.1310546875 0.3828125
25 0.6625 0.70703125 0.11884765625 0.3796875
25 0.54921875 0.6671875 0.1015625 0.3658203125
25 0.446875 0.64921875 0.10009765625 0.3421875
25 0.33203125 0.171875 0.096875 0.34375
25 0.3546875 0.6265625 0.08447265625 0.32802734375
25 0.2671875 0.6046875 0.0875 0.31572265625
25 0.1875 0.5796875 0.07509765625 0.31572265625