25 0.8109375 0.78984375 0.134375 0.30625
25 0.05390625 0.1671875 0.1078125 0.31875
25 0.30390625 0.178125 0.128125 0.30009765625
25 0.296875 0.78125 0.134375 0.30625
25 0.4265625 0.7875 0.128125 0.303125
25 0.16328125 0.78515625 0.1375 0.315625
25 0.0484375 0.78359375 0.096875 0.315625
25 0.93984375 0.4890625 0.1203125 0.29697265625
25 0.8109375 0.48671875 0.134375 0.2984375
25 0.68046875 0.48828125 0.128125 0.2984375
25 0.55390625 0.4890625 0.1234375 0.29697265625
25 0.43125 0.4859375 0.1248046875 0.2970703125
25 0.30390625 0.4796875 0.13125 0.29697265625
25 0.16796875 0.4796875 0.1375 0.2970703125
25 0.05078125 0.475 0.0984375 0.2998046875
25 0.9375 0.1859375 0.125 0.29697265625
25 0.8125 0.18515625 0.125 0.3015625
25 0.6890625 0.18125 0.121875 0.303125
25 0.5625 0.1828125 0.13115234375 0.303125
25 0.43359375 0.178125 0.1296875 0.30634765625
25 0.1734375 0.1734375 0.134375 0.30927734375
25 0.9390625 0.79453125 0.11875 0.3109375
25 0.67890625 0.78984375 0.128125 0.3015625
25 0.5515625 0.78828125 0.128125 0.3046875