25 0.1890625 0.78984375 0.134375 0.30625
25 0.94453125 0.16796875 0.10625 0.321875
25 0.69609375 0.178125 0.1296875 0.30009765625
25 0.703125 0.78125 0.134375 0.30625
25 0.5734375 0.7875 0.128125 0.303125
25 0.83671875 0.78515625 0.1375 0.315625
25 0.9515625 0.78359375 0.096875 0.315625
25 0.06015625 0.4890625 0.1203125 0.2970703125
25 0.1890625 0.48671875 0.134375 0.2984375
25 0.31953125 0.48828125 0.128125 0.2984375
25 0.44609375 0.4890625 0.1234375 0.29697265625
25 0.56875 0.4859375 0.121875 0.29697265625
25 0.69609375 0.4796875 0.1328125 0.29697265625
25 0.83203125 0.4796875 0.1375 0.29697265625
25 0.94921875 0.475 0.0984375 0.29990234375
25 0.0625 0.1859375 0.125 0.29697265625
25 0.1875 0.18515625 0.125 0.3015625
25 0.3109375 0.18125 0.125 0.303125
25 0.4375 0.1828125 0.13115234375 0.303125
25 0.56640625 0.178125 0.128125 0.30634765625
25 0.8265625 0.1734375 0.1341796875 0.3091796875
25 0.0609375 0.79453125 0.11875 0.3109375
25 0.32109375 0.78984375 0.128125 0.3015625
25 0.4484375 0.78828125 0.128125 0.3046875