25 0.03828125 0.146875 0.0765625 0.2314453125
25 0.31875 0.45703125 0.09990234375 0.2390625
25 0.03125 0.453125 0.0625 0.2373046875
25 0.046875 0.74375 0.09365234375 0.24375
25 0.1421875 0.75 0.096875 0.24375
25 0.11171875 0.4546875 0.096875 0.24052734375
25 0.23828125 0.75 0.096875 0.24375
25 0.21484375 0.45546875 0.103125 0.2390625
25 0.3328125 0.7515625 0.09697265625 0.240625
25 0.328125 0.1453125 0.10009765625 0.23427734375
25 0.22734375 0.14453125 0.1015625 0.2328125
25 0.1265625 0.14296875 0.1029296875 0.2359375