25 0.771875 0.69921875 0.09375 0.3796875
25 0.86796875 0.6984375 0.0984375 0.378125
25 0.02421875 0.19921875 0.0484375 0.271875
25 0.084375 0.19921875 0.06884765625 0.2765625
25 0.15390625 0.196875 0.0703125 0.28115234375
25 0.2234375 0.20078125 0.0658203125 0.271875
25 0.290625 0.20078125 0.06865234375 0.2765625
25 0.3578125 0.203125 0.06572265625 0.275
25 0.42578125 0.2015625 0.0671875 0.2779296875
25 0.49296875 0.2015625 0.0671875 0.27802734375
25 0.56015625 0.2015625 0.0671875 0.2779296875
25 0.62890625 0.2015625 0.0671875 0.27802734375
25 0.696875 0.2015625 0.06865234375 0.275
25 0.7640625 0.20078125 0.06572265625 0.2765625
25 0.8328125 0.2015625 0.06572265625 0.275
25 0.90234375 0.1984375 0.0703125 0.275
25 0.03515625 0.703125 0.0703125 0.3875
25 0.12109375 0.6984375 0.103125 0.3875
25 0.2203125 0.696875 0.09375 0.3875
25 0.31484375 0.6984375 0.0953125 0.38427734375
25 0.40859375 0.6984375 0.0921875 0.384375
25 0.49765625 0.69609375 0.0921875 0.3828125
25 0.5875 0.696875 0.090625 0.38115234375
25 0.67890625 0.69921875 0.090625 0.378125