26 0.31640625 0.66953125 0.2796875 0.075
26 0.06875 0.68125 0.1375 0.071875
26 0.0421875 0.7171875 0.084375 0.065625
26 0.2046875 0.6984375 0.196875 0.0625
26 0.10234375 0.63828125 0.2046875 0.0828125
26 0.109375 0.38125 0.16884765625 0.08134765625
26 0.93515625 0.15 0.128125 0.14990234375
26 0.89921875 0.1078125 0.196875 0.14697265625
26 0.79296875 0.0828125 0.1828125 0.13125
26 0.68125 0.05546875 0.17490234375 0.1015625
26 0.5578125 0.03515625 0.1470703125 0.0703125
26 0.5015625 0.0625 0.18125 0.125
26 0.421875 0.103125 0.16240234375 0.11875
26 0.31640625 0.05625 0.1609375 0.1125
26 0.38203125 0.0375 0.159375 0.075
26 0.209375 0.0359375 0.13125 0.07177734375
26 0.603125 0.11171875 0.146875 0.0890625
26 0.865625 0.21484375 0.13125 0.0734375
26 0.70078125 0.13359375 0.146875 0.0890625
26 0.78984375 0.171875 0.146875 0.08759765625
26 0.93984375 0.4078125 0.11875 0.1091796875
26 0.9078125 0.321875 0.109375 0.08740234375
26 0.84140625 0.3109375 0.084375 0.0720703125
26 0.6265625 0.88203125 0.17177734375 0.059375
26 0.65859375 0.8484375 0.1703125 0.059375
26 0.6890625 0.81953125 0.121875 0.0390625
26 0.7515625 0.790625 0.16552734375 0.05625
26 0.765625 0.75859375 0.11259765625 0.0421875
26 0.46875 0.84609375 0.228125 0.0703125
26 0.51171875 0.8140625 0.15 0.04375
26 0.57421875 0.7828125 0.196875 0.0654296875
26 0.6109375 0.7453125 0.1341796875 0.04375
26 0.2609375 0.4375 0.29677734375 0.09990234375
26 0.584375 0.50703125 0.23740234375 0.075
26 0.73203125 0.5578125 0.1453125 0.05625
26 0.4984375 0.3078125 0.259375 0.1033203125
26 0.25390625 0.2390625 0.2890625 0.125