26 0.634375 0.6921875 0.28759765625 0.059375
26 0.896875 0.74609375 0.1626953125 0.0578125
26 0.91484375 0.7875 0.1203125 0.05625
26 0.73671875 0.7390625 0.2015625 0.05302734375
26 0.875 0.69609375 0.21865234375 0.065625
26 0.946875 0.42421875 0.103125 0.0765625
26 0.19921875 0.06875 0.1796875 0.1373046875
26 0.28984375 0.0515625 0.1765625 0.103125
26 0.41015625 0.0421875 0.1640625 0.084375
26 0.53671875 0.02734375 0.1609375 0.0546875
26 0.67578125 0.01953125 0.1390625 0.034375
26 0.72265625 0.05390625 0.1609375 0.0984375
26 0.78515625 0.09375 0.1453125 0.115625
26 0.91484375 0.0640625 0.1453125 0.1091796875
26 0.8578125 0.03828125 0.140625 0.059375
26 0.99140625 0.0515625 0.0140625 0.075
26 0.59375 0.0765625 0.13759765625 0.08447265625
26 0.2765625 0.1453125 0.125 0.06875
26 0.4828125 0.08515625 0.1375 0.0859375
26 0.3734375 0.11171875 0.14052734375 0.084375
26 0.103125 0.33203125 0.11865234375 0.1078125
26 0.18515625 0.25 0.096875 0.0875
26 0.25859375 0.24765625 0.071875 0.075
26 0.21875 0.86640625 0.17490234375 0.05
26 0.20078125 0.828125 0.1734375 0.05
26 0.1828125 0.79296875 0.125 0.034375
26 0.13125 0.75625 0.16865234375 0.046875
26 0.13125 0.71875 0.115625 0.03740234375
26 0.39765625 0.853125 0.2328125 0.05634765625
26 0.36796875 0.8140625 0.1546875 0.03447265625
26 0.3171875 0.771875 0.2 0.05615234375
26 0.2984375 0.728125 0.134375 0.0375
26 0.79921875 0.46171875 0.3 0.0828125
26 0.4328125 0.48671875 0.240625 0.0625
26 0.25859375 0.5171875 0.1453125 0.0529296875
26 0.61328125 0.29453125 0.2578125 0.09375
26 0.8765625 0.25859375 0.24677734375 0.1140625