26 0.6515625 0.3125 0.2783203125 0.0685546875
26 0.9171875 0.2875 0.165625 0.0626953125
26 0.9421875 0.25 0.1154296875 0.0623046875
26 0.76171875 0.27734375 0.196875 0.05625
26 0.8859375 0.3328125 0.2279296875 0.075
26 0.9015625 0.59609375 0.17197265625 0.08125
26 0.07421875 0.8640625 0.1484375 0.1466796875
26 0.13203125 0.90390625 0.1859375 0.1453125
26 0.24296875 0.92578125 0.1734375 0.1296875
26 0.3609375 0.9484375 0.165625 0.09697265625
26 0.48828125 0.96484375 0.14375 0.06875
26 0.5421875 0.93515625 0.17177734375 0.1265625
26 0.61640625 0.8890625 0.1515625 0.115625
26 0.728125 0.93359375 0.1501953125 0.115625
26 0.665625 0.95859375 0.15 0.0828125
26 0.84609375 0.9578125 0.1296875 0.084375
26 0.43125 0.88828125 0.140625 0.0875
26 0.15234375 0.79296875 0.1265625 0.071875
26 0.3296875 0.8703125 0.140625 0.0875
26 0.234375 0.834375 0.140625 0.0875
26 0.053125 0.60234375 0.10625 0.1078125
26 0.09765625 0.6875 0.103125 0.08740234375
26 0.165625 0.69453125 0.0751953125 0.0734375
26 0.3109375 0.1078125 0.17177734375 0.053125
26 0.2828125 0.14296875 0.1716796875 0.053125
26 0.25625 0.17421875 0.12490234375 0.0359375
26 0.19609375 0.20546875 0.1625 0.0515625
26 0.1859375 0.2390625 0.1154296875 0.0404296875
26 0.47578125 0.13828125 0.228125 0.0625
26 0.4359375 0.1734375 0.15 0.040625
26 0.3765625 0.2078125 0.19677734375 0.059375
26 0.3453125 0.24609375 0.13427734375 0.040625
26 0.73828125 0.54453125 0.2953125 0.090625
26 0.4015625 0.48671875 0.23447265625 0.06875
26 0.2453125 0.4421875 0.14375 0.053125
26 0.5140625 0.68515625 0.25322265625 0.0984375
26 0.7703125 0.7453125 0.284375 0.11572265625