25 0.91328125 0.76171875 0.103125 0.240625
25 0.040625 0.30625 0.0810546875 0.2251953125
25 0.12734375 0.303125 0.090625 0.22509765625
25 0.22265625 0.29921875 0.1015625 0.2234375
25 0.3390625 0.30390625 0.103125 0.221875
25 0.4328125 0.33671875 0.0841796875 0.1609375
25 0.51796875 0.33671875 0.0875 0.16875
25 0.603125 0.31875 0.084375 0.19384765625
25 0.7046875 0.2953125 0.10625 0.23125
25 0.80625 0.29453125 0.096875 0.23125
25 0.90234375 0.290625 0.096875 0.23125
25 0.03984375 0.53515625 0.0796875 0.2265625
25 0.125 0.5296875 0.09365234375 0.22802734375
25 0.22265625 0.525 0.1015625 0.2251953125
25 0.33046875 0.5296875 0.0953125 0.22802734375
25 0.428125 0.53125 0.096875 0.22509765625
25 0.52265625 0.53125 0.09375 0.221875
25 0.61640625 0.5296875 0.09375 0.221875
25 0.7125 0.525 0.09990234375 0.221875
25 0.81015625 0.525 0.0984375 0.22509765625
25 0.9078125 0.52421875 0.096875 0.23125
25 0.03828125 0.7671875 0.0765625 0.23447265625
25 0.1234375 0.7671875 0.09375 0.24375
25 0.22265625 0.76953125 0.103125 0.24375
25 0.3296875 0.7640625 0.09677734375 0.23447265625
25 0.42421875 0.7640625 0.096875 0.240625
25 0.521875 0.76171875 0.096875 0.2359375
25 0.61640625 0.7609375 0.096875 0.240625
25 0.71484375 0.7640625 0.0984375 0.2466796875
25 0.8140625 0.76328125 0.09697265625 0.2453125