25 0.6109375 0.29921875 0.07802734375 0.18125
25 0.959375 0.85234375 0.07509765625 0.1859375
25 0.88125 0.8546875 0.08115234375 0.1875
25 0.8015625 0.8546875 0.08427734375 0.1875
25 0.7234375 0.85078125 0.0783203125 0.1796875
25 0.6453125 0.8546875 0.07822265625 0.17822265625
25 0.56875 0.85078125 0.0810546875 0.1796875
25 0.49296875 0.85078125 0.075 0.184375
25 0.9578125 0.66328125 0.08427734375 0.1953125
25 0.87890625 0.66484375 0.0765625 0.190625
25 0.80078125 0.6625 0.0828125 0.19384765625
25 0.72109375 0.66328125 0.0796875 0.1953125
25 0.64453125 0.66484375 0.0765625 0.1953125
25 0.56875 0.66484375 0.075 0.190625
25 0.4953125 0.66328125 0.075 0.190625
25 0.41796875 0.853125 0.0765625 0.178125
25 0.33984375 0.8546875 0.0765625 0.1841796875
25 0.26953125 0.85234375 0.0703125 0.1765625
25 0.19609375 0.8484375 0.0765625 0.18125
25 0.11640625 0.85 0.0796875 0.18125
25 0.03984375 0.85546875 0.0796875 0.1828125
25 0.41796875 0.6671875 0.0765625 0.190625
25 0.34140625 0.6671875 0.0765625 0.190625
25 0.26796875 0.665625 0.0703125 0.190625
25 0.19609375 0.66484375 0.0765625 0.190625
25 0.11796875 0.6671875 0.0796875 0.190625
25 0.03984375 0.66796875 0.0796875 0.190625
25 0.9359375 0.290625 0.07822265625 0.18759765625
25 0.8546875 0.2953125 0.084375 0.19052734375
25 0.76953125 0.29453125 0.084375 0.1890625
25 0.6890625 0.296875 0.08427734375 0.18125
25 0.53359375 0.30078125 0.075 0.178125
25 0.459375 0.3015625 0.0751953125 0.178125
25 0.384375 0.303125 0.075 0.17509765625
25 0.61171875 0.11640625 0.075 0.1765625
25 0.5375 0.11875 0.07509765625 0.178125
25 0.46171875 0.1203125 0.0765625 0.178125
25 0.3859375 0.12265625 0.07802734375 0.178125
25 0.30859375 0.12265625 0.0765625 0.18125
25 0.23828125 0.13125 0.0703125 0.178125
25 0.16328125 0.1296875 0.0796875 0.18125
25 0.0890625 0.12890625 0.075 0.18125
25 0.0265625 0.1265625 0.053125 0.18125
25 0.6875 0.115625 0.08115234375 0.17509765625
25 0.76953125 0.1078125 0.0828125 0.178125
25 0.85078125 0.10703125 0.0828125 0.1828125
25 0.93046875 0.1046875 0.0828125 0.18125
25 0.025 0.3046875 0.05 0.18125
25 0.08671875 0.2984375 0.071875 0.18125
25 0.1609375 0.30625 0.0783203125 0.1689453125
25 0.2359375 0.3078125 0.07177734375 0.17197265625
25 0.3078125 0.30390625 0.075 0.1765625