25 0.5890625 0.36796875 0.04677734375 0.2
25 0.23828125 0.58515625 0.0390625 0.1703125
25 0.3171875 0.59609375 0.04375 0.1875
25 0.53984375 0.609375 0.0484375 0.20009765625
25 0.58515625 0.615625 0.0484375 0.20009765625
25 0.6296875 0.6078125 0.040625 0.19677734375
25 0.6734375 0.609375 0.04375 0.2
25 0.7203125 0.6109375 0.04677734375 0.2
25 0.13125 0.8390625 0.04990234375 0.19677734375
25 0.18046875 0.83984375 0.0515625 0.1875
25 0.27734375 0.85234375 0.0484375 0.178125
25 0.31953125 0.85546875 0.0359375 0.1421875
25 0.3609375 0.8609375 0.04677734375 0.15625
25 0.40625 0.84375 0.04384765625 0.19384765625
25 0.4515625 0.8421875 0.04677734375 0.19677734375
25 0.49765625 0.8421875 0.0453125 0.1966796875
25 0.1203125 0.61796875 0.05302734375 0.1953125
25 0.06953125 0.6203125 0.0484375 0.19677734375
25 0.9734375 0.3640625 0.05302734375 0.2125
25 0.9265625 0.3640625 0.04677734375 0.2125
25 0.87890625 0.365625 0.0453125 0.2125
25 0.83203125 0.3640625 0.0453125 0.2125
25 0.77734375 0.3640625 0.053125 0.2125
25 0.71875 0.365625 0.03759765625 0.1875
25 0.678125 0.36796875 0.040625 0.196875
25 0.634375 0.36796875 0.04375 0.2
25 0.54296875 0.36796875 0.0453125 0.2
25 0.49296875 0.36171875 0.0484375 0.2140625
25 0.44375 0.36171875 0.05009765625 0.2171875
25 0.3921875 0.3609375 0.05302734375 0.21572265625
25 0.3421875 0.3609375 0.04697265625 0.21572265625
25 0.29296875 0.3609375 0.053125 0.21572265625
25 0.24296875 0.36328125 0.0515625 0.2015625
25 0.1984375 0.3609375 0.04052734375 0.19677734375
25 0.15625 0.3609375 0.0439453125 0.1908203125
25 0.34375 0.1 0.04990234375 0.2
25 0.2984375 0.0984375 0.04697265625 0.196875
25 0.18125 0.59609375 0.05009765625 0.1921875