25 0.2875 0.8859375 0.0685546875 0.1466796875
25 0.303125 0.6578125 0.08115234375 0.28447265625
25 0.384375 0.67890625 0.084375 0.2859375
25 0.4734375 0.70703125 0.1029296875 0.2953125
25 0.5765625 0.74296875 0.10625 0.30625
25 0.6875 0.77421875 0.115625 0.3078125
25 0.8109375 0.80859375 0.1375 0.29375
25 0.5359375 0.25703125 0.12197265625 0.503125
25 0.11171875 0.21640625 0.084375 0.4
25 0.30859375 0.23046875 0.1109375 0.4375
25 0.41796875 0.23828125 0.1109375 0.4640625
25 0.203125 0.23203125 0.103125 0.4375
25 0.671875 0.27421875 0.15 0.540625
25 0.8453125 0.29296875 0.2 0.5796875
25 0.2234375 0.63359375 0.07822265625 0.2796875