25 0.8765625 0.63828125 0.128125 0.0703125
25 0.04921875 0.07421875 0.0359375 0.1328125
25 0.22265625 0.39453125 0.1296875 0.075
25 0.35234375 0.39296875 0.128125 0.075
25 0.74375 0.640625 0.128125 0.0689453125
25 0.48203125 0.39453125 0.128125 0.075
25 0.6078125 0.390625 0.128125 0.075
25 0.73828125 0.39296875 0.1328125 0.075
25 0.87109375 0.3921875 0.1328125 0.075
25 0.21875 0.4671875 0.13115234375 0.071875
25 0.3484375 0.46640625 0.128125 0.071875
25 0.4796875 0.46875 0.128125 0.06884765625
25 0.61171875 0.46484375 0.1296875 0.0703125
25 0.740625 0.46640625 0.13115234375 0.071875
25 0.8703125 0.46484375 0.12822265625 0.075
25 0.09140625 0.56953125 0.125 0.0703125
25 0.09140625 0.64296875 0.1203125 0.0671875
25 0.21640625 0.56875 0.125 0.06884765625
25 0.3484375 0.56953125 0.13125 0.0703125
25 0.22109375 0.6421875 0.128125 0.07177734375
25 0.35 0.6390625 0.128125 0.06572265625
25 0.74375 0.56875 0.1375 0.075
25 0.87265625 0.5671875 0.128125 0.075
25 0.96171875 0.80625 0.075 0.06865234375
25 0.85546875 0.80625 0.125 0.06865234375
25 0.728125 0.80859375 0.121875 0.071875
25 0.6 0.80546875 0.121875 0.071875
25 0.47734375 0.80390625 0.1234375 0.0671875
25 0.96171875 0.73671875 0.075 0.0703125
25 0.85546875 0.73671875 0.1234375 0.0671875
25 0.72578125 0.73671875 0.121875 0.0671875
25 0.5984375 0.73671875 0.1216796875 0.0671875
25 0.47578125 0.73671875 0.11875 0.0671875
25 0.36875 0.803125 0.07509765625 0.075
25 0.37265625 0.7328125 0.075 0.059375
25 0.2875 0.8015625 0.08115234375 0.07177734375
25 0.2921875 0.734375 0.0783203125 0.05625
25 0.20703125 0.80625 0.071875 0.05625