25 0.11875 0.790625 0.06240234375 0.31240234375
25 0.27890625 0.125 0.053125 0.15615234375
25 0.58046875 0.78359375 0.04375 0.1375
25 0.67890625 0.77890625 0.04375 0.153125
25 0.73046875 0.7796875 0.04375 0.15322265625
25 0.83671875 0.77734375 0.04375 0.15625
25 0.33046875 0.125 0.0515625 0.15615234375
25 0.28125 0.2765625 0.05009765625 0.14677734375
25 0.33046875 0.275 0.0515625 0.14384765625
25 0.2828125 0.4234375 0.05302734375 0.146875
25 0.33203125 0.421875 0.0515625 0.146875
25 0.38125 0.275 0.05009765625 0.146875
25 0.38203125 0.4234375 0.0515625 0.146875
25 0.4328125 0.27421875 0.05302734375 0.146875
25 0.43125 0.4234375 0.05009765625 0.146875
25 0.48046875 0.125 0.0515625 0.146875
25 0.5328125 0.125 0.05302734375 0.146875
25 0.48203125 0.271875 0.0515625 0.146875
25 0.53125 0.27265625 0.05009765625 0.146875
25 0.5828125 0.275 0.05302734375 0.146875
25 0.63359375 0.27421875 0.0515625 0.146875
25 0.484375 0.4234375 0.05009765625 0.146875
25 0.5328125 0.42421875 0.05302734375 0.146875
25 0.5828125 0.4234375 0.05302734375 0.146875
25 0.63359375 0.42421875 0.0515625 0.146875
25 0.646875 0.06953125 0.04375 0.125
25 0.69140625 0.06953125 0.04375 0.125
25 0.69140625 0.1921875 0.04375 0.12197265625
25 0.6828125 0.42421875 0.05302734375 0.153125
25 0.7359375 0.42421875 0.053125 0.159375
25 0.7859375 0.271875 0.05625 0.1560546875
25 0.78828125 0.42421875 0.0546875 0.153125
25 0.84140625 0.27265625 0.05625 0.15
25 0.84140625 0.421875 0.0484375 0.15009765625
25 0.89453125 0.42421875 0.0578125 0.1515625
25 0.896875 0.2703125 0.05634765625 0.15302734375
25 0.89765625 0.11875 0.0578125 0.153125
25 0.953125 0.11640625 0.053125 0.1546875
25 0.9515625 0.26953125 0.053125 0.1546875
25 0.94921875 0.4203125 0.053125 0.1533203125
25 0.0203125 0.790625 0.0404296875 0.3064453125
25 0.06484375 0.78984375 0.0515625 0.3125
25 0.178125 0.79453125 0.0564453125 0.30625
25 0.23828125 0.79453125 0.0578125 0.30625