25 0.546875 0.41328125 0.065625 0.275
25 0.61171875 0.4125 0.065625 0.271875
25 0.67421875 0.41484375 0.0625 0.271875
25 0.73671875 0.415625 0.065625 0.26884765625
25 0.80078125 0.41484375 0.065625 0.2671875
25 0.115625 0.7515625 0.065625 0.2716796875
25 0.18046875 0.7671875 0.0640625 0.2970703125
25 0.24375 0.76328125 0.065625 0.2984375
25 0.30859375 0.771875 0.0625 0.28115234375
25 0.37265625 0.76953125 0.0640625 0.2671875
25 0.43359375 0.76953125 0.0609375 0.2671875
25 0.49375 0.7640625 0.06240234375 0.27177734375
25 0.55390625 0.7671875 0.059375 0.27177734375
25 0.61328125 0.765625 0.0609375 0.26884765625
25 0.1390625 0.40859375 0.065625 0.2671875
25 0.2046875 0.4109375 0.065625 0.2625
25 0.28828125 0.41015625 0.065625 0.2796875
25 0.3546875 0.41015625 0.065625 0.2796875
25 0.41953125 0.4109375 0.0640625 0.27802734375
25 0.484375 0.41328125 0.065625 0.275