25 0.0484375 0.83046875 0.09072265625 0.190625
25 0.9328125 0.125 0.05947265625 0.209375
25 0.8765625 0.12734375 0.05625 0.209375
25 0.821875 0.1296875 0.05625 0.209375
25 0.7671875 0.1359375 0.05625 0.20927734375
25 0.71015625 0.134375 0.0546875 0.20634765625
25 0.65625 0.13828125 0.053125 0.2015625
25 0.603125 0.13125 0.053125 0.20009765625
25 0.55078125 0.12734375 0.053125 0.2015625
25 0.50234375 0.14921875 0.0390625 0.1734375
25 0.459375 0.146875 0.0501953125 0.18125
25 0.40390625 0.14765625 0.0578125 0.18125
25 0.334375 0.13203125 0.0560546875 0.2046875
25 0.2765625 0.13125 0.05927734375 0.20615234375
25 0.16796875 0.12890625 0.0609375 0.2046875
25 0.11171875 0.125 0.0578125 0.20615234375
25 0.04921875 0.1234375 0.0609375 0.20322265625
25 0.93515625 0.334375 0.0609375 0.209375
25 0.8765625 0.33046875 0.05625 0.196875
25 0.82109375 0.33203125 0.05625 0.196875
25 0.7640625 0.33203125 0.05625 0.1875
25 0.71015625 0.33203125 0.0546875 0.1875
25 0.65625 0.3328125 0.053125 0.18447265625
25 0.6046875 0.3296875 0.053125 0.1904296875
25 0.55078125 0.328125 0.05625 0.19384765625
25 0.4953125 0.33046875 0.05625 0.190625
25 0.44140625 0.33046875 0.05625 0.190625
25 0.33515625 0.33046875 0.053125 0.1875
25 0.38671875 0.33203125 0.053125 0.190625
25 0.28125 0.33046875 0.053125 0.1875
25 0.16796875 0.33046875 0.0609375 0.2
25 0.1109375 0.328125 0.053125 0.2
25 0.04921875 0.328125 0.0625 0.20615234375
25 0.7875 0.63671875 0.10009765625 0.1953125
25 0.67890625 0.6390625 0.10625 0.19677734375
25 0.571875 0.63828125 0.10625 0.1921875
25 0.46640625 0.6359375 0.10625 0.19677734375
25 0.3609375 0.6359375 0.10625 0.196875
25 0.25390625 0.634375 0.10625 0.196875
25 0.78828125 0.834375 0.10625 0.1939453125
25 0.68046875 0.8328125 0.10625 0.190625
25 0.5734375 0.8328125 0.10625 0.190625
25 0.46875 0.83203125 0.10625 0.190625
25 0.36171875 0.83203125 0.10625 0.1953125
25 0.2546875 0.83046875 0.10625 0.190625
25 0.14453125 0.63828125 0.10625 0.1953125
25 0.046875 0.6390625 0.0935546875 0.196875
25 0.146875 0.834375 0.10625 0.190625