25 0.93125 0.36328125 0.06240234375 0.3109375
25 0.3765625 0.35234375 0.05927734375 0.3015625
25 0.4328125 0.35234375 0.05625 0.3078125
25 0.48671875 0.353125 0.0578125 0.30634765625
25 0.54453125 0.353125 0.0578125 0.31240234375
25 0.6 0.3578125 0.05625 0.3091796875
25 0.6546875 0.359375 0.05927734375 0.31240234375
25 0.71015625 0.36328125 0.053125 0.30625
25 0.765625 0.36328125 0.05634765625 0.3109375
25 0.81953125 0.365625 0.053125 0.30625
25 0.8734375 0.36640625 0.05625 0.303125
25 0.015625 0.68515625 0.03125 0.2890625
25 0.05390625 0.6859375 0.0453125 0.290625
25 0.0984375 0.6875 0.04677734375 0.290625
25 0.14296875 0.68984375 0.04375 0.2890625
25 0.1859375 0.68984375 0.04375 0.290625
25 0.23046875 0.68984375 0.0453125 0.290625
25 0.275 0.69140625 0.04384765625 0.29375
25 0.321875 0.6921875 0.04990234375 0.29375
25 0.37109375 0.6921875 0.0484375 0.29697265625
25 0.4171875 0.69453125 0.0466796875 0.2984375
25 0.46171875 0.69453125 0.0453125 0.29375
25 0.50859375 0.696875 0.0484375 0.2939453125
25 0.55546875 0.70078125 0.0484375 0.2953125
25 0.60078125 0.7015625 0.0453125 0.29697265625
25 0.64765625 0.7015625 0.0453125 0.29677734375
25 0.69375 0.7015625 0.04990234375 0.29677734375
25 0.7390625 0.703125 0.04375 0.29375
25 0.78515625 0.70546875 0.0453125 0.2953125
25 0.8328125 0.70546875 0.0470703125 0.29375
25 0.87734375 0.70546875 0.0453125 0.29375
25 0.9234375 0.70703125 0.04677734375 0.2953125
25 0.96875 0.7078125 0.04384765625 0.29697265625