25 0.1734375 0.0875 0.04677734375 0.16875
25 0.271875 0.0875 0.04384765625 0.16875
25 0.31875 0.09140625 0.04384765625 0.16875
25 0.365625 0.0921875 0.04384765625 0.16875
25 0.4125 0.0953125 0.04384765625 0.16875
25 0.46015625 0.0953125 0.0453125 0.16875
25 0.0375 0.2453125 0.0439453125 0.15
25 0.08203125 0.24609375 0.0453125 0.146875
25 0.12890625 0.24609375 0.0453125 0.146875
25 0.17890625 0.2484375 0.0515625 0.15
25 0.22734375 0.2515625 0.0484375 0.15322265625
25 0.27421875 0.25 0.0484375 0.159375
25 0.32109375 0.25390625 0.0453125 0.1546875
25 0.36796875 0.25390625 0.0484375 0.1546875
25 0.41328125 0.25625 0.0484375 0.15009765625
25 0.46171875 0.25703125 0.0484375 0.1546875
25 0.50703125 0.25703125 0.0484375 0.1546875
25 0.37734375 0.4859375 0.0484375 0.2
25 0.6046875 0.49296875 0.05302734375 0.2046875
25 0.4234375 0.48671875 0.0470703125 0.2
25 0.46875 0.48828125 0.04990234375 0.196875
25 0.74375 0.4890625 0.03740234375 0.19375
25 0.7015625 0.49375 0.0529296875 0.2060546875
25 0.65234375 0.4953125 0.0515625 0.20322265625
25 0.7875 0.49296875 0.05009765625 0.2046875
25 0.83671875 0.490625 0.0484375 0.20615234375
25 0.8859375 0.49140625 0.04697265625 0.2046875
25 0.9328125 0.49140625 0.04677734375 0.2046875
25 0.97734375 0.4890625 0.04375 0.2
25 0.04453125 0.7703125 0.0703125 0.2845703125
25 0.115625 0.77421875 0.071875 0.2859375
25 0.34140625 0.7546875 0.0640625 0.23427734375
25 0.4078125 0.7515625 0.05947265625 0.21875
25 0.53828125 0.78984375 0.065625 0.29375
25 0.60546875 0.79296875 0.065625 0.2953125
25 0.6734375 0.79296875 0.065625 0.2953125
25 0.7390625 0.79453125 0.06572265625 0.2953125
25 0.8109375 0.7953125 0.06572265625 0.29677734375
25 0.87890625 0.7921875 0.0671875 0.28447265625
25 0.9515625 0.803125 0.075 0.3001953125
25 0.275 0.75234375 0.06259765625 0.2328125
25 0.03515625 0.08671875 0.0453125 0.16875
25 0.08046875 0.08515625 0.0453125 0.16875
25 0.12734375 0.0890625 0.0453125 0.16875
25 0.2234375 0.0875 0.0529296875 0.16875