25 0.165625 0.32578125 0.17509765625 0.21875
25 0.3328125 0.328125 0.15625 0.19384765625
25 0.4859375 0.3421875 0.15 0.1875
25 0.15859375 0.5328125 0.1703125 0.2
25 0.33046875 0.5296875 0.16875 0.20927734375
25 0.4859375 0.53359375 0.15302734375 0.196875
25 0.15234375 0.73828125 0.1734375 0.2046875
25 0.32421875 0.73046875 0.165625 0.2
25 0.48203125 0.72578125 0.1515625 0.1875
25 0.640625 0.35546875 0.13134765625 0.1828125
25 0.6296875 0.5359375 0.14052734375 0.17822265625
25 0.6296875 0.71484375 0.1408203125 0.18125
25 0.76328125 0.53359375 0.1296875 0.1703125
25 0.7640625 0.7078125 0.13427734375 0.17177734375
25 0.8859375 0.69921875 0.11552734375 0.165625
25 0.7640625 0.36796875 0.115625 0.165625
25 0.88125 0.37109375 0.115625 0.1703125
25 0.884375 0.5375 0.115625 0.159375