25 0.5359375 0.071875 0.04677734375 0.134375
25 0.47109375 0.634375 0.04375 0.16259765625
25 0.428125 0.634375 0.04375 0.16240234375
25 0.38359375 0.6359375 0.0453125 0.16552734375
25 0.3375 0.63671875 0.04384765625 0.1640625
25 0.2921875 0.63671875 0.04677734375 0.1640625
25 0.24609375 0.63671875 0.0453125 0.1640625
25 0.2015625 0.63359375 0.04375 0.1640625
25 0.1609375 0.63671875 0.04375 0.159375
25 0.61328125 0.41953125 0.04375 0.1578125
25 0.6578125 0.41796875 0.04375 0.159375
25 0.021875 0.6359375 0.04375 0.15947265625
25 0.0671875 0.63359375 0.05302734375 0.1640625
25 0.4828125 0.41484375 0.04677734375 0.1609375
25 0.0203125 0.41015625 0.040625 0.1609375
25 0.0625 0.4109375 0.0439453125 0.1595703125
25 0.1078125 0.4109375 0.04697265625 0.15947265625
25 0.1546875 0.4109375 0.04697265625 0.15947265625
25 0.19921875 0.4109375 0.04375 0.15947265625
25 0.24375 0.4109375 0.04384765625 0.15947265625
25 0.2921875 0.4125 0.04697265625 0.15625
25 0.34765625 0.4125 0.0453125 0.16240234375
25 0.39296875 0.41328125 0.0453125 0.1609375
25 0.115625 0.63671875 0.04990234375 0.1640625
25 0.4359375 0.41484375 0.04677734375 0.1609375
25 0.7875 0.20546875 0.0498046875 0.1328125
25 0.73828125 0.20703125 0.0515625 0.1328125
25 0.6890625 0.2046875 0.05302734375 0.128125
25 0.63671875 0.20703125 0.0515625 0.128125
25 0.58671875 0.20546875 0.0515625 0.128125
25 0.5359375 0.20703125 0.05302734375 0.128125
25 0.78828125 0.07421875 0.0515625 0.128125
25 0.7390625 0.071875 0.0529296875 0.128125
25 0.68515625 0.07578125 0.0515625 0.128125
25 0.6359375 0.0765625 0.05302734375 0.13427734375
25 0.58671875 0.071875 0.053125 0.134375