25 0.69375 0.2859375 0.04990234375 0.15322265625
25 0.74140625 0.2875 0.0484375 0.15009765625
25 0.7875 0.28828125 0.04384765625 0.1515625
25 0.834375 0.28828125 0.04990234375 0.1515625
25 0.8796875 0.28984375 0.0466796875 0.15
25 0.9265625 0.290625 0.04697265625 0.15009765625
25 0.96875 0.290625 0.0373046875 0.1376953125
25 0.62890625 0.1046875 0.0453125 0.15
25 0.6765625 0.10546875 0.04697265625 0.15
25 0.13671875 0.41328125 0.096875 0.053125
25 0.771875 0.1078125 0.04384765625 0.15
25 0.8140625 0.115625 0.04052734375 0.134375
25 0.875 0.1109375 0.05009765625 0.15
25 0.92421875 0.11171875 0.0484375 0.146875
25 0.9734375 0.11171875 0.04697265625 0.146875
25 0.0453125 0.46640625 0.0904296875 0.05625
25 0.04453125 0.4109375 0.0890625 0.05322265625
25 0.13828125 0.4671875 0.096875 0.05625
25 0.725 0.10546875 0.04990234375 0.15
25 0.2359375 0.4671875 0.09697265625 0.053125
25 0.2359375 0.41328125 0.0970703125 0.05625
25 0.3328125 0.4671875 0.096875 0.05625
25 0.33203125 0.41328125 0.0984375 0.053125
25 0.63125 0.41484375 0.10009765625 0.0546875
25 0.7125 0.4109375 0.065625 0.04697265625
25 0.63125 0.4703125 0.096875 0.053125
25 0.73203125 0.46484375 0.103125 0.0625
25 0.8375 0.47109375 0.10625 0.053125
25 0.83203125 0.415625 0.1109375 0.05634765625
25 0.9171875 0.4625 0.0716796875 0.0501953125
25 0.90859375 0.41328125 0.0828125 0.053125
25 0.975 0.4703125 0.04384765625 0.05947265625
25 0.9734375 0.4171875 0.04697265625 0.05947265625
25 0.021875 0.2765625 0.04375 0.15302734375
25 0.06640625 0.2796875 0.0484375 0.15625
25 0.11640625 0.275 0.0484375 0.15009765625
25 0.16484375 0.28125 0.0515625 0.15625
25 0.2140625 0.28125 0.05302734375 0.15615234375
25 0.26171875 0.2828125 0.0515625 0.15322265625
25 0.31015625 0.28359375 0.0484375 0.1546875
25 0.359375 0.28359375 0.04990234375 0.15625
25 0.4078125 0.28359375 0.05302734375 0.1546875
25 0.45546875 0.28125 0.0484375 0.15
25 0.50234375 0.28515625 0.0484375 0.1546875
25 0.55078125 0.28515625 0.0484375 0.1546875
25 0.5984375 0.28359375 0.04697265625 0.1546875
25 0.646875 0.2859375 0.05009765625 0.15322265625