26 0.25390625 0.92421875 0.4171875 0.103125
26 0.26796875 0.85 0.2953125 0.08134765625
26 0.25625 0.9734375 0.428125 0.05302734375
26 0.646875 0.9546875 0.365625 0.08427734375
26 0.65390625 0.8859375 0.3375 0.07802734375
26 0.64453125 0.82421875 0.2421875 0.05625
26 0.9078125 0.87109375 0.18427734375 0.0703125
26 0.9421875 0.81484375 0.1154296875 0.0609375
26 0.25 0.50703125 0.325 0.0984375
26 0.5953125 0.515625 0.284375 0.078125
26 0.5828125 0.459375 0.26875 0.071875
26 0.55859375 0.58046875 0.2078125 0.059375
26 0.87890625 0.56484375 0.2234375 0.0671875
26 0.86796875 0.5203125 0.2421875 0.059375
26 0.225 0.16796875 0.31240234375 0.121875
26 0.1875 0.28828125 0.309375 0.1078125