25 0.36796875 0.75859375 0.0515625 0.23125
25 0.0203125 0.10703125 0.04052734375 0.0875
25 0.0609375 0.1046875 0.0404296875 0.0875
25 0.1046875 0.1078125 0.04375 0.084375
25 0.1453125 0.1109375 0.03447265625 0.084375
25 0.18359375 0.11171875 0.0390625 0.084375
25 0.22109375 0.11328125 0.0359375 0.0875
25 0.02421875 0.19453125 0.040625 0.0875
25 0.0625 0.19375 0.03759765625 0.0875
25 0.10546875 0.19375 0.04375 0.08134765625
25 0.146875 0.19609375 0.0373046875 0.084375
25 0.18515625 0.19609375 0.0390625 0.084375
25 0.2234375 0.19921875 0.0345703125 0.0828125
25 0.259375 0.1546875 0.03759765625 0.17177734375
25 0.2984375 0.15859375 0.03447265625 0.165625
25 0.334375 0.1546875 0.03740234375 0.17177734375
25 0.37265625 0.15859375 0.0359375 0.1703125
25 0.41015625 0.1578125 0.0390625 0.17197265625
25 0.446875 0.15859375 0.0373046875 0.1734375
25 0.4859375 0.15859375 0.040625 0.1734375
25 0.52734375 0.1625 0.0359375 0.17490234375
25 0.5671875 0.16328125 0.04052734375 0.1703125
25 0.60546875 0.16484375 0.0359375 0.1703125
25 0.64296875 0.165625 0.0359375 0.16875
25 0.68046875 0.165625 0.0390625 0.16884765625
25 0.71875 0.1671875 0.03740234375 0.17177734375
25 0.7546875 0.16796875 0.04052734375 0.1703125
25 0.79453125 0.16796875 0.04375 0.1734375
25 0.83671875 0.1515625 0.040625 0.2125
25 0.88125 0.1515625 0.04375 0.2125
25 0.9265625 0.15390625 0.0466796875 0.209375
25 0.97109375 0.15625 0.04375 0.20634765625
25 0.05390625 0.44453125 0.0578125 0.2359375
25 0.11328125 0.4390625 0.0609375 0.24697265625
25 0.171875 0.4421875 0.06240234375 0.24697265625
25 0.2296875 0.4421875 0.05947265625 0.24697265625
25 0.2859375 0.4421875 0.05927734375 0.24697265625
25 0.3453125 0.44609375 0.05927734375 0.2484375
25 0.4015625 0.446875 0.05927734375 0.24365234375
25 0.45546875 0.44453125 0.0578125 0.240625
25 0.51171875 0.44609375 0.05625 0.240625
25 0.56640625 0.446875 0.05625 0.2435546875
25 0.625 0.4484375 0.06240234375 0.24697265625
25 0.68125 0.4484375 0.059375 0.2470703125
25 0.74140625 0.44921875 0.0578125 0.2484375
25 0.80078125 0.4515625 0.0609375 0.2466796875
25 0.85546875 0.4515625 0.053125 0.24677734375
25 0.9125 0.453125 0.0625 0.24384765625
25 0.9703125 0.4546875 0.053125 0.24677734375
25 0.02734375 0.75625 0.0515625 0.21875
25 0.0890625 0.76171875 0.07177734375 0.2265625
25 0.15 0.75 0.053125 0.22490234375
25 0.2046875 0.75234375 0.053125 0.2265625
25 0.25859375 0.75390625 0.05625 0.2265625
25 0.31484375 0.75859375 0.0546875 0.23125
25 0.4234375 0.7671875 0.05947265625 0.24052734375
25 0.4796875 0.7609375 0.053125 0.23447265625
25 0.53359375 0.75703125 0.05625 0.2265625
25 0.58515625 0.75703125 0.0546875 0.221875
25 0.6390625 0.75859375 0.05302734375 0.221875
25 0.69140625 0.7546875 0.053125 0.21572265625
25 0.74140625 0.75 0.0453125 0.20634765625
25 0.7921875 0.7515625 0.05322265625 0.20322265625
25 0.8546875 0.7546875 0.06572265625 0.2125
25 0.915625 0.75625 0.05634765625 0.21259765625
25 0.97109375 0.75703125 0.053125 0.2140625