26 0.65234375 0.69453125 0.471875 0.14375
26 0.62265625 0.61875 0.45625 0.1125
26 0.53125 0.38359375 0.36875 0.115625
26 0.17890625 0.41484375 0.3578125 0.1171875
26 0.609375 0.56640625 0.30625 0.0828125
26 0.1578125 0.3578125 0.175 0.05322265625
26 0.66328125 0.89765625 0.2875 0.2046875
26 0.86875 0.87265625 0.259375 0.2078125
26 0.94140625 0.66796875 0.115625 0.103125
26 0.93046875 0.59609375 0.1375 0.0859375
26 0.9546875 0.5328125 0.090625 0.071875
26 0.9484375 0.4890625 0.10302734375 0.046875