26 0.634375 0.68984375 0.46259765625 0.1265625
26 0.615625 0.61328125 0.45009765625 0.096875
26 0.553125 0.3734375 0.36259765625 0.103125
26 0.19375 0.39296875 0.359375 0.1046875
26 0.6078125 0.55859375 0.30302734375 0.071875
26 0.1828125 0.334375 0.17177734375 0.04990234375
26 0.62109375 0.89609375 0.2703125 0.2078125
26 0.853125 0.88125 0.290625 0.209375
26 0.98046875 0.86875 0.0359375 0.19990234375
26 0.9359375 0.6765625 0.125 0.09697265625
26 0.92890625 0.603125 0.140625 0.0810546875
26 0.95703125 0.540625 0.0859375 0.06865234375
26 0.953125 0.49609375 0.0935546875 0.04375