26 0.60234375 0.796875 0.7796875 0.24365234375
26 0.58984375 0.5265625 0.5125 0.096875
26 0.58203125 0.41953125 0.5203125 0.1234375
26 0.584375 0.303125 0.45009765625 0.103125
26 0.17890625 0.3140625 0.3578125 0.09375
26 0.1671875 0.4015625 0.33427734375 0.0875
26 0.59609375 0.63671875 0.590625 0.0875
26 0.115625 0.78125 0.23125 0.2248046875
26 0.15 0.5640625 0.3 0.15
26 0.8890625 0.21640625 0.221875 0.10625
26 0.93359375 0.30625 0.13125 0.11865234375
26 0.94453125 0.45078125 0.109375 0.1625
26 0.940625 0.5796875 0.11875 0.146875