6 0.2703125 0.040625 0.040625 0.08125
6 0.31015625 0.040625 0.0328125 0.07509765625
6 0.3390625 0.0421875 0.02822265625 0.07177734375
6 0.3953125 0.0453125 0.03447265625 0.08427734375
6 0.43046875 0.0453125 0.0390625 0.0875
6 0.36171875 0.046875 0.03125 0.06884765625
6 0.4703125 0.0484375 0.04375 0.09072265625
6 0.515625 0.0484375 0.03759765625 0.0875
6 0.74609375 0.53984375 0.1078125 0.1953125
6 0.73203125 0.71875 0.09375 0.18125
6 0.27734375 0.12890625 0.0359375 0.09375
6 0.31875 0.13828125 0.03125 0.103125
6 0.36171875 0.14765625 0.0453125 0.10625
6 0.4 0.15625 0.03740234375 0.13115234375
6 0.43359375 0.165625 0.040625 0.14365234375
6 0.475 0.17578125 0.04384765625 0.1546875
6 0.52265625 0.1859375 0.04375 0.165625