6 0.0734375 0.37890625 0.06572265625 0.103125
6 0.12265625 0.3859375 0.0796875 0.10947265625
6 0.4078125 0.52421875 0.1091796875 0.1484375
6 0.56640625 0.58203125 0.190625 0.2078125
6 0.7828125 0.6390625 0.23427734375 0.275
6 0.2328125 0.7796875 0.071875 0.075
6 0.28828125 0.8265625 0.0703125 0.065625
6 0.08984375 0.13828125 0.0875 0.0671875
6 0.37109375 0.1546875 0.146875 0.2
6 0.8125 0.16484375 0.2876953125 0.303125
6 0.55390625 0.16796875 0.2140625 0.2671875
6 0.2703125 0.1734375 0.1216796875 0.1779296875