6 0.13671875 0.34375 0.0578125 0.03740234375
6 0.3765625 0.35234375 0.04677734375 0.0359375
6 0.490625 0.35234375 0.053125 0.040625
6 0.603125 0.353125 0.05634765625 0.040625
6 0.6625 0.353125 0.053125 0.040625
6 0.43046875 0.353125 0.0515625 0.03759765625
6 0.7203125 0.3546875 0.05302734375 0.040625
6 0.546875 0.35546875 0.05625 0.0359375
6 0.83671875 0.35703125 0.0515625 0.04375
6 0.77421875 0.359375 0.0484375 0.034375
6 0.14296875 0.44375 0.065625 0.04990234375
6 0.19921875 0.4484375 0.05625 0.040625
6 0.25625 0.4515625 0.05634765625 0.04677734375
6 0.37734375 0.4546875 0.0578125 0.04375
6 0.4328125 0.4546875 0.053125 0.04677734375
6 0.32109375 0.4546875 0.0515625 0.04677734375
6 0.5484375 0.45703125 0.05302734375 0.04375
6 0.4890625 0.4578125 0.05927734375 0.040625
6 0.6578125 0.4578125 0.05625 0.04677734375
6 0.7703125 0.46015625 0.053125 0.0453125
6 0.7140625 0.46015625 0.05322265625 0.0453125
6 0.60078125 0.46171875 0.0546875 0.04375
6 0.8171875 0.46484375 0.04677734375 0.0484375
6 0.0984375 0.0484375 0.0625 0.053125
6 0.228125 0.05078125 0.05634765625 0.0453125
6 0.165625 0.05390625 0.05634765625 0.0453125
6 0.290625 0.05625 0.05634765625 0.04375
6 0.353125 0.0578125 0.05615234375 0.040625
6 0.4125 0.06015625 0.05625 0.040625
6 0.4671875 0.06015625 0.05625 0.0359375
6 0.5375 0.06015625 0.0501953125 0.040625
6 0.59765625 0.06484375 0.0515625 0.0375
6 0.53515625 0.65390625 0.053125 0.0390625
6 0.6609375 0.06484375 0.0533203125 0.0359375
6 0.48203125 0.6578125 0.053125 0.03447265625
6 0.41953125 0.65859375 0.0546875 0.0390625
6 0.3609375 0.66015625 0.0591796875 0.0390625
6 0.11796875 0.6609375 0.0453125 0.04052734375
6 0.25703125 0.66484375 0.040625 0.0546875
6 0.725 0.06875 0.05625 0.028125
6 0.1671875 0.68046875 0.053125 0.0390625
6 0.5953125 0.6890625 0.053125 0.053125
6 0.859375 0.70078125 0.0498046875 0.053125
6 0.734375 0.7015625 0.05625 0.04677734375
6 0.66953125 0.7046875 0.053125 0.040625
6 0.77890625 0.071875 0.0484375 0.034375
6 0.171875 0.790625 0.053125 0.04375
6 0.540625 0.7953125 0.05625 0.0466796875
6 0.47578125 0.796875 0.05625 0.03759765625
6 0.290625 0.796875 0.053125 0.03759765625
6 0.5953125 0.80078125 0.05927734375 0.0515625
6 0.72265625 0.803125 0.05625 0.04384765625
6 0.84375 0.803125 0.053125 0.04375
6 0.41328125 0.80390625 0.0578125 0.04375
6 0.7796875 0.80546875 0.04677734375 0.0453125
6 0.3546875 0.80546875 0.05927734375 0.040625
6 0.228125 0.80546875 0.05634765625 0.04375
6 0.6546875 0.80625 0.05927734375 0.04990234375
6 0.23671875 0.171875 0.0515625 0.03740234375
6 0.17890625 0.1734375 0.0578125 0.04375
6 0.29296875 0.17421875 0.05625 0.0484375
6 0.35234375 0.17421875 0.0546875 0.0515625
6 0.12265625 0.17578125 0.0578125 0.04375
6 0.40859375 0.17890625 0.0578125 0.0453125
6 0.4734375 0.18125 0.05625 0.0501953125
6 0.65859375 0.18515625 0.0578125 0.0453125
6 0.59609375 0.1859375 0.0578125 0.04677734375
6 0.5359375 0.1859375 0.059375 0.0470703125
6 0.7765625 0.1875 0.059375 0.05009765625
6 0.71875 0.1890625 0.06240234375 0.04375