6 0.30625 0.328125 0.1875 0.10634765625
6 0.5359375 0.33515625 0.2095703125 0.115625
6 0.0984375 0.3390625 0.196875 0.10927734375
6 0.7828125 0.353125 0.19677734375 0.11884765625
6 0.0765625 0.05625 0.146875 0.10625
6 0.27421875 0.0625 0.1609375 0.11240234375
6 0.178125 0.6734375 0.16240234375 0.10302734375
6 0.59375 0.67421875 0.15 0.0703125
6 0.78125 0.67578125 0.18740234375 0.0671875
6 0.37734375 0.6828125 0.10625 0.090625
6 0.5734375 0.07109375 0.2 0.128125
6 0.8078125 0.078125 0.22802734375 0.11259765625
6 0.19140625 0.83046875 0.16875 0.0609375
6 0.39296875 0.8328125 0.1375 0.07177734375
6 0.93984375 0.83671875 0.1203125 0.084375
6 0.57421875 0.8375 0.1828125 0.05009765625
6 0.7921875 0.8421875 0.1095703125 0.0591796875