6 0.31953125 0.3328125 0.0203125 0.07822265625
6 0.34140625 0.34140625 0.0234375 0.0953125
6 0.365625 0.3609375 0.0248046875 0.0845703125
6 0.390625 0.375 0.025 0.0875
6 0.41953125 0.39296875 0.03125 0.0921875
6 0.2703125 0.040625 0.040625 0.08125
6 0.31015625 0.040625 0.0328125 0.07509765625
6 0.31015625 0.4046875 0.0390625 0.09052734375
6 0.453125 0.41328125 0.03125 0.096875
6 0.32421875 0.4171875 0.025 0.07822265625
6 0.3390625 0.0421875 0.02822265625 0.07177734375
6 0.490625 0.4359375 0.03759765625 0.11552734375
6 0.3421875 0.4390625 0.02802734375 0.09375
6 0.3953125 0.0453125 0.0345703125 0.0841796875
6 0.36640625 0.453125 0.03125 0.096875
6 0.43046875 0.0453125 0.0390625 0.0875
6 0.52890625 0.45703125 0.028125 0.115625
6 0.390625 0.46875 0.034375 0.10009765625
6 0.3640625 0.046875 0.03125 0.0689453125
6 0.4703125 0.0484375 0.04375 0.09072265625
6 0.51328125 0.0484375 0.0390625 0.0875
6 0.4171875 0.49765625 0.03125 0.1109375
6 0.45078125 0.521875 0.0359375 0.115625
6 0.490625 0.55625 0.040625 0.12490234375
6 0.5296875 0.58671875 0.03447265625 0.125
6 0.5671875 0.07421875 0.0625 0.1484375
6 0.63671875 0.0796875 0.0765625 0.153125
6 0.7328125 0.08671875 0.10302734375 0.1625
6 0.853125 0.08984375 0.1314453125 0.1765625
6 0.27734375 0.12890625 0.0359375 0.09375
6 0.31875 0.13828125 0.03125 0.103125
6 0.36171875 0.14765625 0.0453125 0.10625
6 0.4 0.15625 0.0373046875 0.1310546875
6 0.43359375 0.165625 0.040625 0.14365234375
6 0.475 0.17578125 0.04384765625 0.1546875
6 0.515625 0.20078125 0.04375 0.165625
6 0.56875 0.24375 0.059375 0.190625
6 0.6265625 0.26171875 0.065625 0.196875
6 0.71015625 0.28125 0.0984375 0.21875
6 0.83046875 0.3078125 0.1390625 0.23125
6 0.2984375 0.31875 0.0404296875 0.0810546875