6 0.68515625 0.3859375 0.25 0.13427734375
6 0.3796875 0.38671875 0.25322265625 0.15
6 0.13359375 0.38828125 0.253125 0.1703125
6 0.44375 0.77421875 0.20615234375 0.096875
6 0.68515625 0.775 0.1921875 0.096875
6 0.228125 0.775 0.2376953125 0.096875
6 0.05390625 0.81484375 0.1078125 0.178125
6 0.37890625 0.08203125 0.275 0.1640625
6 0.7078125 0.0828125 0.271875 0.165625
6 0.1140625 0.08515625 0.228125 0.15625
6 0.45078125 0.94921875 0.2234375 0.1015625
6 0.68125 0.94921875 0.2125 0.1015625
6 0.06875 0.95546875 0.1375 0.084375
6 0.24375 0.9578125 0.21259765625 0.07822265625