6 0.1828125 0.475 0.14677734375 0.18125
6 0.31953125 0.48828125 0.134375 0.1828125
6 0.4578125 0.49296875 0.128125 0.16875
6 0.0578125 0.4953125 0.10947265625 0.16552734375
6 0.9046875 0.5046875 0.159375 0.16875
6 0.60078125 0.50703125 0.1296875 0.159375
6 0.740625 0.51171875 0.16259765625 0.159375
6 0.33671875 0.1765625 0.128125 0.14072265625
6 0.21171875 0.178125 0.125 0.134375
6 0.59765625 0.1890625 0.1234375 0.15302734375
6 0.46875 0.18984375 0.1375 0.15
6 0.890625 0.1984375 0.11875 0.15302734375
6 0.73828125 0.2015625 0.1734375 0.18447265625
6 0.0375 0.25859375 0.075 0.28125