6 0.765625 0.353125 0.2 0.09384765625
6 0.5625 0.3609375 0.178125 0.10625
6 0.13671875 0.36875 0.25 0.12490234375
6 0.36640625 0.37265625 0.1953125 0.115625
6 0.72578125 0.67578125 0.1953125 0.0578125
6 0.57578125 0.70546875 0.0796875 0.1078125
6 0.54453125 0.834375 0.146875 0.0875
6 0.7125 0.83671875 0.16240234375 0.0875
6 0.17890625 0.84765625 0.1453125 0.0765625
6 0.35 0.859375 0.1751953125 0.0875
6 0.040625 0.87890625 0.07509765625 0.165625
6 0.79453125 0.1 0.24375 0.15
6 0.5625 0.1109375 0.20615234375 0.146875
6 0.33671875 0.11875 0.2015625 0.15
6 0.10703125 0.12109375 0.209375 0.1375