6 0.35078125 0.35 0.0265625 0.02509765625
6 0.3796875 0.35234375 0.02197265625 0.021875
6 0.71484375 0.353125 0.03125 0.03134765625
6 0.68046875 0.3546875 0.028125 0.021875
6 0.646875 0.3546875 0.025 0.02197265625
6 0.4109375 0.3546875 0.02802734375 0.03125
6 0.50625 0.3546875 0.02509765625 0.02802734375
6 0.71640625 0.35546875 0.025 0.025
6 0.5375 0.35546875 0.02509765625 0.0296875
6 0.446875 0.35703125 0.034375 0.021875
6 0.61796875 0.35703125 0.0234375 0.0265625
6 0.47734375 0.3578125 0.0296875 0.02197265625
6 0.91484375 0.359375 0.0171875 0.021875
6 0.88671875 0.36328125 0.0203125 0.025
6 0.9515625 0.3640625 0.034375 0.02802734375
6 0.28984375 0.44375 0.0296875 0.021875
6 0.36171875 0.44609375 0.03125 0.021875
6 0.54453125 0.446875 0.0265625 0.02509765625
6 0.64765625 0.4484375 0.021875 0.021875
6 0.6765625 0.4484375 0.021875 0.025
6 0.71015625 0.44921875 0.021875 0.025
6 0.734375 0.45078125 0.01884765625 0.0359375
6 0.571875 0.45078125 0.025 0.0265625
6 0.609375 0.4515625 0.025 0.025
6 0.9125 0.4515625 0.01865234375 0.025
6 0.875 0.45546875 0.03115234375 0.03125
6 0.9390625 0.45703125 0.02822265625 0.0296875
6 0.43515625 0.0484375 0.025 0.0216796875
6 0.42578125 0.490625 0.0140625 0.009375
6 0.50859375 0.04921875 0.03125 0.021875
6 0.3953125 0.04921875 0.0279296875 0.0203125
6 0.33046875 0.49765625 0.0296875 0.0203125
6 0.4328125 0.4984375 0.025 0.02802734375
6 0.3640625 0.5 0.02802734375 0.025
6 0.290625 0.5 0.02490234375 0.025
6 0.5 0.5015625 0.025 0.02177734375
6 0.4 0.5015625 0.0251953125 0.021875
6 0.46484375 0.50234375 0.021875 0.025
6 0.6421875 0.50234375 0.028125 0.025
6 0.571875 0.50234375 0.028125 0.0203125
6 0.53828125 0.50390625 0.028125 0.021875
6 0.709375 0.5046875 0.028125 0.02822265625
6 0.6109375 0.5046875 0.034375 0.0283203125
6 0.4671875 0.05078125 0.0279296875 0.0203125
6 0.67421875 0.50625 0.028125 0.025
6 0.771875 0.50703125 0.025 0.0234375
6 0.73671875 0.50859375 0.03125 0.0265625
6 0.86875 0.50859375 0.021875 0.021875
6 0.93984375 0.50859375 0.0203125 0.0265625
6 0.8421875 0.5109375 0.02802734375 0.021875
6 0.803125 0.51171875 0.0310546875 0.0203125
6 0.89765625 0.51328125 0.025 0.03125
6 0.696875 0.58671875 0.028125 0.0203125
6 0.759375 0.5875 0.021875 0.01865234375
6 0.7296875 0.5890625 0.02197265625 0.02177734375
6 0.6625 0.5890625 0.02509765625 0.02197265625
6 0.85078125 0.59140625 0.034375 0.0140625
6 0.884375 0.59140625 0.025 0.0140625
6 0.790625 0.59375 0.025 0.025
6 0.6921875 0.63828125 0.02197265625 0.0203125
6 0.6578125 0.63828125 0.02177734375 0.021875
6 0.725 0.640625 0.028125 0.02509765625
6 0.8171875 0.640625 0.025 0.02509765625
6 0.87734375 0.6421875 0.0296875 0.01552734375
6 0.75859375 0.6421875 0.021875 0.025
6 0.84375 0.6421875 0.0373046875 0.025
6 0.78515625 0.64453125 0.0265625 0.021875
6 0.90859375 0.646875 0.025 0.01884765625
6 0.4 0.08984375 0.02490234375 0.021875
6 0.4390625 0.08984375 0.021875 0.021875
6 0.51171875 0.0921875 0.0140625 0.021875
6 0.46875 0.09375 0.03115234375 0.025
6 0.39765625 0.19140625 0.0265625 0.021875
6 0.43515625 0.19140625 0.025 0.0265625
6 0.47109375 0.1921875 0.0296875 0.02822265625
6 0.5046875 0.19453125 0.02822265625 0.0296875
6 0.90625 0.203125 0.025 0.02509765625
6 0.9421875 0.2046875 0.02177734375 0.025
6 0.9734375 0.20703125 0.025 0.025
6 0.4421875 0.2921875 0.025 0.02802734375
6 0.54296875 0.2921875 0.0296875 0.02822265625
6 0.65390625 0.29296875 0.028125 0.025
6 0.68515625 0.29296875 0.0265625 0.0265625
6 0.475 0.29453125 0.03125 0.0171875
6 0.62109375 0.2953125 0.0265625 0.02197265625
6 0.71640625 0.2953125 0.025 0.0220703125
6 0.8140625 0.2953125 0.03125 0.03427734375
6 0.7828125 0.2984375 0.034375 0.02822265625
6 0.96015625 0.29921875 0.0265625 0.021875
6 0.88203125 0.29921875 0.04375 0.021875
6 0.915625 0.303125 0.025 0.021875