6 0.20546875 0.43046875 0.0828125 0.125
6 0.834375 0.4328125 0.06865234375 0.125
6 0.921875 0.4328125 0.075 0.1404296875
6 0.28125 0.4390625 0.05634765625 0.14072265625
6 0.4359375 0.4390625 0.0716796875 0.1375
6 0.51953125 0.4390625 0.096875 0.1375
6 0.759375 0.43984375 0.0564453125 0.1390625
6 0.1140625 0.44140625 0.0908203125 0.15
6 0.6765625 0.44375 0.07822265625 0.146875
6 0.75390625 0.5640625 0.0703125 0.15
6 0.81953125 0.56484375 0.071875 0.153125
6 0.3703125 0.57109375 0.06572265625 0.1421875
6 0.4484375 0.57109375 0.07177734375 0.128125
6 0.6703125 0.571875 0.071875 0.1560546875
6 0.90625 0.571875 0.071875 0.159375
6 0.290625 0.57578125 0.071875 0.1328125
6 0.20546875 0.57578125 0.0765625 0.1515625
6 0.525 0.58046875 0.08134765625 0.15625
6 0.1390625 0.584375 0.096875 0.153125
6 0.30390625 0.78359375 0.0765625 0.125
6 0.225 0.7921875 0.08134765625 0.121875
6 0.67890625 0.79296875 0.075 0.1546875
6 0.15 0.7953125 0.06865234375 0.134375
6 0.83203125 0.8015625 0.0671875 0.14072265625
6 0.9234375 0.80859375 0.07802734375 0.15625
6 0.52890625 0.89765625 0.071875 0.15625
6 0.671875 0.90234375 0.06884765625 0.11875
6 0.6 0.90390625 0.059375 0.1296875
6 0.22734375 0.90625 0.0640625 0.125
6 0.37265625 0.9078125 0.071875 0.115625
6 0.7453125 0.9078125 0.0658203125 0.1220703125
6 0.2984375 0.91015625 0.0783203125 0.1390625
6 0.45546875 0.91015625 0.0828125 0.11875
6 0.15390625 0.91484375 0.0765625 0.103125
6 0.82578125 0.915625 0.075 0.13759765625
6 0.90234375 0.92421875 0.075 0.1421875
6 0.9734375 0.92734375 0.053125 0.1453125
6 0.3390625 0.1453125 0.053125 0.075
6 0.4328125 0.15390625 0.08427734375 0.096875
6 0.521875 0.1578125 0.090625 0.09052734375
6 0.25859375 0.1921875 0.103125 0.178125
6 0.0828125 0.2015625 0.09375 0.18447265625
6 0.17578125 0.2125 0.10625 0.1939453125