6 0.6203125 0.484375 0.153125 0.16875
6 0.4625 0.484375 0.16884765625 0.190625
6 0.76796875 0.48828125 0.1828125 0.16875
6 0.2953125 0.49609375 0.16875 0.1859375
6 0.1046875 0.4984375 0.178125 0.18125
6 0.9234375 0.50234375 0.15 0.1828125
6 0.803125 0.9671875 0.0998046875 0.065625
6 0.9234375 0.96875 0.10947265625 0.05634765625
6 0.43515625 0.97578125 0.1203125 0.0484375
6 0.68046875 0.98046875 0.1015625 0.0390625
6 0.27265625 0.146875 0.1921875 0.196875
6 0.459375 0.1546875 0.159375 0.1908203125
6 0.0828125 0.15859375 0.15947265625 0.221875
6 0.80078125 0.1625 0.1546875 0.16884765625
6 0.63125 0.1703125 0.16240234375 0.20302734375