6 0.63203125 0.5453125 0.1015625 0.053125
6 0.2203125 0.546875 0.0904296875 0.0439453125
6 0.5265625 0.5484375 0.10302734375 0.05625
6 0.759375 0.5515625 0.096875 0.05322265625
6 0.3265625 0.5515625 0.09677734375 0.065625
6 0.1546875 0.6765625 0.065625 0.0529296875
6 0.42421875 0.7078125 0.0796875 0.065625
6 0.240625 0.71640625 0.0875 0.0671875
6 0.04453125 0.7171875 0.084375 0.075
6 0.6359375 0.73046875 0.09375 0.0671875
6 0.53125 0.73828125 0.09365234375 0.071875
6 0.74609375 0.75234375 0.0890625 0.0765625
6 0.303125 0.22265625 0.115625 0.084375
6 0.77890625 0.2234375 0.1203125 0.1029296875
6 0.65859375 0.2234375 0.10625 0.0908203125
6 0.4203125 0.225 0.1095703125 0.0876953125
6 0.53984375 0.225 0.1171875 0.090625
6 0.1828125 0.22734375 0.11875 0.0796875