6 0.85078125 0.334375 0.2234375 0.134375
6 0.21015625 0.3375 0.2140625 0.1251953125
6 0.4125 0.3390625 0.209375 0.115625
6 0.6390625 0.34375 0.178125 0.134375
6 0.05859375 0.34609375 0.1078125 0.1453125
6 0.88828125 0.6671875 0.1875 0.07822265625
6 0.4171875 0.0671875 0.24375 0.125
6 0.71171875 0.671875 0.1390625 0.08115234375
6 0.89140625 0.071875 0.2171875 0.125
6 0.1859375 0.07421875 0.24052734375 0.1296875
6 0.65 0.07578125 0.228125 0.128125
6 0.8640625 0.821875 0.19072265625 0.08134765625
6 0.6765625 0.828125 0.15947265625 0.084375
6 0.109375 0.8390625 0.2 0.1095703125
6 0.296875 0.8546875 0.17509765625 0.0875
6 0.5046875 0.86171875 0.14697265625 0.1328125