6 0.0796875 0.33046875 0.0591796875 0.0609375
6 0.2875 0.334375 0.05615234375 0.06865234375
6 0.3640625 0.3390625 0.04677734375 0.04375
6 0.0265625 0.453125 0.053125 0.065625
6 0.1 0.4546875 0.05009765625 0.0625
6 0.21875 0.459375 0.053125 0.053125
6 0.290625 0.46640625 0.0625 0.053125
6 0.36875 0.46640625 0.06240234375 0.0390625
6 0.44375 0.46640625 0.040625 0.0609375
6 0.4953125 0.4703125 0.0404296875 0.053125
6 0.33046875 0.7640625 0.0640625 0.059375
6 0.2703125 0.765625 0.05625 0.075
6 0.39921875 0.76953125 0.053125 0.04375
6 0.2046875 0.771875 0.06572265625 0.05634765625
6 0.54453125 0.775 0.0703125 0.05625
6 0.4671875 0.77734375 0.05947265625 0.053125
6 0.62109375 0.7921875 0.05625 0.0625
6 0.375 0.10703125 0.06884765625 0.05625
6 0.290625 0.109375 0.0625 0.065625
6 0.2171875 0.11328125 0.0625 0.053125
6 0.13828125 0.115625 0.0609375 0.0623046875