6 0.3796875 0.484375 0.15322265625 0.16875
6 0.5375 0.484375 0.16884765625 0.190625
6 0.23203125 0.48828125 0.1828125 0.16875
6 0.7046875 0.49609375 0.16875 0.1859375
6 0.8953125 0.4984375 0.178125 0.18125
6 0.07578125 0.50234375 0.1515625 0.178125
6 0.196875 0.9671875 0.0998046875 0.065625
6 0.0765625 0.96875 0.10947265625 0.05634765625
6 0.56484375 0.97578125 0.1203125 0.0484375
6 0.31953125 0.98046875 0.1015625 0.0390625
6 0.72734375 0.146875 0.1921875 0.196875
6 0.540625 0.1546875 0.159375 0.1908203125
6 0.9171875 0.15859375 0.15947265625 0.221875
6 0.19921875 0.1625 0.1546875 0.16884765625
6 0.36875 0.1703125 0.16240234375 0.20302734375