6 0.79453125 0.43046875 0.0828125 0.125
6 0.165625 0.4328125 0.06865234375 0.125
6 0.078125 0.4328125 0.075 0.14052734375
6 0.71875 0.4390625 0.05634765625 0.14072265625
6 0.5640625 0.4390625 0.07177734375 0.1375
6 0.48046875 0.4390625 0.09375 0.1375
6 0.240625 0.43984375 0.05634765625 0.1390625
6 0.8859375 0.44140625 0.09072265625 0.15
6 0.3234375 0.44375 0.07822265625 0.146875
6 0.24609375 0.5640625 0.0703125 0.15
6 0.18046875 0.56484375 0.071875 0.153125
6 0.6296875 0.57109375 0.06572265625 0.1421875
6 0.5515625 0.57109375 0.0716796875 0.128125
6 0.3296875 0.571875 0.071875 0.15615234375
6 0.09375 0.571875 0.071875 0.159375
6 0.709375 0.57578125 0.071875 0.1328125
6 0.79453125 0.57578125 0.0765625 0.1515625
6 0.475 0.58046875 0.0814453125 0.15625
6 0.8609375 0.584375 0.096875 0.153125
6 0.69609375 0.78359375 0.0765625 0.125
6 0.775 0.7921875 0.08134765625 0.121875
6 0.32109375 0.79296875 0.075 0.1546875
6 0.85 0.7953125 0.0685546875 0.134375
6 0.16796875 0.8015625 0.0671875 0.1408203125
6 0.0765625 0.80859375 0.07802734375 0.15625
6 0.47109375 0.89765625 0.071875 0.15625
6 0.328125 0.90234375 0.06884765625 0.11875
6 0.4 0.90390625 0.06240234375 0.1296875
6 0.77265625 0.90625 0.065625 0.125
6 0.62734375 0.9078125 0.071875 0.115625
6 0.2546875 0.9078125 0.06572265625 0.12197265625
6 0.7015625 0.91015625 0.07822265625 0.1390625
6 0.54453125 0.91015625 0.0828125 0.11875
6 0.84609375 0.91484375 0.0765625 0.103125
6 0.17421875 0.915625 0.075 0.1376953125
6 0.09765625 0.92421875 0.075 0.1421875
6 0.0265625 0.92734375 0.053125 0.1453125
6 0.6609375 0.1453125 0.053125 0.075
6 0.5671875 0.15390625 0.08427734375 0.096875
6 0.478125 0.1578125 0.08759765625 0.09052734375
6 0.74140625 0.1921875 0.103125 0.178125
6 0.9171875 0.2015625 0.09375 0.18447265625
6 0.82421875 0.2125 0.10625 0.19384765625