6 0.8078125 0.41328125 0.240625 0.146875
6 0.5953125 0.41796875 0.2470703125 0.1640625
6 0.2765625 0.4265625 0.25322265625 0.1625
6 0.89765625 0.7765625 0.2 0.159375
6 0.51328125 0.78359375 0.1859375 0.0890625
6 0.6921875 0.7953125 0.20947265625 0.15
6 0.28359375 0.8109375 0.2140625 0.09697265625
6 0.86796875 0.91015625 0.1640625 0.0890625
6 0.69453125 0.93359375 0.1453125 0.09375
6 0.509375 0.9515625 0.16875 0.0908203125
6 0.265625 0.0984375 0.31240234375 0.1875
6 0.6046875 0.12890625 0.29375 0.1640625
6 0.85078125 0.1390625 0.2703125 0.14677734375