6 0.64921875 0.35 0.028125 0.02509765625
6 0.6203125 0.35234375 0.02197265625 0.021875
6 0.28515625 0.353125 0.03125 0.0314453125
6 0.31953125 0.3546875 0.0296875 0.021875
6 0.353125 0.3546875 0.02490234375 0.02197265625
6 0.5890625 0.3546875 0.02802734375 0.03125
6 0.49375 0.3546875 0.02509765625 0.02802734375
6 0.28359375 0.35546875 0.0234375 0.025
6 0.4625 0.35546875 0.02509765625 0.0296875
6 0.553125 0.35703125 0.034375 0.021875
6 0.38203125 0.35703125 0.0234375 0.0265625
6 0.52265625 0.3578125 0.028125 0.0220703125
6 0.08515625 0.359375 0.0171875 0.021875
6 0.11328125 0.36328125 0.0203125 0.025
6 0.0484375 0.3640625 0.03427734375 0.02802734375
6 0.71015625 0.44375 0.028125 0.021875
6 0.63828125 0.44609375 0.03125 0.021875
6 0.45546875 0.446875 0.0265625 0.02509765625
6 0.35234375 0.4484375 0.021875 0.021875
6 0.3234375 0.4484375 0.021875 0.025
6 0.28984375 0.44921875 0.021875 0.025
6 0.265625 0.45078125 0.01884765625 0.0359375
6 0.428125 0.45078125 0.025 0.0265625
6 0.390625 0.4515625 0.025 0.025
6 0.0875 0.4515625 0.01865234375 0.025
6 0.125 0.45546875 0.03115234375 0.03125
6 0.0609375 0.45703125 0.02822265625 0.0296875
6 0.56484375 0.0484375 0.025 0.02177734375
6 0.57421875 0.490625 0.0140625 0.009375
6 0.49140625 0.04921875 0.03125 0.021875
6 0.6046875 0.04921875 0.0279296875 0.0203125
6 0.66953125 0.49765625 0.028125 0.0203125
6 0.5671875 0.4984375 0.02197265625 0.02802734375
6 0.6359375 0.5 0.02802734375 0.025
6 0.709375 0.5 0.025 0.025
6 0.5 0.5015625 0.025 0.02177734375
6 0.6 0.5015625 0.02509765625 0.021875
6 0.53515625 0.50234375 0.021875 0.025
6 0.3578125 0.50234375 0.02822265625 0.025
6 0.428125 0.50234375 0.03115234375 0.0203125
6 0.46171875 0.50390625 0.0265625 0.021875
6 0.290625 0.5046875 0.03115234375 0.02822265625
6 0.3890625 0.5046875 0.034375 0.0283203125
6 0.5328125 0.05078125 0.02802734375 0.0203125
6 0.32578125 0.50625 0.0296875 0.025
6 0.228125 0.50703125 0.025 0.0234375
6 0.26328125 0.50859375 0.03125 0.0265625
6 0.13125 0.50859375 0.021875 0.021875
6 0.06015625 0.50859375 0.0203125 0.0265625
6 0.1578125 0.5109375 0.02802734375 0.021875
6 0.196875 0.51171875 0.03115234375 0.0203125
6 0.10234375 0.51328125 0.025 0.03125
6 0.303125 0.58671875 0.0310546875 0.0203125
6 0.240625 0.5875 0.021875 0.0185546875
6 0.2703125 0.5890625 0.02197265625 0.02177734375
6 0.3375 0.5890625 0.02509765625 0.02197265625
6 0.14921875 0.59140625 0.0328125 0.0140625
6 0.115625 0.59140625 0.025 0.0140625
6 0.209375 0.59375 0.025 0.025
6 0.3078125 0.63828125 0.0220703125 0.0203125
6 0.3421875 0.63828125 0.0216796875 0.021875
6 0.275 0.640625 0.03115234375 0.02509765625
6 0.1828125 0.640625 0.025 0.0251953125
6 0.12265625 0.6421875 0.0296875 0.01552734375
6 0.24140625 0.6421875 0.021875 0.025
6 0.15625 0.6421875 0.0373046875 0.025
6 0.21484375 0.64453125 0.0265625 0.021875
6 0.09140625 0.646875 0.025 0.01884765625
6 0.6 0.08984375 0.025 0.021875
6 0.5609375 0.08984375 0.021875 0.021875
6 0.48828125 0.0921875 0.0140625 0.021875
6 0.53125 0.09375 0.03115234375 0.025
6 0.60234375 0.19140625 0.0265625 0.021875
6 0.56484375 0.19140625 0.025 0.0265625
6 0.52890625 0.1921875 0.028125 0.0283203125
6 0.4953125 0.19453125 0.02822265625 0.0296875
6 0.09375 0.203125 0.025 0.02509765625
6 0.0578125 0.2046875 0.02177734375 0.025
6 0.0265625 0.20703125 0.025 0.025
6 0.5578125 0.2921875 0.02197265625 0.02802734375
6 0.45703125 0.2921875 0.0296875 0.02822265625
6 0.34609375 0.29296875 0.0296875 0.025
6 0.31484375 0.29296875 0.0265625 0.0265625
6 0.525 0.29453125 0.03125 0.0171875
6 0.37890625 0.2953125 0.0265625 0.02197265625
6 0.28359375 0.2953125 0.0234375 0.02197265625
6 0.1859375 0.2953125 0.03125 0.03427734375
6 0.2171875 0.2984375 0.034375 0.02822265625
6 0.03984375 0.29921875 0.0265625 0.021875
6 0.11796875 0.29921875 0.04375 0.021875
6 0.084375 0.303125 0.025 0.021875