6 0.31484375 0.3859375 0.25 0.13427734375
6 0.6203125 0.38671875 0.25322265625 0.15
6 0.86640625 0.38828125 0.253125 0.1703125
6 0.55625 0.77421875 0.20615234375 0.096875
6 0.31484375 0.775 0.1921875 0.096875
6 0.771875 0.775 0.23759765625 0.096875
6 0.94453125 0.81640625 0.10625 0.18125
6 0.62109375 0.08203125 0.275 0.1640625
6 0.2921875 0.0828125 0.271875 0.165625
6 0.884375 0.08671875 0.22509765625 0.159375
6 0.54921875 0.94921875 0.2234375 0.1015625
6 0.31875 0.94921875 0.2125 0.1015625
6 0.9296875 0.95625 0.134375 0.0875
6 0.75625 0.9578125 0.2126953125 0.0783203125