6 0.234375 0.353125 0.2 0.0939453125
6 0.4375 0.3609375 0.178125 0.10625
6 0.86328125 0.36875 0.25 0.12490234375
6 0.63359375 0.37265625 0.1953125 0.115625
6 0.27421875 0.67578125 0.19375 0.0578125
6 0.42421875 0.70546875 0.0796875 0.1078125
6 0.45546875 0.834375 0.146875 0.0875
6 0.2875 0.83671875 0.1623046875 0.0875
6 0.82109375 0.84765625 0.1453125 0.0765625
6 0.65 0.859375 0.17509765625 0.0875
6 0.959375 0.87890625 0.07509765625 0.165625
6 0.20546875 0.1 0.24375 0.15
6 0.4375 0.1109375 0.2060546875 0.146875
6 0.66328125 0.11875 0.2015625 0.15
6 0.89296875 0.12109375 0.209375 0.1375