6 0.68046875 0.3328125 0.0203125 0.0783203125
6 0.65859375 0.34140625 0.025 0.0953125
6 0.634375 0.3609375 0.025 0.08447265625
6 0.609375 0.375 0.025 0.0875
6 0.58046875 0.39296875 0.03125 0.0921875
6 0.7296875 0.040625 0.040625 0.08125
6 0.68984375 0.040625 0.034375 0.07509765625
6 0.68984375 0.4046875 0.0390625 0.09052734375
6 0.546875 0.41328125 0.03125 0.096875
6 0.67578125 0.4171875 0.025 0.07822265625
6 0.6609375 0.0421875 0.028125 0.07177734375
6 0.509375 0.4359375 0.0376953125 0.1154296875
6 0.6578125 0.4390625 0.02802734375 0.09375
6 0.6046875 0.0453125 0.03447265625 0.08427734375
6 0.63359375 0.453125 0.03125 0.096875
6 0.56953125 0.0453125 0.0390625 0.0875
6 0.47109375 0.45703125 0.0296875 0.115625
6 0.609375 0.46875 0.034375 0.10009765625
6 0.6359375 0.046875 0.03125 0.06884765625
6 0.5296875 0.0484375 0.04375 0.09072265625
6 0.48671875 0.0484375 0.0390625 0.0875
6 0.5828125 0.49765625 0.03125 0.1109375
6 0.54921875 0.521875 0.0359375 0.115625
6 0.509375 0.55625 0.040625 0.12490234375
6 0.4703125 0.58671875 0.03447265625 0.125
6 0.4328125 0.07421875 0.0625 0.1484375
6 0.36328125 0.0796875 0.0765625 0.153125
6 0.2671875 0.08671875 0.10302734375 0.1625
6 0.146875 0.08984375 0.13134765625 0.1765625
6 0.72265625 0.12890625 0.0359375 0.09375
6 0.68125 0.13828125 0.03125 0.103125
6 0.63828125 0.14765625 0.0453125 0.10625
6 0.6 0.15625 0.03740234375 0.13115234375
6 0.56640625 0.165625 0.040625 0.14365234375
6 0.525 0.17578125 0.0439453125 0.1546875
6 0.484375 0.20078125 0.04375 0.165625
6 0.43125 0.24375 0.0623046875 0.190625
6 0.3734375 0.26171875 0.065625 0.196875
6 0.28984375 0.28125 0.0984375 0.21875
6 0.16953125 0.3078125 0.1390625 0.23125
6 0.7015625 0.31875 0.04052734375 0.08115234375