6 0.25859375 0.5328125 0.1015625 0.07802734375
6 0.15234375 0.5484375 0.103125 0.0875
6 0.80390625 0.5828125 0.090625 0.07802734375
6 0.3546875 0.59375 0.1029296875 0.075
6 0.5890625 0.59609375 0.10625 0.0828125
6 0.478125 0.6109375 0.11240234375 0.08427734375
6 0.77421875 0.74375 0.0796875 0.06884765625
6 0.58203125 0.7671875 0.0921875 0.07802734375
6 0.68125 0.76796875 0.09375 0.0671875
6 0.365625 0.7765625 0.09375 0.07822265625
6 0.47109375 0.77890625 0.103125 0.0828125
6 0.2640625 0.78359375 0.1095703125 0.0703125
6 0.1421875 0.81015625 0.10927734375 0.075
6 0.05390625 0.1625 0.1078125 0.084375
6 0.165625 0.16953125 0.1123046875 0.0828125
6 0.3796875 0.1703125 0.10625 0.07822265625
6 0.478125 0.1734375 0.10625 0.084375
6 0.2765625 0.17578125 0.10927734375 0.084375
6 0.57421875 0.17578125 0.09375 0.075
6 0.75234375 0.1765625 0.0875 0.06875
6 0.66796875 0.178125 0.09375 0.075