6 0.8234375 0.4625 0.05927734375 0.04384765625
6 0.96953125 0.465625 0.0609375 0.040625
6 0.74609375 0.46640625 0.0828125 0.0515625
6 0.578125 0.46640625 0.0810546875 0.04375
6 0.5 0.4703125 0.075 0.04677734375
6 0.8953125 0.47109375 0.06572265625 0.053125
6 0.33203125 0.475 0.0890625 0.05625
6 0.2453125 0.47578125 0.0783203125 0.0515625
6 0.6515625 0.58515625 0.059375 0.053125
6 0.96015625 0.5921875 0.075 0.05625
6 0.8890625 0.59609375 0.0625 0.0578125
6 0.8078125 0.5984375 0.065625 0.059375
6 0.7328125 0.6078125 0.07822265625 0.06572265625
6 0.4171875 0.609375 0.075 0.0623046875
6 0.571875 0.609375 0.0810546875 0.065625
6 0.2515625 0.625 0.08427734375 0.06240234375
6 0.3328125 0.6265625 0.09052734375 0.04697265625
6 0.16015625 0.63671875 0.0828125 0.0609375
6 0.89921875 0.834375 0.0671875 0.05625
6 0.82109375 0.83671875 0.075 0.0515625
6 0.740625 0.8390625 0.06865234375 0.053125
6 0.3453125 0.85234375 0.071875 0.0515625
6 0.25625 0.859375 0.08134765625 0.05625
6 0.171875 0.859375 0.075 0.05009765625
6 0.80859375 0.9546875 0.0703125 0.05927734375
6 0.734375 0.9578125 0.05634765625 0.05302734375
6 0.88828125 0.96171875 0.0671875 0.0578125
6 0.66796875 0.9625 0.0578125 0.05625
6 0.96875 0.9640625 0.05634765625 0.053125
6 0.50625 0.9734375 0.06865234375 0.05302734375
6 0.584375 0.971875 0.08125 0.05625
6 0.34765625 0.97734375 0.0703125 0.040625
6 0.42421875 0.978125 0.065625 0.03759765625
6 0.265625 0.9796875 0.075 0.03447265625
6 0.31015625 0.21484375 0.0984375 0.0703125
6 0.11875 0.2171875 0.10009765625 0.071875
6 0.2171875 0.21875 0.09375 0.0751953125