6 0.1921875 0.41328125 0.240625 0.146875
6 0.4046875 0.41796875 0.246875 0.1640625
6 0.7234375 0.4265625 0.25322265625 0.1625
6 0.10078125 0.775 0.2015625 0.15625
6 0.48671875 0.78359375 0.184375 0.0890625
6 0.3078125 0.7953125 0.2125 0.15
6 0.71640625 0.8109375 0.2140625 0.09697265625
6 0.13203125 0.91015625 0.1640625 0.0890625
6 0.30546875 0.93359375 0.1453125 0.09375
6 0.490625 0.9515625 0.16875 0.09072265625
6 0.734375 0.0984375 0.31240234375 0.1875
6 0.3953125 0.12890625 0.29375 0.1640625
6 0.14921875 0.1390625 0.2703125 0.1466796875