25 0.58515625 0.1359375 0.0546875 0.2029296875
25 0.0625 0.140625 0.06240234375 0.20615234375
25 0.1203125 0.1390625 0.05322265625 0.20302734375
25 0.1765625 0.1390625 0.05927734375 0.20322265625
25 0.2328125 0.140625 0.05625 0.2001953125
25 0.290625 0.13828125 0.05634765625 0.2015625
25 0.3578125 0.134375 0.05927734375 0.20634765625
25 0.415625 0.1359375 0.05634765625 0.20927734375
25 0.47109375 0.13359375 0.05625 0.2
25 0.52734375 0.13359375 0.05625 0.2
25 0.64296875 0.134375 0.059375 0.20615234375
25 0.70078125 0.1359375 0.0578125 0.20302734375
25 0.75703125 0.1359375 0.0546875 0.2029296875
25 0.8140625 0.134375 0.059375 0.2001953125
25 0.87265625 0.13359375 0.0578125 0.2015625
25 0.93125 0.13203125 0.0625 0.2046875
25 0.0265625 0.47109375 0.05302734375 0.209375
25 0.08671875 0.47265625 0.05625 0.2078125
25 0.1421875 0.47265625 0.05625 0.2078125
25 0.19453125 0.47265625 0.053125 0.2078125
25 0.2484375 0.47265625 0.053125 0.209375
25 0.30546875 0.47265625 0.0609375 0.2078125
25 0.36328125 0.47265625 0.05625 0.209375
25 0.41953125 0.47265625 0.0546875 0.209375
25 0.475 0.47265625 0.05625 0.209375
25 0.5296875 0.47265625 0.05625 0.2078125
25 0.58515625 0.47265625 0.0546875 0.2078125
25 0.6421875 0.47265625 0.05625 0.209375
25 0.696875 0.4734375 0.05634765625 0.209375
25 0.75390625 0.4734375 0.0578125 0.209375
25 0.81015625 0.4734375 0.0578125 0.209375
25 0.86796875 0.47265625 0.0578125 0.209375
25 0.92890625 0.47265625 0.0625 0.209375
25 0.025 0.8140625 0.05 0.221875
25 0.0796875 0.81484375 0.0595703125 0.221875
25 0.13671875 0.81484375 0.05625 0.221875
25 0.19375 0.81484375 0.05625 0.221875
25 0.24765625 0.81640625 0.05625 0.21875
25 0.30390625 0.81484375 0.0546875 0.21875
25 0.3609375 0.81640625 0.0591796875 0.2234375
25 0.4171875 0.81640625 0.05625 0.221875
25 0.47265625 0.81640625 0.05625 0.221875
25 0.52890625 0.8171875 0.0578125 0.221875
25 0.584375 0.81875 0.05625 0.221875
25 0.640625 0.81875 0.05625 0.21875
25 0.69453125 0.81875 0.0546875 0.221875
25 0.7515625 0.81953125 0.0591796875 0.221875
25 0.81015625 0.82109375 0.0578125 0.221875
25 0.865625 0.82109375 0.05634765625 0.2234375
25 0.9265625 0.82109375 0.065625 0.2234375