25 0.24765625 0.3921875 0.040625 0.14677734375
25 0.115625 0.5328125 0.0439453125 0.1408203125
25 0.16015625 0.5328125 0.0453125 0.14072265625
25 0.2046875 0.5328125 0.04677734375 0.14677734375
25 0.24765625 0.5328125 0.040625 0.14072265625
25 0.28984375 0.5328125 0.040625 0.15
25 0.6984375 0.728125 0.084375 0.1439453125
25 0.7828125 0.87109375 0.0875 0.1375
25 0.09375 0.1453125 0.04990234375 0.22802734375
25 0.04453125 0.1453125 0.053125 0.22802734375
25 0.9796875 0.15390625 0.0404296875 0.228125
25 0.9375 0.15234375 0.04384765625 0.228125
25 0.890625 0.15234375 0.04990234375 0.228125
25 0.8421875 0.1515625 0.0529296875 0.225
25 0.790625 0.14921875 0.053125 0.23125
25 0.73828125 0.14921875 0.0515625 0.2265625
25 0.6890625 0.146875 0.05302734375 0.23134765625
25 0.63828125 0.1453125 0.053125 0.2341796875
25 0.5875 0.146875 0.0501953125 0.228125
25 0.53828125 0.1453125 0.0515625 0.228125
25 0.48671875 0.14453125 0.053125 0.23125
25 0.4375 0.14296875 0.0501953125 0.23125
25 0.38671875 0.1421875 0.0515625 0.23427734375
25 0.3375 0.14296875 0.05009765625 0.23125
25 0.2875 0.1421875 0.05009765625 0.23125
25 0.23671875 0.14296875 0.0515625 0.23125
25 0.1859375 0.14453125 0.0529296875 0.23125
25 0.1390625 0.14765625 0.04375 0.221875
25 0.9828125 0.39765625 0.0283203125 0.1375
25 0.9484375 0.396875 0.04375 0.14365234375
25 0.9046875 0.3953125 0.04677734375 0.14072265625
25 0.8609375 0.3953125 0.04375 0.14677734375
25 0.8171875 0.3953125 0.04375 0.146875
25 0.77265625 0.3953125 0.04375 0.1466796875
25 0.7296875 0.39296875 0.0466796875 0.1453125
25 0.68515625 0.39453125 0.04375 0.1421875
25 0.64296875 0.3921875 0.04375 0.14072265625
25 0.5984375 0.39296875 0.04375 0.1421875
25 0.55546875 0.3921875 0.04375 0.14072265625
25 0.5109375 0.3921875 0.04375 0.14072265625
25 0.46640625 0.3890625 0.04375 0.1408203125
25 0.4234375 0.3890625 0.04375 0.14072265625
25 0.37734375 0.3890625 0.0484375 0.14072265625
25 0.3328125 0.38828125 0.04677734375 0.1421875
25 0.28984375 0.38828125 0.04375 0.1453125
25 0.2046875 0.3890625 0.04677734375 0.14677734375
25 0.16015625 0.3890625 0.0453125 0.15
25 0.11640625 0.3890625 0.04375 0.146875
25 0.07421875 0.3890625 0.04375 0.146875
25 0.0328125 0.3890625 0.04375 0.146875
25 0.98203125 0.53828125 0.03125 0.1453125
25 0.94609375 0.53828125 0.040625 0.1421875
25 0.90234375 0.53984375 0.04375 0.1453125
25 0.859375 0.53984375 0.04384765625 0.1421875
25 0.81484375 0.53828125 0.04375 0.1421875
25 0.7703125 0.53828125 0.04375 0.1421875
25 0.728125 0.5359375 0.04375 0.14072265625
25 0.68515625 0.5359375 0.04375 0.14072265625
25 0.640625 0.5359375 0.04375 0.146875
25 0.5984375 0.5375 0.04375 0.1439453125
25 0.55390625 0.5359375 0.04375 0.146875
25 0.5109375 0.5359375 0.04677734375 0.146875
25 0.46640625 0.53515625 0.0453125 0.15
25 0.421875 0.5359375 0.04384765625 0.14697265625
25 0.37734375 0.53359375 0.0453125 0.15
25 0.3328125 0.53359375 0.04677734375 0.15
25 0.69609375 0.86875 0.0859375 0.1375
25 0.865625 0.86640625 0.084375 0.1390625
25 0.9484375 0.865625 0.08427734375 0.1375
25 0.0890625 0.85703125 0.084375 0.1390625
25 0.09140625 0.7171875 0.084375 0.14677734375
25 0.178125 0.8546875 0.09375 0.1375
25 0.178125 0.7171875 0.090625 0.1404296875
25 0.26796875 0.8578125 0.0890625 0.14072265625
25 0.26796875 0.7203125 0.0921875 0.1375
25 0.353125 0.85703125 0.084375 0.134375
25 0.4390625 0.859375 0.084375 0.1376953125
25 0.52421875 0.86171875 0.084375 0.1390625
25 0.609375 0.865625 0.0875 0.1375
25 0.353125 0.72109375 0.08115234375 0.134375
25 0.4359375 0.7234375 0.09052734375 0.1375
25 0.52421875 0.725 0.0859375 0.1375
25 0.6109375 0.72578125 0.09052734375 0.1421875
25 0.78359375 0.73046875 0.0875 0.1453125
25 0.86796875 0.72734375 0.0796875 0.1421875
25 0.94921875 0.72734375 0.084375 0.1390625
25 0.0328125 0.5328125 0.040625 0.1408203125
25 0.0734375 0.53125 0.040625 0.14365234375