25 0.709375 0.196875 0.24375 0.10625
25 0.21171875 0.884375 0.240625 0.096875
25 0.2203125 0.7828125 0.24052734375 0.10302734375
25 0.225 0.68359375 0.240625 0.096875
25 0.9171875 0.540625 0.16552734375 0.10625
25 0.9171875 0.4375 0.165625 0.103125
25 0.71171875 0.54296875 0.240625 0.103125
25 0.7140625 0.43984375 0.24052734375 0.103125
25 0.47265625 0.5453125 0.2390625 0.103125
25 0.47265625 0.44140625 0.240625 0.103125
25 0.484375 0.35078125 0.21875 0.0765625
25 0.271875 0.35546875 0.20634765625 0.0625
25 0.22265625 0.546875 0.24375 0.103125
25 0.23203125 0.44140625 0.24375 0.10625
25 0.915625 0.0953125 0.16875 0.10625
25 0.70703125 0.0953125 0.24375 0.103125
25 0.45703125 0.7765625 0.2390625 0.1158203125
25 0.459375 0.0984375 0.24375 0.103125
25 0.46484375 0.20078125 0.240625 0.0984375
25 0.2203125 0.20078125 0.2341796875 0.1078125
25 0.21640625 0.09765625 0.240625 0.1078125
25 0.48828125 0.678125 0.2140625 0.08759765625
25 0.05078125 0.5453125 0.1015625 0.103125
25 0.05390625 0.44375 0.1078125 0.0998046875
25 0.065625 0.0296875 0.103125 0.059375
25 0.0484375 0.10546875 0.096875 0.0921875
25 0.04921875 0.2046875 0.0984375 0.10302734375
25 0.915625 0.1984375 0.16875 0.103125
25 0.05078125 0.84140625 0.1015625 0.1734375
25 0.45546875 0.88203125 0.24375 0.096875
25 0.90234375 0.75625 0.1953125 0.10625
25 0.915625 0.88125 0.165625 0.10009765625
25 0.7015625 0.78359375 0.24375 0.103125
25 0.709375 0.88203125 0.24375 0.096875