25 0.803125 0.4671875 0.06240234375 0.1875
25 0.86171875 0.4671875 0.0578125 0.184375
25 0.9203125 0.46640625 0.0595703125 0.1828125
25 0.7390625 0.21875 0.0625 0.17509765625
25 0.6765625 0.22578125 0.05302734375 0.1625
25 0.04296875 0.69609375 0.053125 0.1796875
25 0.09609375 0.6984375 0.05625 0.18427734375
25 0.1515625 0.6984375 0.05625 0.184375
25 0.209375 0.6984375 0.05634765625 0.18427734375
25 0.271875 0.6984375 0.05625 0.18427734375
25 0.328125 0.69921875 0.05625 0.1875
25 0.38671875 0.46875 0.0578125 0.18134765625
25 0.3296875 0.4671875 0.05927734375 0.184375
25 0.271875 0.46875 0.05634765625 0.18134765625
25 0.2140625 0.46875 0.05947265625 0.18740234375
25 0.1546875 0.46640625 0.05947265625 0.1859375
25 0.09765625 0.4703125 0.0578125 0.17822265625
25 0.0421875 0.47109375 0.05927734375 0.178125
25 0.6140625 0.46875 0.053125 0.18134765625
25 0.384375 0.69921875 0.05634765625 0.1875
25 0.44140625 0.69921875 0.0578125 0.1875
25 0.50859375 0.69921875 0.0609375 0.1859375
25 0.571875 0.6984375 0.05625 0.18427734375
25 0.634375 0.69921875 0.05634765625 0.1859375
25 0.69375 0.69921875 0.059375 0.1859375
25 0.75234375 0.70078125 0.059375 0.1875
25 0.66953125 0.4671875 0.059375 0.1875
25 0.92421875 0.21640625 0.065625 0.178125
25 0.8609375 0.21640625 0.065625 0.178125
25 0.79921875 0.2171875 0.0609375 0.178125
25 0.74375 0.4671875 0.059375 0.190625