21 0.78515625 0.57109375 0.040625 0.04375
21 0.25234375 0.5765625 0.0875 0.04072265625
21 0.16328125 0.58203125 0.0875 0.075
21 0.9171875 0.5828125 0.04072265625 0.06572265625
21 0.828125 0.5828125 0.03759765625 0.06572265625
21 0.86875 0.5828125 0.04375 0.0658203125
21 0.07578125 0.58671875 0.084375 0.06875
21 0.6 0.6609375 0.040625 0.028125
21 0.55390625 0.6625 0.04375 0.028125
21 0.9171875 0.66796875 0.08125 0.0703125
21 0.071875 0.67421875 0.0625 0.0796875
21 0.18125 0.68359375 0.03759765625 0.0453125