25 0.8125 0.4046875 0.05009765625 0.071875
25 0.1625 0.1734375 0.05625 0.071875
25 0.21484375 0.171875 0.0515625 0.075
25 0.26328125 0.17421875 0.0484375 0.071875
25 0.3125 0.1734375 0.053125 0.07177734375
25 0.36328125 0.1734375 0.0515625 0.071875
25 0.41328125 0.1734375 0.0484375 0.071875
25 0.4625 0.1734375 0.05009765625 0.071875
25 0.51328125 0.17421875 0.0515625 0.0703125
25 0.5625 0.1734375 0.05009765625 0.071875
25 0.61328125 0.1734375 0.0515625 0.071875
25 0.66328125 0.171875 0.053125 0.071875
25 0.7203125 0.1734375 0.053125 0.071875
25 0.05625 0.28984375 0.05625 0.0703125
25 0.109375 0.290625 0.05009765625 0.06884765625
25 0.15859375 0.290625 0.0515625 0.06884765625
25 0.2078125 0.28984375 0.05302734375 0.071875
25 0.25703125 0.28984375 0.0515625 0.071875
25 0.30859375 0.290625 0.0515625 0.071875
25 0.3578125 0.290625 0.05302734375 0.071875
25 0.40859375 0.290625 0.0515625 0.071875
25 0.4578125 0.290625 0.05302734375 0.071875
25 0.50859375 0.2921875 0.0515625 0.071875
25 0.5578125 0.2921875 0.05302734375 0.071875
25 0.60703125 0.2921875 0.0515625 0.071875
25 0.6578125 0.290625 0.05302734375 0.071875
25 0.7078125 0.28984375 0.05302734375 0.071875
25 0.75859375 0.28984375 0.0515625 0.071875
25 0.80859375 0.28984375 0.0515625 0.071875
25 0.859375 0.28984375 0.05009765625 0.071875
25 0.90859375 0.28828125 0.0484375 0.071875
25 0.9578125 0.28828125 0.05302734375 0.071875
25 0.0203125 0.4046875 0.040625 0.07177734375
25 0.0640625 0.40625 0.04697265625 0.071875
25 0.1140625 0.40625 0.05302734375 0.071875
25 0.16484375 0.40625 0.0515625 0.071875
25 0.21640625 0.40625 0.0515625 0.071875
25 0.2671875 0.40625 0.05302734375 0.071875
25 0.31953125 0.4078125 0.0515625 0.071875
25 0.36796875 0.40625 0.0484375 0.071875
25 0.415625 0.40625 0.04990234375 0.075
25 0.4640625 0.4078125 0.04697265625 0.071875
25 0.51328125 0.4078125 0.0484375 0.071875
25 0.5609375 0.40625 0.04697265625 0.071875
25 0.6109375 0.40625 0.04697265625 0.071875
25 0.66015625 0.4078125 0.0515625 0.071875
25 0.71015625 0.40625 0.0515625 0.071875
25 0.76171875 0.40625 0.0515625 0.071875
25 0.86328125 0.4046875 0.0515625 0.071875
25 0.9125 0.40625 0.04990234375 0.06865234375
25 0.021875 0.63203125 0.04375 0.075
25 0.06484375 0.63203125 0.0453125 0.075
25 0.11171875 0.63203125 0.0484375 0.075
25 0.16328125 0.63125 0.0515625 0.075
25 0.21484375 0.63125 0.0515625 0.075
25 0.2671875 0.63125 0.053125 0.0810546875