25 0.4171875 0.81484375 0.04375 0.1859375
25 0.36875 0.81484375 0.04375 0.1828125
25 0.2765625 0.8140625 0.040625 0.18427734375
25 0.2359375 0.81484375 0.040625 0.1828125
25 0.1921875 0.8140625 0.0466796875 0.18125
25 0.1453125 0.81484375 0.04677734375 0.18125
25 0.0953125 0.81484375 0.05625 0.18125
25 0.040625 0.81484375 0.05009765625 0.18125
25 0.88671875 0.77734375 0.04375 0.1328125
25 0.93359375 0.78359375 0.0515625 0.146875
25 0.9796875 0.79453125 0.040625 0.16875
25 0.9578125 0.5953125 0.05302734375 0.159375
25 0.91015625 0.58671875 0.0453125 0.153125
25 0.4578125 0.58203125 0.040625 0.2125
25 0.4171875 0.5828125 0.040625 0.21572265625
25 0.3765625 0.58203125 0.04375 0.2125
25 0.33046875 0.5796875 0.0484375 0.209375
25 0.2828125 0.58203125 0.05302734375 0.2140625
25 0.234375 0.5828125 0.04375 0.21875
25 0.18984375 0.5828125 0.0453125 0.2158203125
25 0.14453125 0.58203125 0.0453125 0.221875
25 0.1078125 0.571875 0.0470703125 0.2
25 0.05859375 0.58046875 0.0515625 0.21875
25 0.984375 0.38125 0.02509765625 0.165625
25 0.953125 0.37890625 0.04990234375 0.165625
25 0.4625 0.3578125 0.03759765625 0.17802734375
25 0.40625 0.35546875 0.040625 0.1859375
25 0.36640625 0.353125 0.0390625 0.18740234375
25 0.328125 0.35234375 0.03759765625 0.1859375
25 0.296875 0.35234375 0.0251953125 0.1828125
25 0.2640625 0.35078125 0.0345703125 0.178125
25 0.22109375 0.35 0.040625 0.1875
25 0.1828125 0.3484375 0.03447265625 0.18447265625
25 0.1421875 0.34765625 0.04375 0.1859375
25 0.103125 0.34765625 0.03759765625 0.1859375
25 0.0625 0.3453125 0.04384765625 0.1875
25 0.0203125 0.34375 0.040625 0.19365234375
25 0.5921875 0.1234375 0.03125 0.146875
25 0.56015625 0.12265625 0.034375 0.146875
25 0.53125 0.11875 0.034375 0.1501953125
25 0.4953125 0.12265625 0.025 0.1390625
25 0.46875 0.11640625 0.03115234375 0.15
25 0.4390625 0.11328125 0.034375 0.1515625
25 0.40625 0.11328125 0.034375 0.15
25 0.38125 0.13671875 0.0251953125 0.0984375
25 0.35546875 0.04453125 0.0296875 0.0890625
25 0.35234375 0.1359375 0.0265625 0.09677734375
25 0.3265625 0.04453125 0.02822265625 0.0890625
25 0.32421875 0.134375 0.0296875 0.096875
25 0.2953125 0.13359375 0.02802734375 0.0953125
25 0.30078125 0.04296875 0.0265625 0.0859375
25 0.26953125 0.1359375 0.025 0.0875
25 0.271875 0.0453125 0.028125 0.090625
25 0.240625 0.103125 0.034375 0.15
25 0.2078125 0.103125 0.03427734375 0.146875
25 0.17421875 0.0984375 0.0359375 0.15302734375
25 0.140625 0.1 0.034375 0.146875
25 0.10546875 0.09375 0.0359375 0.15625
25 0.071875 0.09140625 0.03125 0.15625
25 0.040625 0.09140625 0.03125 0.153125
25 0.01328125 0.0875 0.0265625 0.153125