26 0.03125 0.46640625 0.0625 0.10625
26 0.03984375 0.57109375 0.078125 0.1328125
26 0.06484375 0.740625 0.1296875 0.16240234375
26 0.07109375 0.80859375 0.1421875 0.1265625
26 0.046875 0.6453125 0.09365234375 0.125
26 0.171875 0.5375 0.1560546875 0.1439453125
26 0.17421875 0.64765625 0.2078125 0.184375
26 0.19921875 0.8234375 0.2015625 0.184375
26 0.21015625 0.74765625 0.153125 0.134375
26 0.90859375 0.68515625 0.1703125 0.2
26 0.4703125 0.5265625 0.240625 0.209375
26 0.7203125 0.6046875 0.27177734375 0.22197265625
26 0.66484375 0.69140625 0.2078125 0.1609375
26 0.6546875 0.76796875 0.2 0.1546875
26 0.48671875 0.625 0.1703125 0.153125
26 0.3234375 0.015625 0.21572265625 0.03125
26 0.66953125 0.06953125 0.2609375 0.1296875
26 0.88359375 0.446875 0.215625 0.178125
26 0.14765625 0.0203125 0.159375 0.040625
26 0.89296875 0.3296875 0.2125 0.22822265625
26 0.90390625 0.2125 0.1921875 0.203125