26 0.93125 0.1078125 0.06259765625 0.10302734375
26 0.9078125 0.0421875 0.090625 0.084375
26 0.79296875 0.1546875 0.15 0.146875
26 0.765625 0.078125 0.20009765625 0.15615234375
26 0.709375 0.03515625 0.14990234375 0.0703125
26 0.10078125 0.59140625 0.2015625 0.221875
26 0.5375 0.38828125 0.23125 0.215625
26 0.303125 0.50859375 0.259375 0.23125
26 0.3296875 0.390625 0.2 0.165625
26 0.31953125 0.31875 0.1921875 0.1564453125
26 0.4984375 0.31484375 0.165625 0.15625
26 0.80390625 0.79921875 0.215625 0.2078125
26 0.478125 0.93125 0.26240234375 0.134375
26 0.196875 0.76796875 0.20634765625 0.1828125
26 0.9375 0.64296875 0.12490234375 0.1734375
26 0.1921875 0.88671875 0.259375 0.225
26 0.203125 0.95078125 0.25625 0.0984375