25 0.6078125 0.8734375 0.1091796875 0.1875
25 0.02890625 0.178125 0.0578125 0.221875
25 0.10546875 0.178125 0.09375 0.22490234375
25 0.19609375 0.18125 0.0875 0.21865234375
25 0.28359375 0.18125 0.0890625 0.21875
25 0.3734375 0.18125 0.09052734375 0.21875
25 0.4640625 0.1828125 0.0904296875 0.21875
25 0.553125 0.18359375 0.090625 0.2171875
25 0.64453125 0.18359375 0.0890625 0.2171875
25 0.734375 0.18359375 0.08759765625 0.21875
25 0.82421875 0.18515625 0.0890625 0.21875
25 0.91328125 0.18359375 0.0890625 0.21875
25 0.978125 0.1859375 0.03759765625 0.21552734375
25 0.1046875 0.5453125 0.128125 0.259375
25 0.22734375 0.546875 0.1203125 0.259375
25 0.34609375 0.546875 0.11875 0.2564453125
25 0.46640625 0.546875 0.11875 0.25634765625
25 0.5828125 0.5484375 0.115625 0.2591796875
25 0.703125 0.54921875 0.12490234375 0.2578125
25 0.81953125 0.5484375 0.1140625 0.259375
25 0.9359375 0.54921875 0.12197265625 0.259375
25 0.078125 0.87265625 0.11240234375 0.1875
25 0.18515625 0.875 0.10625 0.18740234375
25 0.290625 0.875 0.1064453125 0.1873046875
25 0.396875 0.875 0.10625 0.18134765625
25 0.5 0.8734375 0.10625 0.1875
25 0.7171875 0.875 0.11552734375 0.18740234375
25 0.82421875 0.875 0.103125 0.18740234375
25 0.93046875 0.875 0.10625 0.1875