25 0.8796875 0.2046875 0.07177734375 0.303125
25 0.0375 0.19375 0.05625 0.3185546875
25 0.1 0.19453125 0.06875 0.31875
25 0.16953125 0.19453125 0.0703125 0.31875
25 0.23828125 0.196875 0.0703125 0.31865234375
25 0.31015625 0.196875 0.0765625 0.31865234375
25 0.38203125 0.19140625 0.0609375 0.3171875
25 0.4375 0.19921875 0.053125 0.2984375
25 0.49296875 0.19921875 0.0609375 0.3109375
25 0.5578125 0.19921875 0.06572265625 0.3125
25 0.6265625 0.19921875 0.0658203125 0.3109375
25 0.68515625 0.19921875 0.0515625 0.3125
25 0.75 0.1984375 0.06240234375 0.315625
25 0.8140625 0.203125 0.059375 0.30634765625
25 0.94375 0.20546875 0.05634765625 0.30625
25 0.09140625 0.56875 0.0796875 0.321875
25 0.16953125 0.56875 0.0828125 0.321875
25 0.2515625 0.5484375 0.075 0.30302734375
25 0.32421875 0.55078125 0.0703125 0.29375
25 0.39453125 0.54453125 0.071875 0.303125
25 0.47265625 0.56953125 0.071875 0.321875
25 0.54921875 0.5671875 0.075 0.315625
25 0.64453125 0.5734375 0.0765625 0.30947265625
25 0.72578125 0.56953125 0.075 0.3125
25 0.80078125 0.56640625 0.071875 0.315625
25 0.8703125 0.56640625 0.0658203125 0.3109375
25 0.9390625 0.56484375 0.06572265625 0.3109375
25 0.05078125 0.83984375 0.0984375 0.1375
25 0.1546875 0.8375 0.10947265625 0.13759765625
25 0.265625 0.8375 0.11240234375 0.1375
25 0.3734375 0.83671875 0.10625 0.1375
25 0.47109375 0.83046875 0.0875 0.1328125
25 0.5578125 0.83046875 0.0904296875 0.1375
25 0.6453125 0.8296875 0.08447265625 0.1375
25 0.7328125 0.8234375 0.0875 0.13427734375
25 0.8015625 0.7984375 0.09072265625 0.0875
25 0.925 0.81796875 0.15 0.1328125