26 0.2546875 0.0359375 0.1720703125 0.071875
26 0.46484375 0.08046875 0.1265625 0.1125
26 0.63203125 0.1453125 0.090625 0.09072265625
26 0.8421875 0.2296875 0.059375 0.07197265625
26 0.83046875 0.15859375 0.0765625 0.0703125
26 0.828125 0.10234375 0.103125 0.0890625
26 0.58515625 0.6078125 0.1375 0.115625
26 0.58984375 0.52890625 0.1390625 0.1203125
26 0.5203125 0.42890625 0.12822265625 0.1046875
26 0.50234375 0.35234375 0.1296875 0.0953125
26 0.70703125 0.40859375 0.1296875 0.1015625
26 0.7015625 0.4734375 0.12802734375 0.10302734375
26 0.703125 0.54296875 0.10634765625 0.0921875
26 0.69921875 0.60546875 0.1078125 0.09375