26 0.63359375 0.76953125 0.4265625 0.125
26 0.65625 0.70546875 0.41240234375 0.1140625
26 0.68125 0.64765625 0.40615234375 0.1109375
26 0.7015625 0.5953125 0.396875 0.10625
26 0.71875 0.54296875 0.384375 0.1046875
26 0.2296875 0.7125 0.4408203125 0.1310546875
26 0.26796875 0.64765625 0.425 0.115625
26 0.303125 0.58984375 0.40634765625 0.1125
26 0.3296875 0.5359375 0.4 0.1033203125
26 0.359375 0.48828125 0.390625 0.1046875
26 0.1625 0.9390625 0.325 0.09697265625
26 0.6296875 0.978125 0.234375 0.04365234375
26 0.7328125 0.44140625 0.36875 0.09375
26 0.74375 0.3953125 0.359375 0.096875
26 0.7484375 0.35234375 0.34697265625 0.090625
26 0.7640625 0.3140625 0.34072265625 0.09375
26 0.7828125 0.2703125 0.33427734375 0.0875
26 0.5953125 0.07421875 0.278125 0.0921875
26 0.5578125 0.12265625 0.25302734375 0.078125
26 0.62265625 0.03515625 0.30625 0.0703125
26 0.8765625 0.09765625 0.24677734375 0.0875
26 0.81953125 0.15859375 0.2734375 0.0984375
26 0.896875 0.0609375 0.20625 0.06572265625
26 0.3328125 0.0328125 0.27822265625 0.065625