25 0.62890625 0.07578125 0.04375 0.1515625
25 0.67578125 0.07421875 0.0484375 0.1484375
25 0.7171875 0.07578125 0.0529296875 0.1515625
25 0.765625 0.07578125 0.0439453125 0.1515625
25 0.8078125 0.07421875 0.0375 0.1484375
25 0.97890625 0.071875 0.0390625 0.14375
25 0.94140625 0.0734375 0.0390625 0.146875
25 0.76171875 0.74609375 0.0453125 0.1953125
25 0.84921875 0.07421875 0.0421875 0.1484375
25 0.66796875 0.4984375 0.04375 0.17197265625
25 0.71484375 0.509375 0.0515625 0.196875
25 0.76328125 0.509375 0.0453125 0.1939453125
25 0.80859375 0.509375 0.04375 0.1939453125
25 0.85234375 0.50859375 0.04375 0.1953125
25 0.89765625 0.50859375 0.0484375 0.1953125
25 0.94609375 0.509375 0.0484375 0.196875
25 0.0484375 0.2765625 0.04697265625 0.19375
25 0.0921875 0.2765625 0.04677734375 0.19375
25 0.1390625 0.27734375 0.05625 0.1953125
25 0.20546875 0.27421875 0.0390625 0.1859375
25 0.24140625 0.2765625 0.034375 0.1875
25 0.271875 0.27890625 0.04384765625 0.1953125
25 0.3171875 0.27734375 0.04677734375 0.1921875
25 0.36328125 0.27890625 0.0453125 0.1921875
25 0.40625 0.2796875 0.04384765625 0.19072265625
25 0.45078125 0.2765625 0.04375 0.1875
25 0.4953125 0.27890625 0.04677734375 0.1921875
25 0.540625 0.2796875 0.04375 0.1875
25 0.7140625 0.74765625 0.0470703125 0.2
25 0.6671875 0.74609375 0.0466796875 0.1953125
25 0.62265625 0.7453125 0.04375 0.19677734375
25 0.578125 0.7484375 0.0439453125 0.2
25 0.5375 0.72265625 0.03740234375 0.1515625
25 0.48671875 0.78828125 0.0484375 0.2265625
25 0.43984375 0.7875 0.0484375 0.22490234375
25 0.39296875 0.7875 0.0484375 0.221875
25 0.34765625 0.78359375 0.04375 0.2125
25 0.3015625 0.7875 0.04697265625 0.21875
25 0.25 0.78828125 0.05625 0.215625
25 0.1984375 0.7921875 0.05302734375 0.22197265625
25 0.14921875 0.79453125 0.0515625 0.2265625
25 0.0984375 0.7953125 0.053125 0.22197265625
25 0.046875 0.79453125 0.05009765625 0.2234375
25 0.62890625 0.2796875 0.04375 0.19052734375
25 0.58515625 0.2796875 0.04375 0.19052734375
25 0.896875 0.0734375 0.05009765625 0.146875
25 0.7171875 0.2796875 0.04375 0.19052734375
25 0.76171875 0.27890625 0.04375 0.1921875
25 0.80625 0.2796875 0.04375 0.19072265625
25 0.85234375 0.27890625 0.0453125 0.1921875
25 0.89765625 0.27890625 0.0453125 0.1953125
25 0.94375 0.27734375 0.04384765625 0.1953125
25 0.04609375 0.071875 0.0453125 0.14375
25 0.6234375 0.509375 0.04375 0.1939453125
25 0.5796875 0.50859375 0.04375 0.1921875
25 0.53984375 0.49765625 0.034375 0.1703125
25 0.4703125 0.54453125 0.04375 0.2046875
25 0.42890625 0.5453125 0.0359375 0.20302734375
25 0.4 0.5578125 0.04384765625 0.21572265625
25 0.35234375 0.55859375 0.0484375 0.2140625
25 0.30546875 0.55859375 0.04375 0.2140625
25 0.25625 0.5640625 0.0498046875 0.2154296875
25 0.2078125 0.56640625 0.0529296875 0.2171875
25 0.15859375 0.56484375 0.0515625 0.215625
25 0.6734375 0.2796875 0.04375 0.19052734375
25 0.115625 0.5640625 0.0498046875 0.2125
25 0.0671875 0.5625 0.04697265625 0.21259765625
25 0.02265625 0.5640625 0.04375 0.21572265625
25 0.8953125 0.74375 0.04677734375 0.19365234375
25 0.85 0.74296875 0.04384765625 0.190625
25 0.80546875 0.74296875 0.04375 0.1875
25 0.0890625 0.0734375 0.04052734375 0.146875
25 0.13125 0.0734375 0.04990234375 0.146875
25 0.17890625 0.0734375 0.0453125 0.146875
25 0.225 0.0734375 0.04384765625 0.146875
25 0.26875 0.07421875 0.04375 0.1484375
25 0.31328125 0.07421875 0.0421875 0.1484375
25 0.35703125 0.07421875 0.0453125 0.1484375
25 0.40234375 0.07421875 0.0453125 0.1484375
25 0.44609375 0.07421875 0.0421875 0.1484375
25 0.48984375 0.07421875 0.0421875 0.1484375
25 0.53984375 0.07578125 0.04375 0.1515625
25 0.58515625 0.07578125 0.04375 0.1515625