25 0.52265625 0.49140625 0.0515625 0.2625
25 0.0265625 0.171875 0.05302734375 0.259375
25 0.0796875 0.17578125 0.053125 0.2484375
25 0.14921875 0.20703125 0.0484375 0.1875
25 0.1984375 0.1671875 0.05625 0.26572265625
25 0.26171875 0.16796875 0.0578125 0.2625
25 0.328125 0.19375 0.05625 0.21875
25 0.40234375 0.171875 0.053125 0.259375
25 0.478125 0.16953125 0.053125 0.2671875
25 0.5328125 0.16953125 0.053125 0.2671875
25 0.59375 0.171875 0.05625 0.26259765625
25 0.646875 0.1734375 0.05625 0.26552734375
25 0.7015625 0.1703125 0.05625 0.26552734375
25 0.7546875 0.171875 0.0533203125 0.2626953125
25 0.80859375 0.1734375 0.05625 0.2654296875
25 0.86171875 0.17578125 0.05625 0.2625
25 0.1453125 0.490625 0.04697265625 0.26865234375
25 0.196875 0.4890625 0.05625 0.271875
25 0.25234375 0.490625 0.05625 0.2689453125
25 0.30859375 0.490625 0.053125 0.26259765625
25 0.3640625 0.490625 0.0533203125 0.2685546875
25 0.41796875 0.49140625 0.0515625 0.259375
25 0.4703125 0.49140625 0.053125 0.2625
25 0.57578125 0.490625 0.053125 0.2625
25 0.63125 0.490625 0.05009765625 0.2625
25 0.68515625 0.4890625 0.05625 0.26552734375
25 0.740625 0.490625 0.05625 0.26259765625
25 0.78984375 0.4859375 0.0453125 0.24072265625
25 0.84375 0.4890625 0.05625 0.2625
25 0.02421875 0.790625 0.0484375 0.23759765625
25 0.078125 0.790625 0.0623046875 0.240625
25 0.14296875 0.80625 0.0609375 0.26865234375
25 0.20078125 0.80546875 0.05625 0.2671875
25 0.2546875 0.803125 0.05927734375 0.26865234375
25 0.31015625 0.803125 0.053125 0.26884765625
25 0.36171875 0.803125 0.0546875 0.26865234375
25 0.4171875 0.79921875 0.05625 0.2671875
25 0.46875 0.7984375 0.05009765625 0.26552734375
25 0.521875 0.7984375 0.05625 0.26552734375
25 0.57421875 0.7984375 0.0515625 0.26552734375
25 0.6265625 0.796875 0.05302734375 0.26259765625
25 0.67890625 0.7953125 0.0546875 0.2625
25 0.7328125 0.796875 0.053125 0.26259765625
25 0.7859375 0.7953125 0.053125 0.259375
25 0.83671875 0.790625 0.053125 0.259375
25 0.89296875 0.7984375 0.0609375 0.24677734375
25 0.9515625 0.7953125 0.05927734375 0.24052734375