21 0.928125 0.1140625 0.03740234375 0.0875
21 0.88671875 0.11640625 0.0328125 0.084375
21 0.84765625 0.11796875 0.0296875 0.0875
21 0.8109375 0.11875 0.028125 0.0875
21 0.77421875 0.1203125 0.0296875 0.0875
21 0.73203125 0.12109375 0.0328125 0.090625
21 0.86171875 0.2203125 0.034375 0.028125
21 0.7828125 0.2203125 0.03427734375 0.025
21 0.82109375 0.2203125 0.0296875 0.02822265625
21 0.90625 0.22109375 0.0375 0.0296875
21 0.7390625 0.24609375 0.04375 0.0609375
21 0.69609375 0.24765625 0.040625 0.059375
21 0.6453125 0.2484375 0.0404296875 0.0595703125
21 0.59609375 0.25 0.040625 0.06240234375
21 0.50234375 0.25390625 0.04375 0.0609375
21 0.55390625 0.25234375 0.0390625 0.059375
21 0.9171875 0.25390625 0.040625 0.034375
21 0.4546875 0.2546875 0.04052734375 0.05947265625
21 0.8328125 0.2546875 0.03427734375 0.0375
21 0.78984375 0.2546875 0.0375 0.034375
21 0.87265625 0.2546875 0.0328125 0.0375
21 0.928125 0.34609375 0.06875 0.06875
21 0.85 0.35 0.06259765625 0.06259765625
21 0.77734375 0.35078125 0.0703125 0.065625
21 0.696875 0.3546875 0.06884765625 0.0625
21 0.74140625 0.4703125 0.0546875 0.0595703125
21 0.91484375 0.47265625 0.0515625 0.075
21 0.85703125 0.4734375 0.0546875 0.07197265625
21 0.80078125 0.47578125 0.0515625 0.071875
21 0.603125 0.47734375 0.06875 0.071875
21 0.67578125 0.4796875 0.06875 0.0716796875
21 0.52421875 0.4796875 0.065625 0.071875
21 0.453125 0.4796875 0.06865234375 0.071875
21 0.37734375 0.4859375 0.071875 0.06572265625
21 0.7703125 0.5890625 0.07177734375 0.084375
21 0.8453125 0.5921875 0.075 0.08427734375
21 0.91953125 0.59375 0.075 0.08134765625