21 0.196875 0.46484375 0.05009765625 0.0625
21 0.65859375 0.4671875 0.0453125 0.059375
21 0.7484375 0.46875 0.04072265625 0.06240234375
21 0.7046875 0.4703125 0.040625 0.0595703125
21 0.8703125 0.4734375 0.06875 0.05625
21 0.80390625 0.4734375 0.059375 0.05625
21 0.25234375 0.475 0.046875 0.04375
21 0.35703125 0.475 0.046875 0.04375
21 0.303125 0.47578125 0.05009765625 0.0453125
21 0.978125 0.478125 0.04375 0.03759765625
21 0.93125 0.478125 0.05009765625 0.0375
21 0.2953125 0.5890625 0.07177734375 0.05625
21 0.16015625 0.59140625 0.096875 0.0515625
21 0.2359375 0.60234375 0.0470703125 0.028125
21 0.3109375 0.6859375 0.084375 0.05
21 0.125 0.68515625 0.084375 0.0484375
21 0.03984375 0.68515625 0.0796875 0.0515625
21 0.54296875 0.68515625 0.071875 0.046875
21 0.3953125 0.6859375 0.071875 0.04697265625
21 0.2171875 0.6859375 0.090625 0.04677734375
21 0.4703125 0.6859375 0.06875 0.04697265625