21 0.77734375 0.3390625 0.0359375 0.0529296875
21 0.81484375 0.33984375 0.0328125 0.0515625
21 0.584375 0.34375 0.03740234375 0.05009765625
21 0.54296875 0.34375 0.0390625 0.05009765625
21 0.5 0.34375 0.040625 0.05009765625
21 0.4625 0.3703125 0.034375 0.03427734375
21 0.38828125 0.3703125 0.0359375 0.03447265625
21 0.4265625 0.3703125 0.0345703125 0.034375
21 0.81484375 0.39296875 0.0359375 0.053125
21 0.7765625 0.39296875 0.0345703125 0.0546875
21 0.5875 0.39765625 0.04375 0.05625
21 0.5 0.39921875 0.0375 0.053125
21 0.54296875 0.39921875 0.040625 0.0546875
21 0.46171875 0.40859375 0.0359375 0.0328125
21 0.421875 0.40859375 0.0375 0.0328125
21 0.38203125 0.40859375 0.0359375 0.0328125
21 0.92421875 0.5046875 0.065625 0.071875
21 0.78359375 0.50625 0.0671875 0.075
21 0.646875 0.50625 0.06884765625 0.07509765625
21 0.8546875 0.50625 0.065625 0.075
21 0.71640625 0.50625 0.0609375 0.078125
21 0.2640625 0.50859375 0.053125 0.059375
21 0.5828125 0.51171875 0.046875 0.0703125
21 0.47734375 0.51328125 0.0515625 0.0703125
21 0.53125 0.51328125 0.05 0.0703125
21 0.32109375 0.51328125 0.046875 0.06875
21 0.42578125 0.51328125 0.0484375 0.071875
21 0.37265625 0.5140625 0.0515625 0.071875
21 0.803125 0.6265625 0.05615234375 0.05302734375
21 0.478125 0.63203125 0.05 0.0671875
21 0.6359375 0.63203125 0.046875 0.065625
21 0.42578125 0.634375 0.05 0.065625
21 0.584375 0.63203125 0.05 0.0640625
21 0.53125 0.63359375 0.046875 0.0609375
21 0.74609375 0.634375 0.053125 0.05625
21 0.6890625 0.6359375 0.053125 0.059375
21 0.86171875 0.6359375 0.059375 0.05322265625
21 0.91796875 0.6359375 0.0484375 0.053125
21 0.3765625 0.64296875 0.0404296875 0.0453125
21 0.334375 0.64453125 0.0376953125 0.0484375
21 0.28984375 0.6453125 0.0390625 0.046875
21 0.24609375 0.6453125 0.0390625 0.04677734375
21 0.203125 0.646875 0.040625 0.04990234375
21 0.6296875 0.7296875 0.059375 0.075
21 0.56640625 0.7296875 0.059375 0.075
21 0.50390625 0.73203125 0.0609375 0.075
21 0.43984375 0.73203125 0.0640625 0.075
21 0.88203125 0.73203125 0.0515625 0.05625
21 0.81875 0.73203125 0.06240234375 0.0578125
21 0.37265625 0.7328125 0.0640625 0.07802734375
21 0.7546875 0.734375 0.05927734375 0.05625
21 0.69375 0.7359375 0.059375 0.059375