21 0.959375 0.18046875 0.05625 0.0765625
21 0.89921875 0.18125 0.059375 0.075
21 0.84140625 0.18359375 0.05625 0.0734375
21 0.7828125 0.18515625 0.05302734375 0.0734375
21 0.72265625 0.18515625 0.053125 0.0765625
21 0.34375 0.19921875 0.0685546875 0.065625
21 0.41328125 0.20078125 0.0671875 0.05625
21 0.50390625 0.48828125 0.0703125 0.0796875
21 0.43359375 0.4890625 0.0671875 0.07822265625
21 0.65234375 0.490625 0.0515625 0.06884765625
21 0.70703125 0.49140625 0.05 0.06875
21 0.22578125 0.49296875 0.0625 0.075
21 0.365625 0.49375 0.06875 0.06875
21 0.29453125 0.4953125 0.0671875 0.071875
21 0.603125 0.5 0.0376953125 0.0501953125
21 0.165625 0.5015625 0.053125 0.05625
21 0.5609375 0.5015625 0.0375 0.0529296875
21 0.11171875 0.50234375 0.053125 0.05625