21 0.5640625 0.62734375 0.0625 0.0765625
21 0.625 0.640625 0.05009765625 0.05
21 0.68046875 0.6421875 0.053125 0.05302734375
21 0.740625 0.64453125 0.053125 0.0484375
21 0.640625 0.2453125 0.1 0.09697265625
21 0.72734375 0.259375 0.0703125 0.07490234375
21 0.865625 0.27421875 0.05625 0.0515625
21 0.80078125 0.27734375 0.0609375 0.04375
21 0.80546875 0.36328125 0.0328125 0.0453125
21 0.85 0.3640625 0.03125 0.04677734375
21 0.13359375 0.37109375 0.0515625 0.0828125
21 0.19453125 0.37265625 0.05 0.0828125
21 0.25234375 0.375 0.046875 0.08134765625
21 0.30625 0.3765625 0.04384765625 0.08427734375
21 0.3640625 0.3859375 0.04052734375 0.06572265625
21 0.4078125 0.38671875 0.0375 0.06875
21 0.9234375 0.390625 0.025 0.0310546875
21 0.70078125 0.3953125 0.04375 0.05947265625
21 0.75390625 0.396875 0.0453125 0.05634765625
21 0.49609375 0.4 0.0328125 0.0439453125
21 0.53515625 0.4 0.0328125 0.04375
21 0.803125 0.4078125 0.0375 0.040625
21 0.8484375 0.40859375 0.034375 0.040625
21 0.89296875 0.40859375 0.0328125 0.0421875
21 0.92578125 0.41953125 0.0203125 0.0203125
21 0.38359375 0.50390625 0.0578125 0.078125
21 0.446875 0.5046875 0.05625 0.0779296875
21 0.50859375 0.50625 0.0546875 0.075
21 0.56875 0.50703125 0.05625 0.0765625
21 0.6296875 0.51796875 0.04375 0.0578125
21 0.68125 0.51796875 0.04375 0.0578125
21 0.73671875 0.51953125 0.04375 0.0609375
21 0.790625 0.5296875 0.03740234375 0.040625
21 0.8328125 0.53125 0.0345703125 0.040625
21 0.87734375 0.5328125 0.0359375 0.040625
21 0.9203125 0.53359375 0.03427734375 0.0390625