21 0.19453125 0.3921875 0.04375 0.059375
21 0.14296875 0.39296875 0.046875 0.0578125
21 0.08515625 0.39296875 0.0515625 0.0578125
21 0.2609375 0.44140625 0.1 0.0921875
21 0.36875 0.44140625 0.1 0.090625
21 0.8328125 0.446875 0.071875 0.078125
21 0.478125 0.4484375 0.09990234375 0.071875
21 0.0640625 0.4546875 0.05322265625 0.05947265625
21 0.6265625 0.4578125 0.059375 0.05625
21 0.12265625 0.45546875 0.0515625 0.0609375
21 0.18046875 0.45703125 0.046875 0.0609375
21 0.5640625 0.4578125 0.05625 0.05625
21 0.69375 0.4578125 0.0623046875 0.05625
21 0.9078125 0.45703125 0.05625 0.0609375
21 0.759375 0.4578125 0.059375 0.05947265625
21 0.203125 0.59140625 0.08125 0.1
21 0.1046875 0.5921875 0.0875 0.1
21 0.296875 0.5921875 0.0875 0.10302734375
21 0.3921875 0.5921875 0.07802734375 0.1
21 0.81875 0.6 0.09990234375 0.090625
21 0.9265625 0.60078125 0.10947265625 0.090625
21 0.475 0.60546875 0.08115234375 0.0703125
21 0.6421875 0.6078125 0.07802734375 0.07177734375
21 0.55859375 0.6078125 0.0734375 0.06875
21 0.72734375 0.609375 0.08125 0.06865234375
21 0.084375 0.74296875 0.08125 0.0875
21 0.171875 0.74296875 0.07509765625 0.090625
21 0.25859375 0.74375 0.08125 0.090625
21 0.3453125 0.74375 0.0779296875 0.090625
21 0.4265625 0.75390625 0.071875 0.071875
21 0.50234375 0.75390625 0.0671875 0.075
21 0.5765625 0.75390625 0.0625 0.075