21 0.459375 0.2046875 0.04384765625 0.059375
21 0.50859375 0.2046875 0.0515625 0.059375
21 0.25703125 0.2046875 0.0453125 0.0654296875
21 0.41015625 0.20546875 0.0453125 0.0609375
21 0.1234375 0.20546875 0.040625 0.065625
21 0.3578125 0.20546875 0.0470703125 0.0578125
21 0.21171875 0.20546875 0.04375 0.0609375
21 0.16953125 0.20703125 0.040625 0.065625
21 0.30625 0.20703125 0.0439453125 0.0609375
21 0.93046875 0.3578125 0.0828125 0.096875
21 0.42421875 0.51328125 0.0390625 0.0359375
21 0.4640625 0.51328125 0.04052734375 0.0375
21 0.3859375 0.515625 0.0345703125 0.034375
21 0.34609375 0.515625 0.0390625 0.03740234375
21 0.290625 0.546875 0.04990234375 0.05625
21 0.24140625 0.546875 0.0515625 0.05625
21 0.1921875 0.5484375 0.04677734375 0.059375
21 0.37734375 0.55546875 0.0359375 0.0375
21 0.41484375 0.55546875 0.0390625 0.0375
21 0.45703125 0.55546875 0.040625 0.0375
21 0.334375 0.55625 0.03759765625 0.0375
21 0.5671875 0.71484375 0.075 0.0921875
21 0.6421875 0.7234375 0.065625 0.075
21 0.77421875 0.725 0.0671875 0.071875
21 0.7078125 0.72734375 0.059375 0.06875