21 0.078125 0.42421875 0.08759765625 0.0609375
21 0.17578125 0.42578125 0.0875 0.0609375
21 0.26796875 0.4265625 0.084375 0.059375
21 0.459375 0.428125 0.0873046875 0.059375
21 0.553125 0.428125 0.08134765625 0.06240234375
21 0.3609375 0.42890625 0.0875 0.0578125
21 0.8234375 0.43046875 0.075 0.0578125
21 0.7390625 0.43046875 0.07822265625 0.05625
21 0.64921875 0.43046875 0.0828125 0.05625
21 0.85 0.5671875 0.0623046875 0.0716796875
21 0.28125 0.5765625 0.05625 0.0529296875
21 0.33515625 0.5765625 0.0546875 0.05302734375
21 0.5609375 0.5765625 0.05 0.05302734375
21 0.39296875 0.5765625 0.0515625 0.05302734375
21 0.7859375 0.5765625 0.05302734375 0.05
21 0.44921875 0.5765625 0.0515625 0.0529296875
21 0.50625 0.5765625 0.0501953125 0.0529296875
21 0.67578125 0.5765625 0.0515625 0.05302734375
21 0.61640625 0.5765625 0.0515625 0.05302734375
21 0.7296875 0.5765625 0.0529296875 0.0529296875
21 0.0828125 0.58515625 0.04375 0.0359375
21 0.17890625 0.58671875 0.046875 0.034375
21 0.228125 0.58671875 0.04384765625 0.0328125
21 0.1296875 0.58671875 0.04375 0.034375