21 0.3546875 0.375 0.090625 0.0875
21 0.45078125 0.3765625 0.0890625 0.0875
21 0.0796875 0.3796875 0.05625 0.07822265625
21 0.15 0.3796875 0.05625 0.075
21 0.53828125 0.3859375 0.06875 0.06572265625
21 0.615625 0.38671875 0.071875 0.0671875
21 0.6921875 0.38828125 0.0716796875 0.0671875
21 0.2140625 0.3921875 0.046875 0.053125
21 0.27421875 0.3921875 0.0515625 0.05302734375
21 0.8796875 0.396875 0.0904296875 0.05625
21 0.75703125 0.40625 0.046875 0.0310546875
21 0.81015625 0.40625 0.0421875 0.028125
21 0.74765625 0.49375 0.0890625 0.071875
21 0.31484375 0.4984375 0.0703125 0.06552734375
21 0.3953125 0.4984375 0.06875 0.0654296875
21 0.57109375 0.5015625 0.08125 0.05322265625
21 0.484375 0.50234375 0.08134765625 0.05625
21 0.6625 0.50234375 0.08115234375 0.0546875
21 0.18359375 0.50703125 0.0546875 0.0484375
21 0.11875 0.50703125 0.06240234375 0.0453125
21 0.2453125 0.50859375 0.05302734375 0.0453125