21 0.68359375 0.3109375 0.0828125 0.075
21 0.60546875 0.3109375 0.075 0.075
21 0.52890625 0.3125 0.0734375 0.07509765625
21 0.36796875 0.3125 0.0765625 0.0751953125
21 0.44609375 0.3140625 0.0765625 0.075
21 0.2359375 0.32578125 0.05302734375 0.0546875
21 0.2984375 0.32578125 0.05625 0.05625
21 0.81484375 0.4078125 0.0453125 0.053125
21 0.7125 0.40859375 0.04365234375 0.053125
21 0.76328125 0.40859375 0.0484375 0.05625
21 0.5328125 0.41015625 0.06572265625 0.0484375
21 0.225 0.4125 0.04365234375 0.046875
21 0.1828125 0.415625 0.0345703125 0.0439453125
21 0.1390625 0.44140625 0.04052734375 0.0328125
21 0.06015625 0.44140625 0.0359375 0.034375
21 0.103125 0.44140625 0.0373046875 0.03125
21 0.65859375 0.4546875 0.0515625 0.06875
21 0.5984375 0.4546875 0.05322265625 0.07177734375
21 0.28125 0.45703125 0.05625 0.065625
21 0.3390625 0.45703125 0.0591796875 0.0625
21 0.39765625 0.4578125 0.0515625 0.06572265625
21 0.765625 0.46171875 0.04365234375 0.05
21 0.81484375 0.4625 0.0484375 0.05009765625
21 0.5328125 0.4625 0.06552734375 0.05009765625
21 0.71640625 0.4625 0.0453125 0.05009765625
21 0.22734375 0.4640625 0.040625 0.04677734375
21 0.46015625 0.4640625 0.0640625 0.04677734375
21 0.1828125 0.46484375 0.040625 0.0453125
21 0.14296875 0.4734375 0.0296875 0.028125
21 0.0625 0.4734375 0.0373046875 0.028125
21 0.1046875 0.475 0.03447265625 0.03115234375
21 0.75703125 0.54453125 0.0359375 0.0546875
21 0.6578125 0.584375 0.053125 0.09365234375
21 0.2390625 0.58671875 0.0625 0.0828125
21 0.76171875 0.60234375 0.040625 0.0546875