21 0.26328125 0.89921875 0.0765625 0.0671875
21 0.1046875 0.9 0.0654296875 0.06875
21 0.428125 0.9 0.07490234375 0.08115234375
21 0.18984375 0.9015625 0.0703125 0.06552734375
21 0.50859375 0.90234375 0.075 0.0796875
21 0.34609375 0.90234375 0.0765625 0.0765625
21 0.63359375 0.90625 0.053125 0.071875
21 0.80859375 0.90625 0.0515625 0.07490234375
21 0.6921875 0.90625 0.05322265625 0.071875
21 0.5765625 0.90625 0.0533203125 0.0751953125
21 0.7484375 0.9078125 0.059375 0.07802734375
21 0.86640625 0.91015625 0.059375 0.0765625
21 0.9265625 0.91015625 0.05625 0.078125
21 0.7796875 0.1703125 0.0908203125 0.128125
21 0.68515625 0.1703125 0.0875 0.1279296875
21 0.60234375 0.1703125 0.0796875 0.12197265625
21 0.87265625 0.171875 0.0875 0.13115234375
21 0.959375 0.1734375 0.08125 0.12822265625
21 0.115625 0.38671875 0.06865234375 0.0984375
21 0.1875 0.38828125 0.071875 0.0953125
21 0.40234375 0.390625 0.0703125 0.09375
21 0.26171875 0.390625 0.0671875 0.096875
21 0.3296875 0.390625 0.06875 0.10009765625
21 0.47265625 0.390625 0.0671875 0.0998046875
21 0.5484375 0.3921875 0.07177734375 0.09677734375
21 0.6140625 0.4046875 0.05322265625 0.075
21 0.7296875 0.40625 0.05625 0.075
21 0.671875 0.4078125 0.05625 0.075
21 0.78984375 0.4078125 0.0609375 0.071875
21 0.853125 0.40859375 0.06240234375 0.0765625
21 0.90859375 0.4234375 0.046875 0.04697265625
21 0.96015625 0.42421875 0.0546875 0.05
21 0.2546875 0.5484375 0.0875 0.103125
21 0.1546875 0.5484375 0.084375 0.0970703125
21 0.540625 0.55078125 0.0875 0.10625
21 0.62890625 0.54921875 0.0890625 0.103125
21 0.44453125 0.55078125 0.0859375 0.103125
21 0.353125 0.5515625 0.08740234375 0.10302734375
21 0.725 0.55390625 0.09375 0.10625
21 0.8328125 0.55625 0.0908203125 0.103125
21 0.9265625 0.5578125 0.090625 0.10927734375
21 0.14765625 0.70546875 0.090625 0.10625
21 0.2453125 0.7078125 0.08447265625 0.10625
21 0.62265625 0.709375 0.0828125 0.09990234375
21 0.34140625 0.71171875 0.0921875 0.10625
21 0.43984375 0.7140625 0.0921875 0.09072265625
21 0.53125 0.71484375 0.09365234375 0.096875
21 0.81484375 0.71484375 0.0921875 0.0953125
21 0.72109375 0.71484375 0.0875 0.090625
21 0.9171875 0.7234375 0.09697265625 0.090625