21 0.25390625 0.85 0.0546875 0.05625
21 0.3125 0.85 0.05 0.05625
21 0.18046875 0.35078125 0.040625 0.053125
21 0.10078125 0.35078125 0.0359375 0.0546875
21 0.25703125 0.35078125 0.0359375 0.0546875
21 0.21875 0.35234375 0.034375 0.0546875
21 0.33046875 0.35234375 0.0359375 0.053125
21 0.2953125 0.35234375 0.0341796875 0.0515625
21 0.140625 0.35234375 0.03740234375 0.0515625
21 0.859375 0.396875 0.0623046875 0.0875
21 0.634375 0.39765625 0.0685546875 0.08125
21 0.78828125 0.39921875 0.0671875 0.084375
21 0.7125 0.39921875 0.06875 0.084375
21 0.5609375 0.39921875 0.06552734375 0.084375
21 0.49140625 0.39921875 0.071875 0.0859375
21 0.06484375 0.4109375 0.0375 0.0529296875
21 0.15 0.4109375 0.03740234375 0.05302734375
21 0.11171875 0.4125 0.0359375 0.053125
21 0.3125 0.4125 0.03740234375 0.053125
21 0.2328125 0.4125 0.04052734375 0.05625
21 0.1921875 0.4125 0.0345703125 0.05625
21 0.275 0.41328125 0.0373046875 0.0546875
21 0.41328125 0.5578125 0.0484375 0.071875
21 0.3609375 0.5578125 0.05302734375 0.075
21 0.3015625 0.55859375 0.05302734375 0.065625
21 0.2484375 0.56015625 0.05 0.06875
21 0.75 0.67578125 0.03740234375 0.0328125
21 0.78515625 0.6765625 0.0359375 0.028125
21 0.71171875 0.678125 0.0359375 0.028125
21 0.63125 0.7078125 0.03740234375 0.05302734375
21 0.671875 0.709375 0.040625 0.05
21 0.5890625 0.709375 0.0375 0.05009765625
21 0.5453125 0.71015625 0.03447265625 0.0484375
21 0.75390625 0.7203125 0.040625 0.028125
21 0.7953125 0.72109375 0.03447265625 0.028125
21 0.7171875 0.72265625 0.03447265625 0.028125
21 0.83046875 0.72265625 0.0296875 0.0265625