21 0.58984375 0.49765625 0.053125 0.1796875
21 0.2796875 0.51328125 0.0529296875 0.13125
21 0.33671875 0.51328125 0.0484375 0.134375
21 0.9125 0.80546875 0.03759765625 0.0578125
21 0.75 0.81953125 0.05009765625 0.1796875
21 0.59765625 0.82109375 0.075 0.165625
21 0.85234375 0.8375 0.0578125 0.12490234375
21 0.19609375 0.83046875 0.0984375 0.15
21 0.09609375 0.83046875 0.096875 0.1703125
21 0.79921875 0.85234375 0.040625 0.10625
21 0.671875 0.85546875 0.0689453125 0.1078125
21 0.2875 0.85546875 0.075 0.1125
21 0.35078125 0.85546875 0.0453125 0.103125
21 0.9015625 0.86796875 0.0345703125 0.0546875