21 0.08984375 0.8921875 0.0515625 0.046875
21 0.1453125 0.89296875 0.046875 0.046875
21 0.20078125 0.89296875 0.0515625 0.0453125
21 0.375 0.9 0.05009765625 0.05009765625
21 0.259375 0.8953125 0.046875 0.05
21 0.31875 0.89765625 0.046875 0.05
21 0.43515625 0.9015625 0.05 0.0529296875
21 0.490625 0.90390625 0.053125 0.0515625
21 0.61171875 0.9078125 0.05 0.0470703125
21 0.55390625 0.9078125 0.05 0.05
21 0.6734375 0.90859375 0.05322265625 0.05
21 0.73203125 0.91015625 0.0515625 0.05
21 0.78984375 0.9109375 0.05 0.05302734375
21 0.84765625 0.9125 0.046875 0.05
21 0.1578125 0.25234375 0.08125 0.10625
21 0.0625 0.2515625 0.0875 0.1033203125
21 0.7171875 0.26328125 0.0875 0.0796875
21 0.52734375 0.2640625 0.0859375 0.07822265625
21 0.62109375 0.2640625 0.0921875 0.0783203125
21 0.4328125 0.265625 0.0875 0.07509765625
21 0.27265625 0.4390625 0.0640625 0.07822265625
21 0.20078125 0.4375 0.06875 0.0814453125
21 0.84375 0.43984375 0.04375 0.0796875
21 0.9015625 0.44140625 0.05302734375 0.0796875
21 0.63671875 0.44453125 0.1109375 0.0765625
21 0.75625 0.44609375 0.11259765625 0.071875
21 0.4828125 0.4484375 0.053125 0.05322265625
21 0.546875 0.46171875 0.05625 0.0328125
21 0.2546875 0.603125 0.09072265625 0.065625
21 0.3546875 0.60703125 0.0908203125 0.0640625
21 0.46171875 0.6078125 0.1046875 0.0654296875
21 0.56640625 0.6078125 0.090625 0.06552734375
21 0.6625 0.61171875 0.090625 0.059375