21 0.8703125 0.4859375 0.0720703125 0.084375
21 0.7953125 0.49296875 0.07822265625 0.078125
21 0.62734375 0.4984375 0.071875 0.0779296875
21 0.709375 0.4984375 0.08134765625 0.078125
21 0.54453125 0.50234375 0.078125 0.0828125
21 0.46015625 0.5046875 0.08125 0.08447265625
21 0.3734375 0.50859375 0.09052734375 0.0984375
21 0.1734375 0.5140625 0.09375 0.09677734375
21 0.275 0.5171875 0.08740234375 0.096875
21 0.875 0.62890625 0.053125 0.065625
21 0.81953125 0.63203125 0.0546875 0.065625
21 0.75703125 0.6359375 0.071875 0.06572265625
21 0.68984375 0.634375 0.0609375 0.06875
21 0.6421875 0.64765625 0.04375 0.0546875
21 0.5921875 0.64921875 0.05302734375 0.0546875
21 0.540625 0.6515625 0.05009765625 0.05625
21 0.47578125 0.65625 0.06875 0.06875
21 0.4 0.65625 0.06259765625 0.06259765625
21 0.3390625 0.66484375 0.0625 0.059375
21 0.265625 0.66796875 0.07509765625 0.065625
21 0.1875 0.671875 0.071875 0.06259765625
21 0.7078125 0.72734375 0.040625 0.0453125
21 0.66015625 0.73046875 0.0390625 0.0453125
21 0.6140625 0.7359375 0.040625 0.04072265625
21 0.56875 0.740625 0.04375 0.04384765625
21 0.834375 0.74296875 0.03759765625 0.0359375
21 0.7921875 0.74609375 0.03447265625 0.0328125
21 0.7484375 0.7484375 0.040625 0.03125
21 0.8609375 0.78359375 0.03447265625 0.0359375
21 0.82421875 0.7859375 0.034375 0.02822265625
21 0.7078125 0.7859375 0.03447265625 0.05302734375
21 0.78828125 0.78984375 0.0359375 0.0328125
21 0.7484375 0.79296875 0.04052734375 0.034375
21 0.6671875 0.79296875 0.0404296875 0.0515625
21 0.52265625 0.7953125 0.053125 0.07177734375
21 0.61875 0.7984375 0.04365234375 0.05
21 0.57421875 0.79921875 0.0390625 0.0515625
21 0.46484375 0.8015625 0.05625 0.06875
21 0.4078125 0.80546875 0.05927734375 0.0703125
21 0.3484375 0.81015625 0.05625 0.065625
21 0.28984375 0.81640625 0.05625 0.0703125
21 0.22734375 0.82109375 0.059375 0.0703125