21 0.06640625 0.3703125 0.09375 0.06572265625
21 0.165625 0.3765625 0.09375 0.05927734375
21 0.26328125 0.37890625 0.0734375 0.053125
21 0.32578125 0.3859375 0.046875 0.04677734375
21 0.7515625 0.39921875 0.04375 0.0234375
21 0.8015625 0.46015625 0.06572265625 0.0625
21 0.88125 0.46171875 0.065625 0.0625
21 0.953125 0.46171875 0.06875 0.0609375
21 0.7328125 0.4640625 0.059375 0.05625
21 0.23046875 0.4671875 0.0453125 0.04677734375
21 0.6140625 0.46875 0.07802734375 0.04384765625
21 0.67890625 0.4703125 0.040625 0.04052734375