21 0.36796875 0.2828125 0.0359375 0.05947265625
21 0.41015625 0.28515625 0.0375 0.0640625
21 0.8078125 0.3015625 0.040625 0.05927734375
21 0.85234375 0.30546875 0.0453125 0.0609375
21 0.896875 0.30390625 0.04375 0.05625
21 0.9484375 0.30625 0.0408203125 0.0560546875
21 0.303125 0.32578125 0.06865234375 0.10625
21 0.69375 0.35078125 0.05009765625 0.0828125
21 0.45546875 0.34375 0.053125 0.08134765625
21 0.5140625 0.3453125 0.05322265625 0.07822265625
21 0.5734375 0.34609375 0.05302734375 0.0796875
21 0.634375 0.35 0.0501953125 0.078125
21 0.3578125 0.3484375 0.0375 0.05947265625
21 0.40234375 0.35078125 0.0375 0.0609375
21 0.7546875 0.35078125 0.05322265625 0.0796875
21 0.80859375 0.36171875 0.040625 0.059375
21 0.8578125 0.3640625 0.04375 0.05625
21 0.90625 0.365625 0.040625 0.059375
21 0.9546875 0.36640625 0.040625 0.059375
21 0.046875 0.4640625 0.07490234375 0.07802734375
21 0.125 0.4671875 0.071875 0.075
21 0.859375 0.4671875 0.03125 0.03427734375
21 0.89765625 0.46875 0.0359375 0.03115234375
21 0.93984375 0.46875 0.034375 0.03115234375
21 0.203125 0.46875 0.071875 0.07509765625
21 0.26171875 0.47109375 0.034375 0.0796875
21 0.51171875 0.47265625 0.075 0.0953125
21 0.30078125 0.4734375 0.0359375 0.08427734375
21 0.3390625 0.4734375 0.034375 0.08427734375
21 0.37734375 0.475 0.0328125 0.08125
21 0.58984375 0.47578125 0.0703125 0.0890625
21 0.41484375 0.47578125 0.0328125 0.078125
21 0.453125 0.47734375 0.034375 0.0796875
21 0.665625 0.47734375 0.06884765625 0.0875
21 0.72578125 0.49609375 0.0421875 0.05625
21 0.771875 0.49609375 0.04365234375 0.0546875
21 0.81953125 0.49765625 0.0421875 0.05625
21 0.86171875 0.5109375 0.0359375 0.02822265625
21 0.90390625 0.51171875 0.0359375 0.0296875
21 0.93984375 0.5140625 0.03125 0.0283203125
21 0.12890625 0.609375 0.0671875 0.08740234375
21 0.05625 0.609375 0.06875 0.0875
21 0.20703125 0.61171875 0.0703125 0.0875
21 0.2796875 0.61328125 0.0658203125 0.084375
21 0.34609375 0.625 0.05625 0.0685546875
21 0.40625 0.62890625 0.05615234375 0.065625
21 0.4671875 0.62890625 0.053125 0.0640625
21 0.66015625 0.63125 0.059375 0.06865234375
21 0.53125 0.63125 0.05625 0.06259765625
21 0.59375 0.63203125 0.05625 0.0640625
21 0.72265625 0.634375 0.05625 0.0685546875
21 0.78515625 0.63828125 0.053125 0.0625
21 0.84140625 0.6390625 0.053125 0.065625
21 0.90234375 0.6390625 0.053125 0.06572265625