21 0.7796875 0.9546875 0.03447265625 0.05927734375
21 0.83671875 0.96015625 0.040625 0.0625
21 0.89296875 0.96484375 0.040625 0.0671875
21 0.85234375 0.1265625 0.0796875 0.128125
21 0.7609375 0.134375 0.0875 0.12490234375
21 0.6578125 0.14296875 0.08427734375 0.1265625
21 0.56953125 0.14921875 0.08125 0.1234375
21 0.48828125 0.1578125 0.0765625 0.125
21 0.40625 0.16328125 0.07509765625 0.121875
21 0.328125 0.16796875 0.071875 0.115625
21 0.25390625 0.1734375 0.075 0.1095703125
21 0.178125 0.18125 0.06875 0.1125
21 0.10546875 0.18515625 0.0671875 0.1125
21 0.0375 0.18984375 0.059375 0.10625
21 0.4171875 0.38125 0.0654296875 0.1064453125
21 0.34609375 0.38203125 0.0671875 0.1078125
21 0.2703125 0.38359375 0.059375 0.1046875
21 0.125 0.3859375 0.059375 0.103125
21 0.196875 0.3859375 0.071875 0.103125
21 0.55390625 0.3890625 0.059375 0.08427734375
21 0.05859375 0.3890625 0.0640625 0.1
21 0.48828125 0.390625 0.059375 0.08134765625
21 0.671875 0.396875 0.04990234375 0.06875
21 0.7296875 0.396875 0.046875 0.06259765625
21 0.6140625 0.39765625 0.04697265625 0.0640625
21 0.890625 0.40390625 0.04990234375 0.0375
21 0.8390625 0.4046875 0.05 0.0404296875
21 0.78359375 0.40625 0.046875 0.0375
21 0.62265625 0.57578125 0.0828125 0.090625
21 0.5296875 0.58046875 0.075 0.0984375
21 0.36640625 0.5828125 0.0546875 0.078125
21 0.08046875 0.5890625 0.0359375 0.05322265625
21 0.12265625 0.58984375 0.0359375 0.05625
21 0.16796875 0.58984375 0.0359375 0.05625
21 0.21640625 0.59140625 0.0375 0.059375
21 0.3125 0.5921875 0.040625 0.059375
21 0.26328125 0.59375 0.0421875 0.053125
21 0.71015625 0.59609375 0.075 0.06875
21 0.46640625 0.59609375 0.0421875 0.0609375
21 0.88359375 0.59765625 0.0734375 0.075
21 0.7921875 0.60078125 0.071875 0.0625