21 0.23828125 0.7859375 0.0640625 0.07802734375
21 0.3703125 0.7875 0.05947265625 0.06884765625
21 0.30546875 0.78828125 0.065625 0.06875
21 0.43984375 0.78828125 0.0609375 0.0703125
21 0.80625 0.79296875 0.05625 0.059375
21 0.75390625 0.79453125 0.0453125 0.0578125
21 0.6984375 0.7953125 0.05302734375 0.05625
21 0.640625 0.796875 0.05009765625 0.053125
21 0.50703125 0.79921875 0.0671875 0.0515625
21 0.5796875 0.79921875 0.06572265625 0.0515625
21 0.87890625 0.1625 0.05625 0.0873046875
21 0.8171875 0.16328125 0.059375 0.0875
21 0.69140625 0.165625 0.0578125 0.08759765625
21 0.75234375 0.165625 0.059375 0.0876953125
21 0.6296875 0.1671875 0.059375 0.090625
21 0.56875 0.16796875 0.059375 0.090625
21 0.3703125 0.6671875 0.0404296875 0.0529296875
21 0.4953125 0.66796875 0.0345703125 0.0515625
21 0.5359375 0.66796875 0.04072265625 0.053125
21 0.58046875 0.66796875 0.0421875 0.053125
21 0.6234375 0.66796875 0.04052734375 0.0546875
21 0.41015625 0.66796875 0.0359375 0.0515625
21 0.453125 0.66796875 0.040625 0.0515625
21 0.8015625 0.66796875 0.04375 0.05625
21 0.71015625 0.66796875 0.040625 0.05625
21 0.7546875 0.66953125 0.04375 0.05625
21 0.6671875 0.66953125 0.04375 0.05625
21 0.259375 0.678125 0.03740234375 0.02509765625
21 0.22109375 0.67890625 0.0328125 0.025
21 0.33046875 0.67890625 0.0359375 0.028125
21 0.2953125 0.67890625 0.03427734375 0.028125