21 0.2484375 0.46875 0.096875 0.10634765625
21 0.34765625 0.4703125 0.0921875 0.1125
21 0.546875 0.4703125 0.0875 0.109375
21 0.6515625 0.4703125 0.090625 0.1095703125
21 0.453125 0.4703125 0.090625 0.11552734375
21 0.13828125 0.47109375 0.0984375 0.1140625
21 0.75390625 0.475 0.0875 0.09990234375
21 0.85078125 0.4796875 0.0890625 0.08447265625
21 0.61328125 0.6625 0.0515625 0.06865234375
21 0.6734375 0.6625 0.0591796875 0.0685546875
21 0.78984375 0.6609375 0.05625 0.06572265625
21 0.73203125 0.6625 0.0515625 0.0685546875
21 0.49765625 0.6625 0.0515625 0.06865234375
21 0.55546875 0.6625 0.0515625 0.06865234375