21 0.27265625 0.87265625 0.0609375 0.0546875
21 0.20078125 0.87734375 0.0484375 0.0453125
21 0.13828125 0.87890625 0.0546875 0.0515625
21 0.3265625 0.884375 0.03447265625 0.03125
21 0.365625 0.884375 0.03125 0.0314453125
21 0.3328125 0.32421875 0.06572265625 0.103125
21 0.2609375 0.32421875 0.07177734375 0.1015625
21 0.1859375 0.32578125 0.075 0.09375
21 0.10546875 0.3265625 0.0765625 0.0845703125
21 0.19921875 0.48828125 0.0359375 0.0828125
21 0.1609375 0.4890625 0.03427734375 0.08125
21 0.25 0.4890625 0.05615234375 0.07802734375
21 0.11171875 0.49140625 0.053125 0.0796875
21 0.8078125 0.61875 0.04052734375 0.07509765625
21 0.759375 0.61796875 0.04375 0.0765625
21 0.5625 0.61796875 0.05625 0.0859375
21 0.62109375 0.61796875 0.05625 0.084375
21 0.71640625 0.61875 0.046875 0.0751953125
21 0.21171875 0.6296875 0.071875 0.065625
21 0.890625 0.63125 0.034375 0.053125
21 0.85234375 0.63125 0.0328125 0.05009765625
21 0.13125 0.63671875 0.075 0.0640625
21 0.32109375 0.640625 0.04375 0.05625
21 0.27421875 0.640625 0.0421875 0.053125
21 0.125 0.7671875 0.04384765625 0.04697265625
21 0.17421875 0.7671875 0.04375 0.05302734375