21 0.4640625 0.24609375 0.03447265625 0.0671875
21 0.55390625 0.24765625 0.0375 0.0671875
21 0.6 0.24765625 0.0375 0.06875
21 0.6453125 0.2484375 0.0345703125 0.06875
21 0.50859375 0.24609375 0.0359375 0.065625
21 0.84375 0.3796875 0.08134765625 0.09697265625
21 0.93515625 0.3890625 0.0765625 0.07802734375
21 0.53125 0.50625 0.071875 0.0875
21 0.6078125 0.5109375 0.07197265625 0.07822265625
21 0.6890625 0.52890625 0.06552734375 0.059375
21 0.7703125 0.53125 0.065625 0.0564453125
21 0.83203125 0.5359375 0.0421875 0.05302734375
21 0.87890625 0.53828125 0.0453125 0.0515625
21 0.928125 0.53828125 0.046875 0.0515625
21 0.49140625 0.63203125 0.0609375 0.0890625
21 0.11328125 0.634375 0.053125 0.071875
21 0.22265625 0.63671875 0.0515625 0.06875
21 0.271875 0.6453125 0.03759765625 0.05322265625
21 0.3125 0.6453125 0.040625 0.053125
21 0.35546875 0.6578125 0.0359375 0.03447265625
21 0.39453125 0.6578125 0.0359375 0.0345703125
21 0.43359375 0.65859375 0.040625 0.0328125