21 0.6296875 0.68046875 0.059375 0.0734375
21 0.6859375 0.6890625 0.05 0.05625
21 0.7390625 0.6890625 0.05302734375 0.05625
21 0.26171875 0.7859375 0.046875 0.07822265625
21 0.2078125 0.7859375 0.0470703125 0.0783203125
21 0.15390625 0.7875 0.0484375 0.08115234375
21 0.5421875 0.790625 0.04375 0.0626953125
21 0.49375 0.7921875 0.0435546875 0.0595703125
21 0.40234375 0.7921875 0.0421875 0.0625
21 0.4484375 0.7921875 0.04375 0.05947265625
21 0.35703125 0.7921875 0.040625 0.06552734375
21 0.3125 0.79296875 0.0439453125 0.0640625
21 0.62109375 0.7953125 0.03125 0.0470703125
21 0.65859375 0.7953125 0.0296875 0.04697265625
21 0.80625 0.7953125 0.034375 0.05
21 0.69453125 0.7953125 0.03125 0.05
21 0.73046875 0.7953125 0.0328125 0.04697265625
21 0.58515625 0.7953125 0.0328125 0.04697265625
21 0.76953125 0.7953125 0.03125 0.05
21 0.84375 0.7953125 0.03125 0.05302734375
21 0.646875 0.32578125 0.0873046875 0.103125
21 0.8484375 0.3546875 0.059375 0.05302734375
21 0.72265625 0.3546875 0.059375 0.05302734375
21 0.78515625 0.3546875 0.053125 0.0529296875
21 0.196875 0.44921875 0.0435546875 0.0828125
21 0.24765625 0.44921875 0.0453125 0.0828125
21 0.296875 0.44921875 0.04365234375 0.0828125
21 0.146875 0.45078125 0.04384765625 0.0828125
21 0.57578125 0.453125 0.034375 0.06875
21 0.6140625 0.4546875 0.034375 0.06875
21 0.65234375 0.4625 0.03125 0.05
21 0.6875 0.4625 0.0310546875 0.05
21 0.53125 0.5640625 0.0435546875 0.0595703125
21 0.578125 0.5640625 0.0439453125 0.0595703125
21 0.4859375 0.5640625 0.04072265625 0.0625
21 0.43984375 0.5640625 0.0421875 0.05947265625
21 0.3015625 0.56484375 0.04375 0.0609375
21 0.39453125 0.56484375 0.0421875 0.0640625
21 0.34765625 0.56484375 0.0421875 0.0640625
21 0.2546875 0.56640625 0.0408203125 0.0640625
21 0.6203125 0.56953125 0.034375 0.046875
21 0.65625 0.56953125 0.03125 0.0484375
21 0.69375 0.56953125 0.034375 0.0484375
21 0.73046875 0.56953125 0.0359375 0.046875
21 0.765625 0.5796875 0.03115234375 0.03427734375
21 0.7984375 0.5796875 0.028125 0.03427734375
21 0.83046875 0.5796875 0.0296875 0.03125
21 0.86328125 0.5796875 0.0296875 0.03427734375