21 0.26328125 0.12890625 0.0484375 0.0578125
21 0.3171875 0.1296875 0.05 0.053125
21 0.3765625 0.13125 0.046875 0.05625
21 0.03515625 0.26171875 0.040625 0.0375
21 0.078125 0.26328125 0.0373046875 0.0390625
21 0.696875 0.271875 0.0625 0.109375
21 0.76953125 0.27265625 0.0671875 0.1140625
21 0.9078125 0.28359375 0.05927734375 0.0859375
21 0.28984375 0.28515625 0.0640625 0.0875
21 0.83984375 0.28515625 0.059375 0.0875
21 0.3578125 0.2859375 0.059375 0.08447265625
21 0.4890625 0.2859375 0.0625 0.0875
21 0.55625 0.2875 0.059375 0.0876953125
21 0.421875 0.2875 0.05625 0.090625
21 0.62890625 0.2875 0.06875 0.0810546875
21 0.2296875 0.29296875 0.0466796875 0.0671875
21 0.1734375 0.29453125 0.04697265625 0.0703125
21 0.12109375 0.2953125 0.0453125 0.071875
21 0.02265625 0.30625 0.04375 0.040625
21 0.071875 0.30625 0.03759765625 0.040625
21 0.94921875 0.4328125 0.053125 0.0783203125
21 0.76796875 0.5796875 0.08125 0.1
21 0.85 0.5796875 0.075 0.10302734375
21 0.39921875 0.58671875 0.0453125 0.0859375
21 0.44921875 0.58671875 0.0421875 0.0859375
21 0.328125 0.06953125 0.04384765625 0.05625
21 0.37890625 0.0734375 0.046875 0.059375
21 0.271875 0.06953125 0.04990234375 0.053125
21 0.11328125 0.7296875 0.0390625 0.059375
21 0.1578125 0.73203125 0.0375 0.05625
21 0.06640625 0.7328125 0.0453125 0.0625