21 0.08515625 0.765625 0.0359375 0.05625
21 0.2078125 0.7671875 0.03427734375 0.053125
21 0.1265625 0.7671875 0.03447265625 0.05322265625
21 0.165625 0.76953125 0.0314453125 0.053125
21 0.39765625 0.76953125 0.0390625 0.0515625
21 0.34765625 0.76953125 0.0390625 0.0515625
21 0.25234375 0.7703125 0.0421875 0.05302734375
21 0.3015625 0.7703125 0.0375 0.053125
21 0.08671875 0.8953125 0.040625 0.034375
21 0.12734375 0.89921875 0.0375 0.03125
21 0.60546875 0.915625 0.0640625 0.059375
21 0.4078125 0.9171875 0.0595703125 0.0595703125
21 0.47265625 0.9171875 0.0578125 0.05947265625
21 0.5359375 0.9171875 0.0595703125 0.0595703125
21 0.7515625 0.91796875 0.0625 0.059375
21 0.68046875 0.91796875 0.0640625 0.059375
21 0.3421875 0.91796875 0.05947265625 0.059375
21 0.08984375 0.93046875 0.040625 0.0359375
21 0.13203125 0.93359375 0.0375 0.0359375
21 0.40859375 0.18984375 0.0828125 0.0953125
21 0.07421875 0.1921875 0.08125 0.09697265625
21 0.49140625 0.1890625 0.0765625 0.09697265625
21 0.32421875 0.19140625 0.075 0.0875
21 0.1578125 0.19375 0.08427734375 0.09384765625
21 0.24375 0.1921875 0.07509765625 0.09052734375
21 0.0796875 0.3390625 0.0654296875 0.0904296875
21 0.14453125 0.34375 0.0515625 0.08115234375
21 0.3296875 0.3453125 0.05322265625 0.07802734375
21 0.453125 0.3453125 0.05625 0.078125
21 0.2046875 0.3453125 0.053125 0.0779296875
21 0.3921875 0.3453125 0.053125 0.07822265625
21 0.2640625 0.3453125 0.0529296875 0.0783203125
21 0.21484375 0.47265625 0.053125 0.0984375
21 0.15 0.47265625 0.05009765625 0.1
21 0.27734375 0.4734375 0.0515625 0.1
21 0.3375 0.47265625 0.05009765625 0.0984375
21 0.0921875 0.475 0.05302734375 0.09990234375
21 0.39921875 0.475 0.053125 0.09990234375
21 0.69609375 0.478125 0.0390625 0.0814453125
21 0.546875 0.4796875 0.040625 0.0841796875
21 0.4515625 0.4796875 0.0466796875 0.0841796875
21 0.6453125 0.48046875 0.04072265625 0.084375
21 0.5 0.48046875 0.04375 0.08125
21 0.59609375 0.48046875 0.04375 0.0828125