21 0.6421875 0.2453125 0.096875 0.0970703125
21 0.728125 0.2609375 0.06884765625 0.07802734375
21 0.865625 0.27421875 0.05625 0.0515625
21 0.79921875 0.2765625 0.0640625 0.04375
21 0.80390625 0.3640625 0.0375 0.04052734375
21 0.85 0.365625 0.034375 0.0375
21 0.134375 0.37109375 0.0501953125 0.0859375
21 0.19609375 0.3734375 0.0515625 0.084375
21 0.25390625 0.375 0.0515625 0.08125
21 0.3078125 0.3765625 0.04677734375 0.07822265625
21 0.365625 0.3859375 0.03759765625 0.06572265625
21 0.40859375 0.3859375 0.0390625 0.06572265625
21 0.92578125 0.3921875 0.0265625 0.02197265625
21 0.69921875 0.3953125 0.0484375 0.05947265625
21 0.75390625 0.396875 0.0515625 0.06240234375
21 0.49609375 0.39921875 0.03125 0.04375
21 0.53515625 0.4015625 0.0328125 0.04677734375
21 0.80390625 0.40859375 0.0375 0.0390625
21 0.8484375 0.40859375 0.0375 0.0421875
21 0.8921875 0.40859375 0.040625 0.0421875
21 0.9265625 0.4203125 0.02802734375 0.02177734375
21 0.38359375 0.5046875 0.05 0.07802734375
21 0.4484375 0.5046875 0.053125 0.07802734375
21 0.509375 0.50625 0.05 0.075
21 0.57109375 0.50703125 0.0515625 0.0765625
21 0.62890625 0.51796875 0.04375 0.059375
21 0.68125 0.51796875 0.046875 0.059375
21 0.73828125 0.51953125 0.0453125 0.0609375
21 0.78984375 0.5296875 0.0390625 0.04072265625
21 0.8328125 0.53125 0.0345703125 0.0435546875
21 0.8765625 0.53125 0.0375 0.0435546875
21 0.9203125 0.53359375 0.03427734375 0.0421875
21 0.5640625 0.6265625 0.0625 0.078125
21 0.625 0.6390625 0.046875 0.05302734375
21 0.68125 0.640625 0.05009765625 0.05009765625
21 0.740625 0.64296875 0.05009765625 0.05