21 0.89453125 0.90859375 0.0671875 0.0609375
21 0.81875 0.9125 0.06259765625 0.0625
21 0.74765625 0.91328125 0.059375 0.0609375
21 0.6734375 0.9171875 0.0658203125 0.059375
21 0.60078125 0.91953125 0.0640625 0.0640625
21 0.5265625 0.9234375 0.07802734375 0.0625
21 0.6296875 0.1390625 0.08125 0.08427734375
21 0.71640625 0.140625 0.0828125 0.0875
21 0.540625 0.14296875 0.08134765625 0.0796875
21 0.88359375 0.140625 0.0828125 0.08134765625
21 0.796875 0.14296875 0.078125 0.0796875
21 0.9625 0.14296875 0.071875 0.0734375
21 0.5765625 0.3140625 0.0783203125 0.0908203125
21 0.6546875 0.31640625 0.078125 0.090625
21 0.7875 0.3171875 0.059375 0.07822265625
21 0.49375 0.3171875 0.08125 0.09072265625
21 0.72734375 0.31875 0.059375 0.084375
21 0.8484375 0.31953125 0.0654296875 0.0828125
21 0.90625 0.328125 0.04384765625 0.06240234375
21 0.95546875 0.328125 0.04375 0.06240234375
21 0.81015625 0.43359375 0.040625 0.0609375
21 0.76328125 0.43515625 0.040625 0.059375
21 0.71640625 0.4359375 0.0390625 0.05947265625
21 0.671875 0.4359375 0.040625 0.059375
21 0.90625 0.48828125 0.0310546875 0.0890625
21 0.86796875 0.4890625 0.0390625 0.0875
21 0.946875 0.4890625 0.03759765625 0.084375
21 0.5046875 0.49375 0.05322265625 0.07509765625
21 0.56640625 0.4953125 0.05 0.07802734375
21 0.62265625 0.49296875 0.0515625 0.078125
21 0.77734375 0.5 0.0453125 0.06240234375
21 0.72734375 0.5015625 0.0390625 0.05947265625
21 0.82578125 0.5015625 0.0453125 0.0595703125
21 0.67890625 0.50390625 0.0421875 0.0609375
21 0.771875 0.60078125 0.028125 0.0359375
21 0.8859375 0.60078125 0.03447265625 0.0390625
21 0.81015625 0.60078125 0.0359375 0.0375
21 0.92578125 0.60078125 0.034375 0.0390625
21 0.84765625 0.60234375 0.0296875 0.0375
21 0.646875 0.63125 0.0685546875 0.071875
21 0.7203125 0.63125 0.06875 0.0685546875
21 0.5734375 0.634375 0.0658203125 0.0625
21 0.49609375 0.634375 0.078125 0.0685546875
21 0.89921875 0.6453125 0.0375 0.0404296875
21 0.93515625 0.6453125 0.0328125 0.0375
21 0.77890625 0.6453125 0.0390625 0.0375
21 0.85546875 0.6453125 0.0296875 0.03447265625
21 0.81875 0.646875 0.03740234375 0.03759765625
21 0.78828125 0.76171875 0.05625 0.0625
21 0.85078125 0.76171875 0.059375 0.0625
21 0.72265625 0.76171875 0.0609375 0.0640625
21 0.91484375 0.76171875 0.059375 0.0671875
21 0.65625 0.76328125 0.0560546875 0.0640625
21 0.53359375 0.7640625 0.0609375 0.0658203125
21 0.59609375 0.7640625 0.0546875 0.06552734375