21 0.21015625 0.2203125 0.05625 0.08447265625
21 0.43515625 0.225 0.0703125 0.075
21 0.3609375 0.22578125 0.06572265625 0.0734375
21 0.2640625 0.2390625 0.040625 0.04697265625
21 0.30546875 0.2390625 0.040625 0.05
21 0.80859375 0.3390625 0.05 0.0875
21 0.75859375 0.34609375 0.0390625 0.075
21 0.640625 0.35703125 0.034375 0.0546875
21 0.67890625 0.35703125 0.0296875 0.0546875
21 0.7171875 0.3578125 0.03427734375 0.053125
21 0.60234375 0.35703125 0.028125 0.0515625
21 0.265625 0.46015625 0.071875 0.08125
21 0.33984375 0.46171875 0.071875 0.078125
21 0.640625 0.46171875 0.06875 0.08125
21 0.20078125 0.46640625 0.0515625 0.0609375
21 0.709375 0.46640625 0.06865234375 0.0671875
21 0.14296875 0.4671875 0.05 0.059375
21 0.9125 0.4703125 0.0501953125 0.0658203125
21 0.77421875 0.4734375 0.0515625 0.0595703125
21 0.40390625 0.47578125 0.0390625 0.05
21 0.56875 0.47578125 0.05625 0.0515625
21 0.82421875 0.48828125 0.0359375 0.025
21 0.86328125 0.4890625 0.03125 0.02822265625