21 0.975 0.35703125 0.0375 0.0515625
21 0.44921875 0.47265625 0.05625 0.0828125
21 0.50859375 0.4734375 0.053125 0.08427734375
21 0.83203125 0.48046875 0.0484375 0.065625
21 0.72578125 0.48046875 0.0609375 0.065625
21 0.78359375 0.4828125 0.0453125 0.0658203125
21 0.65625 0.48203125 0.065625 0.0625
21 0.88359375 0.48203125 0.05 0.06875
21 0.34375 0.4828125 0.0439453125 0.065625
21 0.39296875 0.4828125 0.046875 0.065625
21 0.97734375 0.4890625 0.034375 0.04677734375
21 0.2984375 0.490625 0.03125 0.0501953125