21 0.20546875 0.8234375 0.0296875 0.02802734375
21 0.23671875 0.82421875 0.0296875 0.028125
21 0.27265625 0.82578125 0.0328125 0.025
21 0.30546875 0.82578125 0.0296875 0.025
21 0.3390625 0.8265625 0.0283203125 0.025
21 0.4015625 0.828125 0.028125 0.025
21 0.3703125 0.8296875 0.028125 0.0279296875
21 0.19140625 0.859375 0.028125 0.025
21 0.28125 0.86171875 0.03115234375 0.0265625
21 0.25 0.86171875 0.03115234375 0.025
21 0.22109375 0.86171875 0.028125 0.025
21 0.3109375 0.86328125 0.028125 0.025
21 0.37109375 0.86328125 0.0296875 0.025
21 0.3421875 0.86328125 0.02802734375 0.025
21 0.39921875 0.8640625 0.021875 0.028125
21 0.18515625 0.89921875 0.0359375 0.025
21 0.22109375 0.9 0.0296875 0.0251953125
21 0.25625 0.9015625 0.0310546875 0.025
21 0.28984375 0.90234375 0.0296875 0.025
21 0.359375 0.90234375 0.028125 0.0265625
21 0.39453125 0.90234375 0.0296875 0.025
21 0.32578125 0.90234375 0.0296875 0.025
21 0.21015625 0.2203125 0.028125 0.05625
21 0.240625 0.22265625 0.02490234375 0.05625
21 0.26953125 0.22265625 0.0234375 0.059375
21 0.32421875 0.2234375 0.0234375 0.05927734375
21 0.296875 0.2234375 0.025 0.05625
21 0.38203125 0.225 0.0265625 0.05625
21 0.35234375 0.22578125 0.0234375 0.0609375
21 0.77890625 0.32578125 0.028125 0.040625
21 0.6828125 0.359375 0.03427734375 0.06240234375
21 0.75234375 0.3609375 0.0296875 0.059375
21 0.71484375 0.3578125 0.0296875 0.05947265625
21 0.78515625 0.36796875 0.0296875 0.0390625
21 0.209375 0.43359375 0.04365234375 0.053125
21 0.2515625 0.43515625 0.04052734375 0.0515625
21 0.415625 0.4359375 0.0376953125 0.05625
21 0.375 0.4359375 0.040625 0.05625
21 0.515625 0.4359375 0.0501953125 0.0591796875
21 0.46171875 0.4359375 0.0515625 0.05625
21 0.29296875 0.4359375 0.0421875 0.05302734375
21 0.33515625 0.4375 0.040625 0.05009765625
21 0.571875 0.4390625 0.0501953125 0.05625
21 0.4328125 0.51796875 0.025 0.0546875
21 0.3171875 0.521875 0.04375 0.05625
21 0.3578125 0.52265625 0.04072265625 0.0546875
21 0.46015625 0.5203125 0.025 0.059375
21 0.4859375 0.5203125 0.028125 0.059375
21 0.39921875 0.52265625 0.0390625 0.0546875
21 0.53828125 0.521875 0.0265625 0.053125
21 0.5109375 0.521875 0.028125 0.05625
21 0.58046875 0.52421875 0.0515625 0.0515625
21 0.68515625 0.525 0.05 0.05009765625
21 0.63203125 0.5265625 0.0515625 0.046875
21 0.2078125 0.59765625 0.05302734375 0.04375
21 0.3140625 0.59765625 0.040625 0.04375
21 0.26328125 0.5984375 0.0484375 0.04677734375
21 0.3546875 0.6 0.0341796875 0.0375
21 0.41796875 0.60078125 0.0296875 0.0359375
21 0.38671875 0.60078125 0.03125 0.0359375
21 0.4515625 0.60234375 0.02822265625 0.0328125
21 0.484375 0.60546875 0.028125 0.0328125
21 0.209375 0.678125 0.03115234375 0.03759765625
21 0.27734375 0.67890625 0.0296875 0.0375
21 0.3109375 0.68046875 0.03125 0.0390625
21 0.24140625 0.68125 0.0296875 0.040625
21 0.3421875 0.68125 0.02822265625 0.0375
21 0.375 0.6828125 0.03125 0.04052734375
21 0.4078125 0.6828125 0.0341796875 0.0404296875
21 0.44140625 0.68125 0.0296875 0.040625
21 0.21484375 0.7640625 0.04375 0.05
21 0.259375 0.7671875 0.040625 0.046875
21 0.30546875 0.76796875 0.0390625 0.04375
21 0.4421875 0.76953125 0.04072265625 0.0453125
21 0.35078125 0.7703125 0.04375 0.04677734375
21 0.4890625 0.7703125 0.04375 0.04375
21 0.39453125 0.7703125 0.04375 0.04677734375