21 0.28125 0.4234375 0.06240234375 0.090625
21 0.20546875 0.4234375 0.0609375 0.090625
21 0.40859375 0.428125 0.071875 0.08134765625
21 0.4890625 0.42890625 0.078125 0.0875
21 0.75390625 0.43125 0.0453125 0.028125
21 0.56640625 0.4375 0.0625 0.06875
21 0.6390625 0.4390625 0.065625 0.06875
21 0.34140625 0.44375 0.0453125 0.0501953125
21 0.8171875 0.44453125 0.06552734375 0.06875
21 0.7046875 0.45078125 0.05302734375 0.05
21 0.88125 0.4546875 0.059375 0.05
21 0.75703125 0.46171875 0.0453125 0.0296875
21 0.62890625 0.5828125 0.0921875 0.078125
21 0.5328125 0.584375 0.09697265625 0.08115234375
21 0.728125 0.584375 0.090625 0.08134765625
21 0.82109375 0.58515625 0.0875 0.0828125
21 0.37734375 0.58671875 0.0796875 0.06875
21 0.453125 0.5890625 0.0625 0.065625