21 0.73671875 0.1078125 0.0484375 0.05947265625
21 0.38125 0.10703125 0.0623046875 0.1015625
21 0.63203125 0.10546875 0.059375 0.071875
21 0.6828125 0.11328125 0.04375 0.05625
21 0.4484375 0.1140625 0.04697265625 0.075
21 0.571875 0.11171875 0.059375 0.071875
21 0.509375 0.11640625 0.0625 0.0703125
21 0.23203125 0.12265625 0.0703125 0.0859375
21 0.31015625 0.12265625 0.0734375 0.0828125
21 0.15859375 0.12734375 0.0671875 0.0875
21 0.0921875 0.13359375 0.06875 0.0828125
21 0.9796875 0.24375 0.040625 0.06875
21 0.540625 0.2453125 0.03740234375 0.02822265625
21 0.49765625 0.24765625 0.040625 0.0328125
21 0.79921875 0.24765625 0.08125 0.0921875
21 0.4546875 0.2484375 0.03447265625 0.03427734375
21 0.8890625 0.2515625 0.07822265625 0.07822265625
21 0.70546875 0.26171875 0.071875 0.0703125
21 0.19140625 0.26328125 0.0609375 0.0984375
21 0.12734375 0.2640625 0.0578125 0.09677734375
21 0.071875 0.26796875 0.05 0.0921875
21 0.35546875 0.2703125 0.05 0.07802734375
21 0.30078125 0.2703125 0.0484375 0.078125
21 0.63828125 0.27265625 0.0484375 0.0578125
21 0.2515625 0.27421875 0.04697265625 0.078125
21 0.58671875 0.27265625 0.04375 0.0578125
21 0.4078125 0.27890625 0.04052734375 0.0578125
21 0.53984375 0.2875 0.0328125 0.03134765625
21 0.5 0.28828125 0.03740234375 0.0328125
21 0.459375 0.28984375 0.03740234375 0.0328125
21 0.7390625 0.4171875 0.03447265625 0.05947265625
21 0.78359375 0.4171875 0.040625 0.0595703125
21 0.69453125 0.4171875 0.040625 0.05947265625