21 0.18125 0.12265625 0.05009765625 0.09375
21 0.75859375 0.1234375 0.0546875 0.09072265625
21 0.04453125 0.1390625 0.0328125 0.05625
21 0.08515625 0.1390625 0.0359375 0.053125
21 0.13125 0.1421875 0.040625 0.05302734375
21 0.4796875 0.26171875 0.046875 0.0703125
21 0.271875 0.26328125 0.0501953125 0.0671875
21 0.32421875 0.26328125 0.05 0.06875
21 0.16484375 0.26328125 0.0515625 0.0671875
21 0.2171875 0.26328125 0.0529296875 0.06875
21 0.42890625 0.26328125 0.046875 0.0671875
21 0.37734375 0.26328125 0.05 0.0671875
21 0.06953125 0.2703125 0.04375 0.05302734375
21 0.1140625 0.271875 0.040625 0.05009765625
21 0.29296875 0.375 0.06875 0.071875
21 0.1578125 0.3703125 0.0595703125 0.0783203125
21 0.08984375 0.3703125 0.071875 0.0783203125
21 0.225 0.37734375 0.06259765625 0.0609375
21 0.4171875 0.38125 0.05625 0.0564453125
21 0.359375 0.38203125 0.05625 0.05625
21 0.475 0.38203125 0.05009765625 0.0546875
21 0.53125 0.38359375 0.05 0.0515625