21 0.8796875 0.1 0.07822265625 0.109375
21 0.62890625 0.10078125 0.0828125 0.1109375
21 0.709375 0.1 0.08115234375 0.11240234375
21 0.54453125 0.10234375 0.08125 0.1140625
21 0.7953125 0.10078125 0.08427734375 0.1140625
21 0.459375 0.1046875 0.08115234375 0.11552734375
21 0.2046875 0.1078125 0.075 0.11552734375
21 0.28828125 0.1078125 0.0828125 0.1095703125
21 0.375 0.10703125 0.075 0.1140625
21 0.0421875 0.1109375 0.075 0.11552734375
21 0.125 0.11171875 0.08134765625 0.1109375
21 0.30625 0.36796875 0.05615234375 0.04375
21 0.2015625 0.36640625 0.0529296875 0.0453125
21 0.25625 0.36640625 0.0501953125 0.04375
21 0.91328125 0.384375 0.0984375 0.109375
21 0.81640625 0.39296875 0.0796875 0.1046875
21 0.3546875 0.4078125 0.05625 0.07822265625
21 0.4796875 0.40859375 0.06572265625 0.08125
21 0.74140625 0.4078125 0.059375 0.07802734375
21 0.678125 0.40625 0.0625 0.07509765625
21 0.546875 0.4078125 0.059375 0.08427734375
21 0.41484375 0.40859375 0.059375 0.0796875
21 0.6140625 0.4078125 0.065625 0.07822265625
21 0.24140625 0.41953125 0.0546875 0.0421875
21 0.18125 0.41796875 0.05615234375 0.0515625
21 0.3015625 0.4203125 0.04697265625 0.04072265625
21 0.55859375 0.62734375 0.0890625 0.1109375
21 0.26171875 0.63203125 0.09375 0.103125
21 0.36640625 0.63203125 0.0859375 0.1015625
21 0.05546875 0.63359375 0.0984375 0.1078125
21 0.1546875 0.63125 0.09072265625 0.10634765625
21 0.8609375 0.63359375 0.10302734375 0.1140625
21 0.7515625 0.6359375 0.09375 0.10625
21 0.65390625 0.63671875 0.0890625 0.10625
21 0.4578125 0.63828125 0.09052734375 0.0890625