21 0.5046875 0.375 0.03447265625 0.046875
21 0.5453125 0.37890625 0.0375 0.0453125
21 0.6296875 0.40390625 0.03447265625 0.03125
21 0.5953125 0.40390625 0.03125 0.0328125
21 0.6671875 0.40390625 0.0345703125 0.0328125
21 0.30078125 0.4125 0.0578125 0.090625
21 0.36328125 0.41328125 0.0546875 0.0875
21 0.77890625 0.415625 0.0625 0.07509765625
21 0.47109375 0.42421875 0.0515625 0.071875
21 0.8453125 0.4171875 0.06552734375 0.075
21 0.71640625 0.42578125 0.059375 0.0609375
21 0.4203125 0.4234375 0.05 0.07177734375
21 0.5609375 0.43046875 0.03447265625 0.053125
21 0.51953125 0.4328125 0.0375 0.05302734375
21 0.66953125 0.43984375 0.0328125 0.03125
21 0.63671875 0.44140625 0.034375 0.03125
21 0.60078125 0.43984375 0.034375 0.028125
21 0.6390625 0.51953125 0.053125 0.0515625
21 0.69609375 0.521875 0.0546875 0.04384765625
21 0.43515625 0.5640625 0.0640625 0.07802734375
21 0.36796875 0.56484375 0.0640625 0.078125
21 0.30078125 0.56484375 0.06875 0.0828125
21 0.5015625 0.56953125 0.05947265625 0.0609375
21 0.56640625 0.56953125 0.0609375 0.065625
21 0.63125 0.5734375 0.05615234375 0.053125
21 0.68359375 0.57421875 0.05 0.0515625
21 0.72578125 0.5765625 0.0359375 0.046875
21 0.84609375 0.5765625 0.034375 0.04697265625
21 0.7640625 0.578125 0.03447265625 0.04990234375
21 0.8078125 0.5796875 0.03447265625 0.04677734375
21 0.66796875 0.83046875 0.03125 0.0453125
21 0.70078125 0.83203125 0.025 0.04375
21 0.63359375 0.8328125 0.0234375 0.04375
21 0.578125 0.95546875 0.05625 0.071875
21 0.5203125 0.9546875 0.0533203125 0.071875
21 0.46484375 0.95703125 0.0515625 0.0734375
21 0.828125 0.95703125 0.04384765625 0.05625
21 0.4046875 0.95703125 0.05927734375 0.071875
21 0.7296875 0.9578125 0.04375 0.059375
21 0.7796875 0.959375 0.04677734375 0.05634765625
21 0.34609375 0.959375 0.0546875 0.071875
21 0.6828125 0.959375 0.04375 0.05625
21 0.2875 0.959375 0.0501953125 0.0748046875
21 0.6359375 0.96015625 0.04375 0.05625