21 0.6984375 0.8265625 0.0658203125 0.053125
21 0.7671875 0.828125 0.059375 0.05
21 0.62734375 0.8296875 0.059375 0.05302734375
21 0.85078125 0.875 0.084375 0.078125
21 0.5578125 0.88359375 0.07177734375 0.0828125
21 0.94140625 0.88125 0.0859375 0.08125
21 0.62734375 0.8921875 0.0671875 0.05947265625
21 0.76953125 0.88828125 0.06875 0.0609375
21 0.696875 0.8890625 0.071875 0.06552734375
21 0.68046875 0.70703125 0.0796875 0.0921875
21 0.8640625 0.709375 0.0904296875 0.0814453125
21 0.77421875 0.71015625 0.096875 0.0859375
21 0.60703125 0.7171875 0.0625 0.071875
21 0.5375 0.72734375 0.05009765625 0.053125
21 0.46640625 0.7296875 0.0515625 0.04697265625
21 0.4109375 0.7296875 0.0529296875 0.0470703125
21 0.35703125 0.740625 0.0515625 0.028125