21 0.1765625 0.7875 0.0341796875 0.05625
21 0.2546875 0.81484375 0.0345703125 0.03125
21 0.29296875 0.81484375 0.0328125 0.03125
21 0.80859375 0.8171875 0.0609375 0.09072265625
21 0.74375 0.81875 0.059375 0.0939453125
21 0.68046875 0.81953125 0.059375 0.0984375
21 0.61328125 0.81953125 0.0625 0.0984375
21 0.546875 0.82109375 0.059375 0.1
21 0.43515625 0.8390625 0.0484375 0.07177734375
21 0.4890625 0.8390625 0.05302734375 0.07177734375
21 0.3859375 0.8484375 0.04052734375 0.05322265625
21 0.3390625 0.85 0.04375 0.05625
21 0.21171875 0.85234375 0.0359375 0.05625
21 0.1703125 0.853125 0.0345703125 0.0564453125
21 0.296875 0.86171875 0.03740234375 0.0359375
21 0.2546875 0.86171875 0.0375 0.0359375
21 0.77890625 0.31484375 0.059375 0.06875
21 0.7140625 0.3171875 0.05947265625 0.07177734375
21 0.64453125 0.3171875 0.0609375 0.06572265625
21 0.578125 0.3234375 0.06259765625 0.05947265625
21 0.87109375 0.61875 0.1 0.13115234375
21 0.78125 0.6421875 0.06865234375 0.0875
21 0.70546875 0.64453125 0.0671875 0.090625
21 0.62890625 0.64921875 0.0703125 0.0859375
21 0.55390625 0.65625 0.0671875 0.071875