21 0.553125 0.73046875 0.0625 0.071875
21 0.41328125 0.73046875 0.0640625 0.075
21 0.48671875 0.73203125 0.059375 0.075
21 0.7359375 0.734375 0.02802734375 0.07490234375
21 0.62109375 0.734375 0.0609375 0.0810546875
21 0.76796875 0.7359375 0.0265625 0.071875
21 0.8328125 0.7359375 0.025 0.071875
21 0.7046875 0.7359375 0.028125 0.07197265625
21 0.803125 0.7359375 0.025 0.06875
21 0.6703125 0.7359375 0.0279296875 0.0720703125
21 0.86640625 0.7359375 0.0265625 0.07177734375
21 0.9 0.73671875 0.028125 0.071875
21 0.27734375 0.1578125 0.06875 0.09697265625
21 0.34609375 0.1609375 0.075 0.1
21 0.41953125 0.1625 0.0640625 0.1
21 0.46875 0.18125 0.034375 0.05625
21 0.51171875 0.1828125 0.0359375 0.05625
21 0.5984375 0.1859375 0.03125 0.059375
21 0.55546875 0.18359375 0.03125 0.0578125
21 0.640625 0.18515625 0.03740234375 0.05625
21 0.3328125 0.459375 0.07177734375 0.075
21 0.40625 0.4578125 0.071875 0.075
21 0.26796875 0.46015625 0.053125 0.0640625
21 0.478125 0.46171875 0.07490234375 0.0765625
21 0.20703125 0.46171875 0.0546875 0.0609375
21 0.14765625 0.46171875 0.0578125 0.0625
21 0.84765625 0.4625 0.071875 0.08740234375
21 0.703125 0.4625 0.071875 0.0875
21 0.92421875 0.4625 0.071875 0.09365234375
21 0.775 0.4640625 0.071875 0.084375
21 0.553125 0.4625 0.075 0.07509765625
21 0.6265625 0.4625 0.0720703125 0.078125
21 0.42578125 0.56640625 0.03125 0.0296875
21 0.46171875 0.5671875 0.03125 0.028125
21 0.07421875 0.5828125 0.0453125 0.07177734375
21 0.1296875 0.584375 0.046875 0.071875
21 0.2390625 0.584375 0.0466796875 0.06875
21 0.18515625 0.584375 0.0515625 0.071875
21 0.59140625 0.58671875 0.046875 0.059375
21 0.6453125 0.59140625 0.04375 0.06875
21 0.8734375 0.59375 0.0529296875 0.0623046875
21 0.70078125 0.59375 0.0546875 0.06865234375
21 0.2875 0.5953125 0.03740234375 0.053125
21 0.37734375 0.5953125 0.0328125 0.05322265625
21 0.76171875 0.5953125 0.0515625 0.065625
21 0.3328125 0.59609375 0.034375 0.053125
21 0.8171875 0.59609375 0.04697265625 0.0640625
21 0.4984375 0.5984375 0.03427734375 0.05302734375
21 0.53984375 0.6 0.0359375 0.05615234375
21 0.415625 0.6109375 0.03115234375 0.028125
21 0.45703125 0.61171875 0.034375 0.0265625