21 0.25859375 0.384375 0.0625 0.0501953125
21 0.32421875 0.384375 0.05625 0.05009765625
21 0.3953125 0.3859375 0.05322265625 0.04697265625
21 0.46171875 0.38671875 0.05625 0.05
21 0.5265625 0.38671875 0.05625 0.0484375
21 0.5921875 0.38671875 0.05625 0.046875
21 0.66015625 0.38828125 0.05625 0.046875
21 0.72109375 0.38828125 0.0515625 0.0484375
21 0.78515625 0.3890625 0.0546875 0.04697265625
21 0.91015625 0.390625 0.0515625 0.05
21 0.8484375 0.390625 0.05625 0.04990234375
21 0.9671875 0.3921875 0.05322265625 0.05302734375
21 0.92890625 0.4640625 0.04375 0.015625
21 0.8890625 0.46484375 0.03427734375 0.0140625
21 0.6515625 0.4796875 0.04677734375 0.04052734375
21 0.7046875 0.48046875 0.04375 0.0375
21 0.75390625 0.48046875 0.046875 0.0375
21 0.853125 0.48046875 0.04990234375 0.0375
21 0.8015625 0.48203125 0.04375 0.0375
21 0.9375 0.4890625 0.04375 0.0216796875
21 0.89921875 0.490625 0.0390625 0.01875
21 0.88828125 0.6296875 0.034375 0.0345703125
21 0.84609375 0.63125 0.0375 0.03740234375
21 0.80625 0.63125 0.0375 0.03740234375
21 0.76171875 0.63203125 0.040625 0.0328125
21 0.68515625 0.6671875 0.06875 0.06572265625
21 0.5515625 0.6671875 0.065625 0.06572265625
21 0.61796875 0.6671875 0.059375 0.06572265625
21 0.484375 0.66796875 0.0560546875 0.0671875
21 0.90859375 0.6765625 0.040625 0.0404296875
21 0.86796875 0.678125 0.0375 0.040625
21 0.7828125 0.67890625 0.04052734375 0.0390625
21 0.82421875 0.67890625 0.0375 0.0375
21 0.73828125 0.68046875 0.0375 0.0375
21 0.20703125 0.68359375 0.0734375 0.0515625
21 0.1296875 0.68515625 0.07197265625 0.053125
21 0.05390625 0.68515625 0.0765625 0.05625