21 0.8421875 0.10703125 0.059375 0.065625
21 0.696875 0.1078125 0.075 0.06552734375
21 0.77265625 0.1078125 0.071875 0.05947265625
21 0.91015625 0.1859375 0.0359375 0.053125
21 0.8234375 0.1859375 0.03447265625 0.05625
21 0.86640625 0.1859375 0.0359375 0.05625
21 0.5890625 0.228125 0.05 0.09990234375
21 0.7796875 0.234375 0.04072265625 0.084375
21 0.734375 0.234375 0.040625 0.084375
21 0.6875 0.234375 0.0435546875 0.084375
21 0.640625 0.2359375 0.040625 0.0841796875
21 0.90859375 0.2453125 0.0375 0.0595703125
21 0.865625 0.2453125 0.0375 0.0625
21 0.82578125 0.2453125 0.0359375 0.0595703125
21 0.803125 0.35234375 0.040625 0.034375
21 0.76171875 0.353125 0.040625 0.03740234375
21 0.72109375 0.353125 0.040625 0.03740234375
21 0.67890625 0.3546875 0.0421875 0.0341796875
21 0.38359375 0.37265625 0.0515625 0.075
21 0.49609375 0.37265625 0.05625 0.0765625
21 0.43984375 0.3734375 0.053125 0.075
21 0.6390625 0.3796875 0.04072265625 0.05927734375
21 0.59375 0.38125 0.04365234375 0.05634765625
21 0.54921875 0.38125 0.040625 0.05625
21 0.80546875 0.38828125 0.040625 0.0375
21 0.76328125 0.3890625 0.040625 0.0375
21 0.6828125 0.3890625 0.040625 0.0375
21 0.7234375 0.3890625 0.0375 0.0375
21 0.1359375 0.4953125 0.07197265625 0.0875
21 0.209375 0.49765625 0.071875 0.0875
21 0.0625 0.49765625 0.071875 0.0875
21 0.66953125 0.5 0.0546875 0.07509765625
21 0.72734375 0.5015625 0.05625 0.07802734375
21 0.78515625 0.5015625 0.05625 0.07802734375
21 0.615625 0.5015625 0.053125 0.07802734375
21 0.334375 0.5046875 0.06240234375 0.07177734375
21 0.275 0.50625 0.05634765625 0.06884765625
21 0.39453125 0.50625 0.0609375 0.06884765625
21 0.56640625 0.50859375 0.0578125 0.0609375
21 0.8390625 0.509375 0.0466796875 0.05625
21 0.509375 0.509375 0.05615234375 0.05625
21 0.884375 0.5109375 0.046875 0.05927734375
21 0.9328125 0.5109375 0.0408203125 0.059375
21 0.4515625 0.5109375 0.05625 0.05625