21 0.12890625 0.64921875 0.0828125 0.0765625
21 0.3140625 0.64921875 0.0783203125 0.08125
21 0.40390625 0.64921875 0.0828125 0.0828125
21 0.22109375 0.65 0.084375 0.08125
21 0.48671875 0.65859375 0.06875 0.0609375
21 0.5640625 0.6609375 0.071875 0.06552734375
21 0.134375 0.92890625 0.071875 0.0828125
21 0.2125 0.93125 0.06875 0.084375
21 0.29296875 0.93125 0.06875 0.08740234375
21 0.4515625 0.9328125 0.07197265625 0.08427734375
21 0.53359375 0.9328125 0.071875 0.084375
21 0.37109375 0.93359375 0.0671875 0.0828125
21 0.6078125 0.94375 0.06552734375 0.065625
21 0.66953125 0.9515625 0.04375 0.05
21 0.72109375 0.953125 0.046875 0.05
21 0.77734375 0.953125 0.053125 0.05
21 0.47265625 0.1359375 0.0921875 0.0783203125
21 0.56640625 0.1359375 0.0828125 0.078125
21 0.23203125 0.38671875 0.0875 0.0796875
21 0.13203125 0.3859375 0.0796875 0.078125
21 0.41796875 0.3890625 0.0828125 0.06572265625
21 0.3234375 0.390625 0.08427734375 0.06875
21 0.509375 0.3953125 0.07509765625 0.05625
21 0.5875 0.396875 0.065625 0.059375
21 0.66484375 0.396875 0.0703125 0.05634765625
21 0.8578125 0.4015625 0.040625 0.053125
21 0.74375 0.4015625 0.053125 0.05302734375
21 0.8015625 0.40234375 0.046875 0.053125
21 0.9109375 0.40234375 0.0466796875 0.05625
21 0.4640625 0.51953125 0.04072265625 0.0296875
21 0.5109375 0.51953125 0.0375 0.0296875
21 0.2125 0.52421875 0.0751953125 0.090625
21 0.12890625 0.525 0.06875 0.090625
21 0.28984375 0.5328125 0.0609375 0.071875
21 0.41015625 0.5421875 0.046875 0.05322265625
21 0.35234375 0.54296875 0.0453125 0.0546875
21 0.4625 0.55390625 0.04365234375 0.0359375
21 0.509375 0.55390625 0.040625 0.0359375