21 0.13671875 0.928125 0.0671875 0.1001953125
21 0.2140625 0.92890625 0.071875 0.1
21 0.51796875 0.9328125 0.06875 0.08427734375
21 0.5921875 0.9328125 0.075 0.08427734375
21 0.44453125 0.9328125 0.075 0.08427734375
21 0.36796875 0.9359375 0.0765625 0.08427734375
21 0.2921875 0.93984375 0.07197265625 0.0875
21 0.32578125 0.2953125 0.0328125 0.0529296875
21 0.2875 0.296875 0.0375 0.053125
21 0.859375 0.2984375 0.034375 0.02197265625
21 0.75390625 0.29921875 0.0265625 0.0234375
21 0.821875 0.30078125 0.03125 0.025
21 0.7875 0.30078125 0.03125 0.025
21 0.72109375 0.30546875 0.0359375 0.0421875
21 0.640625 0.30546875 0.0375 0.0421875
21 0.68125 0.30546875 0.0375 0.0421875
21 0.87734375 0.3234375 0.0359375 0.0220703125
21 0.84140625 0.32421875 0.0328125 0.0234375
21 0.803125 0.32421875 0.03115234375 0.025
21 0.76953125 0.3265625 0.03125 0.02197265625
21 0.4359375 0.3328125 0.05625 0.08427734375
21 0.375 0.334375 0.05625 0.0814453125
21 0.49765625 0.334375 0.05625 0.0814453125
21 0.55546875 0.3421875 0.046875 0.0625
21 0.6078125 0.3421875 0.04375 0.0625
21 0.73671875 0.35 0.04375 0.04990234375
21 0.6546875 0.35 0.040625 0.04384765625
21 0.28515625 0.35 0.034375 0.05009765625
21 0.69609375 0.35 0.0390625 0.04384765625
21 0.3234375 0.35078125 0.03447265625 0.0515625
21 0.80859375 0.3578125 0.040625 0.02802734375
21 0.8796875 0.359375 0.034375 0.025
21 0.77265625 0.359375 0.028125 0.02509765625
21 0.8453125 0.359375 0.034375 0.025
21 0.86796875 0.4171875 0.040625 0.04677734375
21 0.78515625 0.4171875 0.0390625 0.046875
21 0.82578125 0.41796875 0.040625 0.0453125
21 0.15 0.45546875 0.07490234375 0.0796875
21 0.35234375 0.4578125 0.0671875 0.075
21 0.41953125 0.45703125 0.0625 0.071875
21 0.48828125 0.4578125 0.0671875 0.06875
21 0.55390625 0.459375 0.0671875 0.06865234375
21 0.22734375 0.459375 0.0703125 0.071875
21 0.6828125 0.46171875 0.05947265625 0.0609375
21 0.740625 0.4625 0.05634765625 0.06240234375
21 0.62109375 0.46484375 0.05625 0.059375
21 0.87890625 0.46640625 0.040625 0.05
21 0.2875 0.46640625 0.05615234375 0.0609375
21 0.78828125 0.4671875 0.040625 0.05302734375
21 0.83046875 0.4671875 0.0421875 0.05302734375