21 0.73828125 0.30390625 0.1078125 0.0640625
21 0.62734375 0.30546875 0.1 0.059375
21 0.8953125 0.3859375 0.040625 0.021875
21 0.2703125 0.40390625 0.05302734375 0.0484375
21 0.3265625 0.4046875 0.05302734375 0.04677734375
21 0.85 0.4046875 0.0435546875 0.0345703125
21 0.80390625 0.40625 0.04375 0.0375
21 0.8953125 0.41328125 0.0404296875 0.021875
21 0.86796875 0.4859375 0.034375 0.0154296875
21 0.90859375 0.4859375 0.03125 0.0154296875
21 0.78984375 0.4859375 0.03125 0.02177734375
21 0.8265625 0.4859375 0.03125 0.0158203125
21 0.44140625 0.49140625 0.046875 0.0359375
21 0.553125 0.49296875 0.05009765625 0.0328125
21 0.609375 0.49296875 0.05009765625 0.0359375
21 0.4953125 0.49296875 0.04697265625 0.034375
21 0.7484375 0.49765625 0.040625 0.0203125
21 0.70703125 0.49765625 0.040625 0.021875
21 0.65859375 0.49765625 0.0375 0.021875
21 0.7234375 0.55546875 0.053125 0.0359375
21 0.6109375 0.55625 0.05302734375 0.03740234375
21 0.6671875 0.55625 0.05302734375 0.034375
21 0.4125 0.55859375 0.053125 0.03125
21 0.3546875 0.56015625 0.05322265625 0.0296875
21 0.7703125 0.56015625 0.04052734375 0.025
21 0.8171875 0.56015625 0.04072265625 0.025
21 0.865625 0.56015625 0.040625 0.025
21 0.9125 0.56015625 0.03125 0.025
21 0.21640625 0.5609375 0.0640625 0.028125
21 0.28359375 0.5625 0.0640625 0.0310546875
21 0.7703125 0.6453125 0.05947265625 0.046875
21 0.70546875 0.646875 0.059375 0.04384765625
21 0.6390625 0.64765625 0.071875 0.04375
21 0.5671875 0.64921875 0.071875 0.04375
21 0.49609375 0.64921875 0.0703125 0.04375
21 0.83515625 0.6515625 0.059375 0.0591796875
21 0.90234375 0.65390625 0.059375 0.05625