21 0.70703125 0.74609375 0.05625 0.0453125
21 0.771875 0.7484375 0.05625 0.04375
21 0.83671875 0.75390625 0.05625 0.0453125
21 0.90859375 0.75703125 0.065625 0.0484375
21 0.8078125 0.08203125 0.084375 0.0703125
21 0.44609375 0.8453125 0.040625 0.04072265625
21 0.48828125 0.84609375 0.0421875 0.04375
21 0.71171875 0.08515625 0.090625 0.0734375
21 0.5328125 0.85078125 0.040625 0.0390625
21 0.57578125 0.8546875 0.0375 0.0404296875
21 0.62265625 0.85703125 0.04375 0.0390625
21 0.6671875 0.8609375 0.0404296875 0.0375
21 0.72109375 0.86171875 0.065625 0.0484375
21 0.79296875 0.86640625 0.0703125 0.0453125
21 0.875 0.8703125 0.0748046875 0.0466796875
21 0.6234375 0.0890625 0.078125 0.071875
21 0.540625 0.0953125 0.075 0.071875
21 0.46171875 0.09609375 0.0765625 0.0703125
21 0.37265625 0.10234375 0.0765625 0.0671875
21 0.30078125 0.10703125 0.06875 0.0671875
21 0.2234375 0.1109375 0.07197265625 0.06552734375
21 0.1546875 0.12265625 0.0591796875 0.0421875
21 0.0890625 0.12734375 0.065625 0.040625
21 0.02734375 0.13125 0.0546875 0.04384765625
21 0.81875 0.37734375 0.08134765625 0.071875
21 0.915625 0.37890625 0.08134765625 0.0703125
21 0.4171875 0.3796875 0.0779296875 0.075
21 0.56484375 0.38125 0.075 0.0689453125
21 0.4890625 0.38125 0.07802734375 0.071875
21 0.64921875 0.38203125 0.0796875 0.0609375
21 0.7296875 0.38359375 0.08427734375 0.0578125
21 0.103125 0.384375 0.0376953125 0.059375
21 0.0609375 0.384375 0.03447265625 0.05634765625
21 0.0765625 0.4828125 0.046875 0.05322265625
21 0.1265625 0.484375 0.046875 0.0560546875
21 0.17890625 0.4859375 0.05 0.05322265625
21 0.23046875 0.4859375 0.0515625 0.05322265625
21 0.2828125 0.4859375 0.04677734375 0.05322265625
21 0.3265625 0.49140625 0.04052734375 0.04375
21 0.36328125 0.49296875 0.0375 0.0421875
21 0.40234375 0.49296875 0.0375 0.04375
21 0.44609375 0.49296875 0.0375 0.0421875
21 0.49140625 0.49375 0.04375 0.04365234375
21 0.5375 0.4953125 0.04990234375 0.04375
21 0.584375 0.49609375 0.046875 0.0453125
21 0.6296875 0.49609375 0.046875 0.0453125
21 0.728125 0.49765625 0.05 0.04375
21 0.77734375 0.49765625 0.053125 0.0453125
21 0.678125 0.49765625 0.05009765625 0.04375
21 0.828125 0.49765625 0.04375 0.0484375
21 0.87734375 0.50703125 0.0359375 0.0265625
21 0.91796875 0.50859375 0.040625 0.025
21 0.65234375 0.6 0.0359375 0.05625
21 0.5796875 0.60234375 0.02822265625 0.0640625
21 0.61640625 0.60234375 0.028125 0.0625
21 0.69140625 0.6046875 0.0296875 0.06552734375
21 0.74609375 0.61171875 0.0734375 0.0515625
21 0.8265625 0.6140625 0.07802734375 0.05625
21 0.91015625 0.61640625 0.08125 0.05625
21 0.5765625 0.73828125 0.05625 0.0453125
21 0.64453125 0.74296875 0.0609375 0.04375