21 0.7609375 0.16015625 0.0375 0.075
21 0.7171875 0.16015625 0.040625 0.078125
21 0.14921875 0.30859375 0.0265625 0.090625
21 0.11875 0.30859375 0.0310546875 0.0921875
21 0.08515625 0.31015625 0.0296875 0.0921875
21 0.9046875 0.3171875 0.021875 0.05302734375
21 0.8796875 0.31875 0.021875 0.053125
21 0.93046875 0.31875 0.021875 0.053125
21 0.859375 0.40234375 0.021875 0.0484375
21 0.8125 0.40390625 0.0189453125 0.0484375
21 0.83515625 0.40234375 0.021875 0.0484375
21 0.265625 0.43984375 0.01884765625 0.0328125
21 0.24296875 0.43984375 0.0203125 0.034375
21 0.7859375 0.44140625 0.0375 0.0765625
21 0.74609375 0.4421875 0.0390625 0.08125
21 0.89296875 0.446875 0.028125 0.06875
21 0.9203125 0.44609375 0.025 0.06875
21 0.41796875 0.446875 0.03125 0.090625
21 0.384375 0.4484375 0.03134765625 0.090625
21 0.56953125 0.453125 0.0375 0.06884765625
21 0.865625 0.4546875 0.01884765625 0.05302734375
21 0.8171875 0.45546875 0.021875 0.0484375
21 0.84140625 0.45546875 0.021875 0.0515625
21 0.63828125 0.45546875 0.0296875 0.059375
21 0.35234375 0.4578125 0.028125 0.071875
21 0.6046875 0.4578125 0.028125 0.0591796875
21 0.321875 0.459375 0.028125 0.07490234375
21 0.290625 0.459375 0.02509765625 0.071875
21 0.48828125 0.46171875 0.0265625 0.0609375
21 0.4546875 0.4625 0.034375 0.06259765625
21 0.23671875 0.47734375 0.0203125 0.0359375
21 0.259375 0.47734375 0.01884765625 0.034375