25 0.7203125 0.7828125 0.0716796875 0.271875
25 0.4421875 0.47109375 0.071875 0.2765625
25 0.51328125 0.47109375 0.071875 0.2765625
25 0.5875 0.4703125 0.06884765625 0.27802734375
25 0.65859375 0.4703125 0.071875 0.27802734375
25 0.73046875 0.4703125 0.0703125 0.27802734375
25 0.80390625 0.46640625 0.071875 0.2765625
25 0.93984375 0.4671875 0.071875 0.27802734375
25 0.02734375 0.78515625 0.0546875 0.2640625
25 0.0890625 0.78359375 0.0658203125 0.2625
25 0.1578125 0.78515625 0.0716796875 0.2671875
25 0.228125 0.7859375 0.075 0.271875
25 0.3015625 0.78515625 0.071875 0.271875
25 0.37109375 0.78515625 0.0671875 0.271875
25 0.43984375 0.78515625 0.0671875 0.271875
25 0.50703125 0.7828125 0.0671875 0.271875
25 0.578125 0.78359375 0.075 0.275
25 0.6515625 0.78359375 0.06572265625 0.271875
25 0.3703125 0.47109375 0.071875 0.2765625
25 0.79296875 0.7828125 0.075 0.271875
25 0.865625 0.78125 0.071875 0.271875
25 0.9328125 0.7765625 0.05947265625 0.259375
25 0.98046875 0.77734375 0.0390625 0.2625
25 0.2984375 0.47265625 0.071875 0.2796875
25 0.22578125 0.47109375 0.071875 0.2796875
25 0.15390625 0.47109375 0.0765625 0.28125
25 0.08046875 0.47109375 0.0703125 0.2796875
25 0.02265625 0.47265625 0.0453125 0.2796875
25 0.9671875 0.1453125 0.065625 0.284375
25 0.89765625 0.1453125 0.0765625 0.28447265625
25 0.821875 0.14765625 0.075 0.284375
25 0.7484375 0.14765625 0.075 0.2859375
25 0.66796875 0.14765625 0.075 0.2875
25 0.5953125 0.14921875 0.07177734375 0.2890625
25 0.52265625 0.14921875 0.075 0.2890625
25 0.45078125 0.15 0.071875 0.28759765625
25 0.37890625 0.14921875 0.071875 0.2890625
25 0.30625 0.146875 0.075 0.290625
25 0.2328125 0.14921875 0.075 0.290625
25 0.15859375 0.14765625 0.0765625 0.29375
25 0.0828125 0.14765625 0.075 0.29375
25 0.02265625 0.146875 0.0453125 0.290625