25 0.3796875 0.6890625 0.0466796875 0.271875
25 0.4375 0.6921875 0.05009765625 0.27822265625
25 0.4890625 0.69375 0.053125 0.284375
25 0.53984375 0.69453125 0.053125 0.28125
25 0.59140625 0.68984375 0.053125 0.2796875
25 0.6421875 0.6859375 0.0470703125 0.271875
25 0.6875 0.68125 0.04384765625 0.26865234375
25 0.73046875 0.67421875 0.04375 0.2578125
25 0.77421875 0.66953125 0.04375 0.2546875
25 0.8171875 0.6625 0.04375 0.246875
25 0.859375 0.6578125 0.040625 0.24052734375
25 0.896875 0.65 0.03740234375 0.23125
25 0.93125 0.64453125 0.034375 0.221875
25 0.05390625 0.31015625 0.0578125 0.2671875
25 0.1203125 0.30078125 0.071875 0.28125
25 0.25390625 0.28125 0.075 0.325
25 0.3375 0.2765625 0.0751953125 0.334375
25 0.41953125 0.26953125 0.0828125 0.353125
25 0.50859375 0.2671875 0.0796875 0.35947265625
25 0.5921875 0.2671875 0.0875 0.3591796875
25 0.6859375 0.275 0.084375 0.34365234375
25 0.765625 0.28125 0.075 0.32509765625
25 0.83984375 0.2921875 0.0703125 0.30927734375
25 0.9078125 0.30078125 0.065625 0.29375
25 0.0578125 0.6296875 0.03125 0.21552734375
25 0.09140625 0.63671875 0.034375 0.221875
25 0.12890625 0.6421875 0.0390625 0.2220703125
25 0.165625 0.64921875 0.03759765625 0.2328125
25 0.20546875 0.65625 0.040625 0.2376953125
25 0.2453125 0.66328125 0.040625 0.246875
25 0.2875 0.67578125 0.0439453125 0.259375
25 0.3328125 0.6828125 0.04677734375 0.2625