25 0.734375 0.87890625 0.025 0.1015625
25 0.03359375 0.09609375 0.0515625 0.125
25 0.08203125 0.09609375 0.0484375 0.1234375
25 0.1296875 0.09765625 0.04697265625 0.1234375
25 0.178125 0.09609375 0.04990234375 0.1203125
25 0.225 0.0953125 0.04990234375 0.12177734375
25 0.28515625 0.09609375 0.0390625 0.1203125
25 0.33046875 0.09609375 0.0484375 0.11875
25 0.375 0.09765625 0.04375 0.11875
25 0.41796875 0.0984375 0.04375 0.115625
25 0.46171875 0.09609375 0.04375 0.11875
25 0.521875 0.0984375 0.03125 0.115625
25 0.56015625 0.0984375 0.04375 0.11552734375
25 0.60234375 0.0984375 0.0390625 0.10927734375
25 0.64296875 0.0984375 0.040625 0.1091796875
25 0.6828125 0.09765625 0.040625 0.1078125
25 0.74296875 0.1 0.0265625 0.1123046875
25 0.7765625 0.10078125 0.04052734375 0.1109375
25 0.81484375 0.10078125 0.040625 0.1109375
25 0.853125 0.10234375 0.03759765625 0.1109375
25 0.89296875 0.10234375 0.040625 0.1109375
25 0.975 0.10234375 0.03759765625 0.1078125
25 0.03359375 0.22265625 0.0484375 0.128125
25 0.0828125 0.22109375 0.0529296875 0.128125
25 0.13125 0.22109375 0.0498046875 0.128125
25 0.18125 0.2203125 0.0501953125 0.125
25 0.22734375 0.21875 0.0484375 0.128125
25 0.2859375 0.21875 0.0404296875 0.1248046875
25 0.3296875 0.21640625 0.04375 0.125
25 0.3734375 0.2171875 0.04677734375 0.121875
25 0.4171875 0.21640625 0.04677734375 0.1203125
25 0.46171875 0.21484375 0.0453125 0.1203125
25 0.521875 0.21484375 0.028125 0.115625
25 0.5578125 0.21484375 0.04375 0.115625
25 0.60078125 0.21484375 0.04375 0.11875
25 0.64453125 0.2140625 0.04375 0.1158203125
25 0.68359375 0.2125 0.0390625 0.11875
25 0.74140625 0.2140625 0.0265625 0.115625
25 0.77421875 0.2125 0.0390625 0.115625
25 0.8125 0.2125 0.0376953125 0.115625
25 0.85078125 0.2125 0.040625 0.11240234375
25 0.890625 0.2125 0.03759765625 0.11240234375
25 0.9734375 0.21015625 0.040625 0.1078125
25 0.040625 0.47265625 0.04384765625 0.125
25 0.0875 0.47109375 0.0439453125 0.128125
25 0.134375 0.4703125 0.04990234375 0.12197265625
25 0.18125 0.46640625 0.0498046875 0.1203125
25 0.228125 0.4640625 0.0439453125 0.1216796875
25 0.28828125 0.46171875 0.0390625 0.1203125
25 0.33046875 0.459375 0.0453125 0.11875
25 0.375 0.45546875 0.04375 0.11875
25 0.41953125 0.4546875 0.0453125 0.11572265625
25 0.4640625 0.4515625 0.0466796875 0.11875
25 0.52265625 0.44921875 0.034375 0.11875
25 0.56015625 0.446875 0.0390625 0.11865234375
25 0.60078125 0.44609375 0.04375 0.1171875
25 0.64296875 0.44453125 0.04375 0.11875
25 0.6828125 0.4421875 0.04052734375 0.115625
25 0.73828125 0.43984375 0.025 0.1140625
25 0.76953125 0.4390625 0.0390625 0.10947265625
25 0.8078125 0.4359375 0.040625 0.10947265625
25 0.8484375 0.43515625 0.040625 0.1109375
25 0.88671875 0.43359375 0.0390625 0.1109375
25 0.9671875 0.43046875 0.040625 0.1109375
25 0.0421875 0.59765625 0.04677734375 0.1203125
25 0.08984375 0.59375 0.0484375 0.12490234375
25 0.13828125 0.58984375 0.0484375 0.1234375
25 0.18359375 0.5875 0.0484375 0.121875
25 0.23046875 0.58671875 0.0484375 0.121875
25 0.28984375 0.58046875 0.0390625 0.1203125
25 0.33046875 0.57578125 0.0453125 0.1203125
25 0.375 0.5734375 0.04384765625 0.11572265625
25 0.41953125 0.57109375 0.0453125 0.1171875
25 0.4640625 0.56953125 0.0466796875 0.1140625
25 0.52265625 0.56640625 0.034375 0.1140625
25 0.55859375 0.5609375 0.0390625 0.1154296875
25 0.6 0.5609375 0.040625 0.11552734375
25 0.6421875 0.56015625 0.04375 0.1140625
25 0.6828125 0.55625 0.040625 0.11240234375
25 0.7359375 0.5515625 0.025 0.10947265625
25 0.7671875 0.54921875 0.03447265625 0.1109375
25 0.80546875 0.5484375 0.040625 0.10947265625
25 0.8453125 0.54296875 0.0404296875 0.1109375
25 0.884375 0.54296875 0.040625 0.1078125
25 0.96484375 0.5375 0.0390625 0.1064453125
25 0.0484375 0.8328125 0.04697265625 0.125
25 0.0953125 0.8296875 0.04677734375 0.128125
25 0.140625 0.8234375 0.04384765625 0.128125
25 0.1859375 0.82109375 0.0466796875 0.125
25 0.23203125 0.81484375 0.0453125 0.125
25 0.2921875 0.8109375 0.04052734375 0.128125
25 0.3328125 0.8078125 0.04375 0.125
25 0.37734375 0.80390625 0.0453125 0.1203125
25 0.4203125 0.79921875 0.040625 0.1234375
25 0.46171875 0.7953125 0.04375 0.1216796875
25 0.51953125 0.7875 0.0296875 0.11884765625
25 0.55546875 0.78515625 0.040625 0.1203125
25 0.59609375 0.78125 0.040625 0.1189453125
25 0.63671875 0.77734375 0.0390625 0.1203125
25 0.6765625 0.775 0.040625 0.11884765625
25 0.7359375 0.7703125 0.02802734375 0.12177734375
25 0.765625 0.765625 0.0376953125 0.1189453125
25 0.80546875 0.76171875 0.0390625 0.1203125
25 0.84375 0.759375 0.040625 0.11875
25 0.88203125 0.7546875 0.0359375 0.115625
25 0.93515625 0.75390625 0.0203125 0.1109375
25 0.96171875 0.74609375 0.0359375 0.1109375
25 0.05078125 0.946875 0.0484375 0.103125
25 0.09609375 0.94375 0.0484375 0.11240234375
25 0.14296875 0.94296875 0.0453125 0.1140625
25 0.1875 0.9375 0.04384765625 0.115625
25 0.2328125 0.93515625 0.04677734375 0.115625
25 0.29296875 0.92890625 0.0390625 0.1109375
25 0.334375 0.9265625 0.04375 0.1154296875
25 0.37734375 0.9203125 0.04375 0.10947265625
25 0.4203125 0.915625 0.04375 0.11240234375
25 0.4640625 0.9109375 0.04375 0.10947265625
25 0.51953125 0.90390625 0.0296875 0.1140625
25 0.55390625 0.89921875 0.040625 0.10625
25 0.5953125 0.89296875 0.040625 0.1078125
25 0.6359375 0.890625 0.040625 0.10625
25 0.678125 0.88828125 0.040625 0.10625
25 0.765625 0.8765625 0.03759765625 0.103125
25 0.80390625 0.8703125 0.0390625 0.10302734375
25 0.84140625 0.86796875 0.0390625 0.103125
25 0.8796875 0.8640625 0.04052734375 0.103125
25 0.9328125 0.85546875 0.02177734375 0.096875
25 0.96015625 0.85234375 0.0359375 0.103125