25 0.34140625 0.5421875 0.0515625 0.20947265625
25 0.40234375 0.8015625 0.053125 0.17197265625
25 0.453125 0.803125 0.0501953125 0.1748046875
25 0.50390625 0.803125 0.0484375 0.178125
25 0.5515625 0.79453125 0.05302734375 0.1734375
25 0.796875 0.771875 0.04384765625 0.16259765625
25 0.8421875 0.765625 0.04375 0.16259765625
25 0.17890625 0.2078125 0.071875 0.28447265625
25 0.25703125 0.20078125 0.0765625 0.29375
25 0.3390625 0.196875 0.07822265625 0.29990234375
25 0.4203125 0.19375 0.084375 0.30625
25 0.5140625 0.19140625 0.07822265625 0.3078125
25 0.60078125 0.19609375 0.084375 0.3015625
25 0.6875 0.19609375 0.0814453125 0.303125
25 0.76796875 0.2046875 0.075 0.29375
25 0.9734375 0.23203125 0.053125 0.2578125
25 0.9484375 0.2390625 0.053125 0.24052734375
25 0.040625 0.52265625 0.03759765625 0.1828125
25 0.0796875 0.52421875 0.0404296875 0.1875
25 0.11796875 0.5296875 0.040625 0.190625
25 0.16015625 0.53359375 0.04375 0.196875
25 0.203125 0.5359375 0.04384765625 0.20302734375
25 0.24609375 0.53828125 0.04375 0.2046875
25 0.290625 0.540625 0.04990234375 0.209375
25 0.35234375 0.79921875 0.0515625 0.1765625
25 0.3921875 0.54296875 0.05302734375 0.2125
25 0.10703125 0.2140625 0.0703125 0.271875
25 0.040625 0.22265625 0.075 0.2640625
25 0.88203125 0.759375 0.04375 0.153125
25 0.921875 0.75390625 0.03759765625 0.146875
25 0.9578125 0.74765625 0.040625 0.1453125
25 0.4953125 0.5421875 0.05302734375 0.21552734375
25 0.54453125 0.540625 0.0515625 0.209375
25 0.5921875 0.53828125 0.04697265625 0.2046875
25 0.646875 0.53828125 0.0501953125 0.2046875
25 0.69609375 0.53828125 0.0484375 0.2046875
25 0.74296875 0.5375 0.0453125 0.196875
25 0.78828125 0.53359375 0.04375 0.196875
25 0.83203125 0.5296875 0.04375 0.190625
25 0.44375 0.5421875 0.053125 0.21552734375
25 0.87265625 0.52890625 0.040625 0.1859375
25 0.91328125 0.5265625 0.040625 0.1841796875
25 0.9515625 0.525 0.0404296875 0.178125
25 0.98515625 0.521875 0.0296875 0.175
25 0.015625 0.7390625 0.03125 0.15302734375
25 0.0484375 0.75 0.04052734375 0.15009765625
25 0.08671875 0.75703125 0.040625 0.153125
25 0.12734375 0.765625 0.04375 0.159375
25 0.1703125 0.77265625 0.040625 0.1609375
25 0.2125 0.7828125 0.04375 0.16875
25 0.25703125 0.78984375 0.0484375 0.16875
25 0.30390625 0.7921875 0.0484375 0.17802734375