25 0.3078125 0.23828125 0.04697265625 0.3265625
25 0.96015625 0.17578125 0.0765625 0.34375
25 0.8640625 0.17578125 0.10625 0.3515625
25 0.759375 0.1828125 0.10625 0.365625
25 0.6609375 0.1875 0.090625 0.375
25 0.57421875 0.19140625 0.0875 0.3828125
25 0.5015625 0.2015625 0.06572265625 0.37177734375
25 0.44375 0.228125 0.05625 0.325
25 0.3703125 0.225 0.075 0.34365234375
25 0.25703125 0.24609375 0.0578125 0.315625
25 0.2140625 0.25859375 0.04677734375 0.2953125
25 0.1828125 0.26953125 0.04052734375 0.2796875
25 0.1421875 0.2765625 0.0529296875 0.2716796875
25 0.09375 0.2828125 0.05009765625 0.26572265625
25 0.95546875 0.678125 0.084375 0.509375
25 0.853125 0.68046875 0.121875 0.503125
25 0.725 0.671875 0.1064453125 0.471875
25 0.6234375 0.65625 0.09375 0.4375
25 0.5359375 0.6453125 0.084375 0.41552734375
25 0.4578125 0.63671875 0.071875 0.3875
25 0.3890625 0.62734375 0.065625 0.3703125
25 0.33515625 0.61875 0.0609375 0.34375
25 0.27734375 0.61171875 0.0578125 0.3296875
25 0.23203125 0.60546875 0.05625 0.315625
25 0.1890625 0.60078125 0.05302734375 0.2984375
25 0.146875 0.5953125 0.0501953125 0.2904296875
25 0.109375 0.58984375 0.04990234375 0.275
25 0.07578125 0.58515625 0.0484375 0.2625
25 0.1578125 0.86171875 0.04375 0.1375
25 0.12109375 0.85703125 0.034375 0.15
25 0.08671875 0.853125 0.0390625 0.16240234375