25 0.5515625 0.63125 0.04375 0.25634765625
25 0.59609375 0.63125 0.04375 0.25634765625
25 0.6421875 0.63125 0.04375 0.25634765625
25 0.6875 0.63125 0.04384765625 0.2625
25 0.73203125 0.63125 0.04375 0.2564453125
25 0.775 0.63359375 0.04375 0.2578125
25 0.8234375 0.63359375 0.04677734375 0.2578125
25 0.86796875 0.63359375 0.04375 0.2578125
25 0.91328125 0.63359375 0.04375 0.2578125
25 0.9578125 0.63359375 0.04375 0.2578125
25 0.3703125 0.62734375 0.04677734375 0.2578125
25 0.321875 0.62734375 0.04384765625 0.2578125
25 0.2765625 0.62890625 0.04677734375 0.2578125
25 0.23046875 0.62890625 0.0453125 0.2546875
25 0.1875 0.62890625 0.04375 0.2546875
25 0.1453125 0.62734375 0.04677734375 0.2546875
25 0.10234375 0.62890625 0.04375 0.253125
25 0.05859375 0.6265625 0.04375 0.2533203125
25 0.01953125 0.6265625 0.0390625 0.25322265625
25 0.97265625 0.334375 0.053125 0.271875
25 0.91796875 0.33203125 0.0578125 0.271875
25 0.86328125 0.3328125 0.05625 0.27177734375
25 0.81015625 0.3328125 0.053125 0.2716796875
25 0.75625 0.3328125 0.05625 0.27177734375
25 0.703125 0.3328125 0.053125 0.26572265625
25 0.64765625 0.33046875 0.0578125 0.2703125
25 0.5921875 0.33203125 0.05625 0.2703125
25 0.53828125 0.328125 0.0546875 0.275
25 0.4828125 0.3265625 0.05625 0.271875
25 0.428125 0.3265625 0.05625 0.27177734375
25 0.3734375 0.328125 0.05625 0.26259765625
25 0.93984375 0.9 0.11875 0.04990234375
25 0.5328125 0.96875 0.1466796875 0.0623046875
25 0.67578125 0.97265625 0.1453125 0.0515625
25 0.39296875 0.88828125 0.134375 0.0609375
25 0.52734375 0.89765625 0.134375 0.0515625
25 0.665625 0.896875 0.1375 0.04990234375
25 0.79921875 0.89921875 0.128125 0.0453125
25 0.415625 0.6296875 0.04384765625 0.25927734375
25 0.46015625 0.62890625 0.0453125 0.2578125
25 0.50625 0.63125 0.04384765625 0.25634765625