25 0.24765625 0.7390625 0.1015625 0.378125
25 0.0890625 0.275 0.09697265625 0.375
25 0.34609375 0.74140625 0.0984375 0.3796875
25 0.446875 0.74375 0.10625 0.38134765625
25 0.55859375 0.74140625 0.10625 0.3828125
25 0.6609375 0.74140625 0.10302734375 0.3796875
25 0.7609375 0.74140625 0.09697265625 0.378125
25 0.8578125 0.74140625 0.09697265625 0.371875
25 0.9515625 0.740625 0.09072265625 0.375
25 0.1921875 0.2765625 0.10927734375 0.378125
25 0.296875 0.27421875 0.103125 0.378125
25 0.4015625 0.27421875 0.103125 0.378125
25 0.50625 0.27265625 0.10634765625 0.378125
25 0.61328125 0.27265625 0.10625 0.375
25 0.71640625 0.27421875 0.103125 0.3734375
25 0.821875 0.275 0.10625 0.36884765625
25 0.92578125 0.27734375 0.1015625 0.3703125
25 0.04921875 0.7359375 0.0984375 0.3720703125
25 0.14765625 0.73828125 0.1 0.3734375