26 0.8734375 0.975 0.13427734375 0.04990234375
26 0.859375 0.896875 0.1 0.13125
26 0.85234375 0.79921875 0.0828125 0.0921875
26 0.85078125 0.72734375 0.06875 0.0828125
26 0.8390625 0.65234375 0.0658203125 0.0890625
26 0.83046875 0.5921875 0.0625 0.08427734375
26 0.725 0.55859375 0.15634765625 0.0953125
26 0.7296875 0.62265625 0.165625 0.1046875
26 0.72734375 0.70703125 0.1859375 0.1484375
26 0.70546875 0.80625 0.16875 0.1125
26 0.7125 0.896875 0.1810546875 0.1498046875
26 0.6859375 0.9578125 0.13427734375 0.07177734375
26 0.56953125 0.515625 0.1578125 0.103125
26 0.41328125 0.49765625 0.1609375 0.1453125
26 0.56484375 0.5984375 0.16875 0.14375
26 0.55546875 0.71171875 0.1609375 0.1375
26 0.40859375 0.615625 0.1515625 0.1310546875
26 0.40390625 0.70078125 0.146875 0.096875
26 0.40390625 0.7640625 0.1484375 0.096875
26 0.546875 0.81015625 0.15 0.103125
26 0.39296875 0.83203125 0.1515625 0.1046875
26 0.53984375 0.87734375 0.1515625 0.1078125
26 0.38203125 0.89453125 0.153125 0.090625
26 0.53515625 0.9390625 0.159375 0.09052734375
26 0.24765625 0.52890625 0.1671875 0.146875
26 0.26328125 0.44375 0.1578125 0.103125
26 0.2515625 0.6265625 0.15322265625 0.103125
26 0.23671875 0.6875 0.1609375 0.10625
26 0.2234375 0.75859375 0.1625 0.1140625
26 0.1109375 0.41953125 0.165625 0.1484375