25 0.6078125 0.87734375 0.2091796875 0.115625
25 0.396875 0.87734375 0.2064453125 0.11875
25 0.1875 0.87734375 0.20634765625 0.11875
25 0.80625 0.74375 0.2 0.15
25 0.603125 0.74296875 0.2 0.15
25 0.39765625 0.74375 0.2046875 0.15
25 0.1875 0.74296875 0.20634765625 0.146875
25 0.6890625 0.55390625 0.27822265625 0.1390625
25 0.40859375 0.55390625 0.28125 0.1421875
25 0.1359375 0.55390625 0.27177734375 0.1421875
25 0.8140625 0.35078125 0.23447265625 0.159375
25 0.5796875 0.35078125 0.2341796875 0.159375
25 0.34765625 0.35078125 0.2328125 0.159375
25 0.11640625 0.35078125 0.2328125 0.159375
25 0.93515625 0.15234375 0.128125 0.0875
25 0.78828125 0.1515625 0.1640625 0.09072265625
25 0.62265625 0.15234375 0.159375 0.0875
25 0.46015625 0.1515625 0.159375 0.09052734375
25 0.29921875 0.1515625 0.1578125 0.0904296875
25 0.1359375 0.1515625 0.16552734375 0.09072265625
25 0.9328125 0.06484375 0.13427734375 0.0875
25 0.78515625 0.0609375 0.1640625 0.0875
25 0.13671875 0.0640625 0.165625 0.0875
25 0.2984375 0.06484375 0.15947265625 0.084375
25 0.459375 0.0640625 0.16240234375 0.0875
25 0.92578125 0.553125 0.0703125 0.13759765625
25 0.8609375 0.553125 0.065625 0.1376953125
25 0.62265625 0.06640625 0.159375 0.0875