25 0.65390625 0.83515625 0.0765625 0.29375
25 0.72578125 0.83515625 0.0703125 0.2953125
25 0.796875 0.8390625 0.071875 0.29697265625
25 0.86796875 0.83515625 0.0671875 0.2890625
25 0.94140625 0.84140625 0.0765625 0.3015625
25 0.7515625 0.15390625 0.0529296875 0.2484375
25 0.80078125 0.15234375 0.0515625 0.2484375
25 0.85234375 0.15234375 0.0515625 0.2484375
25 0.9046875 0.1515625 0.053125 0.25
25 0.95703125 0.1515625 0.053125 0.25
25 0.025 0.4703125 0.05 0.315625
25 0.09140625 0.4734375 0.0828125 0.31572265625
25 0.17890625 0.46640625 0.0515625 0.2984375
25 0.228125 0.475 0.06884765625 0.31884765625
25 0.29921875 0.47734375 0.071875 0.31875
25 0.37109375 0.478125 0.071875 0.3189453125
25 0.44375 0.478125 0.071875 0.31865234375
25 0.5171875 0.478125 0.07177734375 0.31865234375
25 0.5875 0.4796875 0.06884765625 0.32177734375
25 0.6609375 0.48046875 0.07802734375 0.325
25 0.734375 0.48046875 0.075 0.325
25 0.80625 0.4796875 0.071875 0.32177734375
25 0.8796875 0.48046875 0.075 0.321875
25 0.953125 0.48046875 0.071875 0.3203125
25 0.02890625 0.8234375 0.0578125 0.28447265625
25 0.0921875 0.828125 0.071875 0.29375
25 0.16328125 0.83203125 0.06875 0.2953125
25 0.234375 0.834375 0.071875 0.30009765625
25 0.30546875 0.83046875 0.071875 0.2953125
25 0.375 0.83046875 0.071875 0.29375
25 0.44453125 0.83203125 0.071875 0.290625
25 0.5140625 0.83203125 0.07177734375 0.290625
25 0.578125 0.81015625 0.05634765625 0.24375
25 0.03828125 0.1453125 0.0515625 0.253125
25 0.0890625 0.146875 0.053125 0.25
25 0.140625 0.146875 0.05009765625 0.25
25 0.19140625 0.146875 0.0515625 0.25
25 0.24140625 0.14765625 0.053125 0.25
25 0.2921875 0.14921875 0.05302734375 0.25
25 0.3421875 0.146875 0.05302734375 0.253125
25 0.39296875 0.14765625 0.0515625 0.2546875
25 0.44453125 0.14765625 0.053125 0.2546875
25 0.49609375 0.14765625 0.053125 0.2546875
25 0.5484375 0.14921875 0.053125 0.2546875
25 0.5984375 0.14921875 0.053125 0.2546875
25 0.65 0.15 0.053125 0.2560546875
25 0.70078125 0.1515625 0.0515625 0.253125