25 0.18359375 0.47734375 0.0625 0.321875
25 0.24765625 0.47578125 0.065625 0.325
25 0.3109375 0.47734375 0.0625 0.325
25 0.3765625 0.478125 0.06552734375 0.325
25 0.44140625 0.47734375 0.065625 0.321875
25 0.5046875 0.4796875 0.0625 0.321875
25 0.56953125 0.478125 0.0671875 0.321875
25 0.6359375 0.478125 0.06572265625 0.321875
25 0.703125 0.4796875 0.0685546875 0.3216796875
25 0.76796875 0.48203125 0.065625 0.3171875
25 0.834375 0.48203125 0.06865234375 0.3140625
25 0.89921875 0.4859375 0.065625 0.3033203125
25 0.9640625 0.48828125 0.06572265625 0.3078125
25 0.05078125 0.1390625 0.0671875 0.278125
25 0.11640625 0.13828125 0.0671875 0.2765625
25 0.18046875 0.1390625 0.0703125 0.278125
25 0.24765625 0.13828125 0.065625 0.2765625
25 0.3125 0.13828125 0.065625 0.2765625
25 0.37734375 0.1390625 0.065625 0.27802734375
25 0.4421875 0.13828125 0.065625 0.2765625
25 0.50703125 0.13828125 0.065625 0.2765625
25 0.571875 0.13828125 0.065625 0.2765625
25 0.63671875 0.1390625 0.065625 0.27802734375
25 0.69921875 0.1390625 0.0671875 0.278125
25 0.765625 0.13828125 0.065625 0.2765625
25 0.8296875 0.1390625 0.065625 0.27802734375
25 0.89296875 0.13828125 0.0625 0.2765625
25 0.959375 0.13828125 0.0685546875 0.2765625
25 0.11796875 0.47734375 0.065625 0.31875
25 0.05390625 0.478125 0.065625 0.3189453125
25 0.96875 0.84140625 0.0625 0.3140625
25 0.90625 0.828125 0.06865234375 0.34375
25 0.83984375 0.828125 0.065625 0.3375
25 0.77421875 0.828125 0.0671875 0.334375
25 0.709375 0.83046875 0.06865234375 0.334375
25 0.64453125 0.8328125 0.065625 0.3279296875
25 0.5796875 0.8328125 0.065625 0.32822265625
25 0.515625 0.834375 0.065625 0.33115234375
25 0.44921875 0.83203125 0.0703125 0.3296875
25 0.38203125 0.83046875 0.0703125 0.334375
25 0.31640625 0.8328125 0.0625 0.325
25 0.25234375 0.83671875 0.0640625 0.3171875
25 0.0578125 0.83515625 0.065625 0.3171875
25 0.1875 0.83984375 0.065625 0.315625
25 0.12265625 0.8390625 0.065625 0.315625