26 0.65 0.48203125 0.4876953125 0.1015625
26 0.646875 0.4203125 0.48125 0.10625
26 0.66953125 0.35546875 0.4734375 0.1078125
26 0.678125 0.296875 0.446875 0.09990234375
26 0.68515625 0.24140625 0.4296875 0.09375
26 0.49609375 0.9421875 0.5859375 0.115625
26 0.5109375 0.87109375 0.55625 0.1328125
26 0.5375 0.78359375 0.596875 0.1546875
26 0.56484375 0.68515625 0.428125 0.134375
26 0.0984375 0.9046875 0.196875 0.10927734375
26 0.1078125 0.72265625 0.215625 0.1171875
26 0.12890625 0.640625 0.2578125 0.1126953125
26 0.14453125 0.56875 0.2875 0.09375
26 0.24296875 0.31015625 0.4 0.1078125
26 0.25625 0.265625 0.39375 0.07509765625
26 0.27890625 0.225 0.403125 0.08134765625
26 0.225 0.38828125 0.415625 0.1359375