26 0.36640625 0.50859375 0.4828125 0.0875
26 0.3765625 0.56953125 0.475 0.0921875
26 0.359375 0.634375 0.4685546875 0.09375
26 0.35703125 0.69375 0.4421875 0.0873046875
26 0.3546875 0.7484375 0.425 0.08125
26 0.475 0.0484375 0.575 0.096875
26 0.46875 0.11796875 0.54990234375 0.1171875
26 0.45078125 0.20546875 0.5875 0.1375
26 0.4328125 0.30546875 0.42177734375 0.1234375
26 0.8890625 0.06875 0.22177734375 0.09990234375
26 0.8890625 0.2515625 0.2216796875 0.1091796875
26 0.87265625 0.33515625 0.2515625 0.1046875
26 0.8609375 0.4078125 0.278125 0.084375
26 0.7828125 0.66796875 0.38447265625 0.096875
26 0.77421875 0.71171875 0.3796875 0.0640625
26 0.75859375 0.75390625 0.3953125 0.071875
26 0.79453125 0.5890625 0.3984375 0.12197265625