25 0.75625 0.9078125 0.084375 0.18125
25 0.0890625 0.15859375 0.103125 0.2796875
25 0.19140625 0.1625 0.1015625 0.28125
25 0.2875 0.1625 0.09375 0.28125
25 0.38359375 0.1625 0.0984375 0.28125
25 0.48046875 0.16328125 0.096875 0.2765625
25 0.5765625 0.1625 0.096875 0.28115234375
25 0.67421875 0.1609375 0.1015625 0.28125
25 0.7703125 0.1625 0.096875 0.2751953125
25 0.86640625 0.16015625 0.096875 0.28125
25 0.06953125 0.47109375 0.0984375 0.2515625
25 0.1609375 0.47265625 0.09697265625 0.25
25 0.25390625 0.47265625 0.0890625 0.2453125
25 0.34140625 0.4734375 0.0890625 0.24697265625
25 0.43046875 0.47265625 0.0890625 0.24375
25 0.5203125 0.4734375 0.09072265625 0.24697265625
25 0.6109375 0.4734375 0.090625 0.24697265625
25 0.70078125 0.475 0.09375 0.25
25 0.7953125 0.475 0.096875 0.25
25 0.87890625 0.47265625 0.075 0.25
25 0.04453125 0.7046875 0.071875 0.1375
25 0.11640625 0.7046875 0.071875 0.1375
25 0.18984375 0.7046875 0.075 0.14052734375
25 0.2640625 0.70546875 0.075 0.1421875
25 0.33671875 0.7046875 0.0703125 0.1375
25 0.4078125 0.70546875 0.075 0.1390625
25 0.4796875 0.70546875 0.071875 0.1375
25 0.5515625 0.70703125 0.0716796875 0.1375
25 0.6234375 0.7078125 0.075 0.14052734375
25 0.696875 0.7078125 0.071875 0.134375
25 0.76953125 0.7078125 0.0703125 0.12822265625
25 0.84375 0.709375 0.07509765625 0.13134765625
25 0.0296875 0.90390625 0.059375 0.1890625
25 0.1 0.9046875 0.084375 0.1875
25 0.18125 0.9046875 0.084375 0.18447265625
25 0.2640625 0.90625 0.084375 0.1875
25 0.34609375 0.90625 0.0859375 0.1814453125
25 0.428125 0.90625 0.08134765625 0.1875
25 0.5109375 0.90625 0.084375 0.18134765625
25 0.59140625 0.90625 0.0828125 0.1875
25 0.6734375 0.9078125 0.0875 0.18125
25 0.8390625 0.90625 0.0845703125 0.1814453125