25 0.4671875 0.59765625 0.20322265625 0.25
25 0.1078125 0.06875 0.215625 0.096875
25 0.33203125 0.071875 0.228125 0.08759765625
25 0.56640625 0.06484375 0.2390625 0.096875
25 0.796875 0.0671875 0.221875 0.09375
25 0.0421875 0.296875 0.08427734375 0.209375
25 0.13125 0.2859375 0.096875 0.23427734375
25 0.2296875 0.2859375 0.09697265625 0.23427734375
25 0.33046875 0.28515625 0.103125 0.2359375
25 0.4328125 0.2859375 0.103125 0.23427734375
25 0.53359375 0.2859375 0.1015625 0.23427734375
25 0.6359375 0.2859375 0.1029296875 0.2341796875
25 0.73671875 0.2859375 0.103125 0.2341796875
25 0.8375 0.2875 0.10009765625 0.23134765625
25 0.08046875 0.5953125 0.1609375 0.253125
25 0.2609375 0.59765625 0.2 0.25
25 0.67421875 0.6 0.2046875 0.246875
25 0.1109375 0.96015625 0.221875 0.075
25 0.84140625 0.6 0.1328125 0.246875
25 0.3421875 0.82109375 0.24052734375 0.1078125
25 0.3484375 0.928125 0.2404296875 0.1001953125
25 0.5828125 0.81953125 0.24052734375 0.1078125
25 0.59375 0.92890625 0.240625 0.10625
25 0.80625 0.82421875 0.196875 0.1078125
25 0.8109375 0.93125 0.1908203125 0.10625
25 0.02734375 0.80078125 0.0515625 0.0828125
25 0.08203125 0.79921875 0.0578125 0.0796875
25 0.140625 0.7984375 0.04375 0.071875
25 0.1921875 0.8015625 0.05947265625 0.08427734375
25 0.109375 0.88359375 0.21875 0.0796875