25 0.2140625 0.7640625 0.1154296875 0.459375
25 0.88203125 0.23203125 0.128125 0.4640625
25 0.66015625 0.7546875 0.11875 0.4720703125
25 0.0984375 0.7671875 0.12177734375 0.4625
25 0.765625 0.234375 0.11884765625 0.46865234375
25 0.64921875 0.2359375 0.1140625 0.46572265625
25 0.53515625 0.23203125 0.1140625 0.4625
25 0.41328125 0.2359375 0.115625 0.4625
25 0.296875 0.24375 0.11259765625 0.471875
25 0.1828125 0.24609375 0.11875 0.4734375
25 0.0671875 0.2515625 0.115625 0.46572265625
25 0.9015625 0.75703125 0.1283203125 0.4828125
25 0.77890625 0.75703125 0.11875 0.48125