25 0.1625 0.40234375 0.0689453125 0.1765625
25 0.23046875 0.40234375 0.0671875 0.1734375
25 0.2984375 0.40390625 0.06572265625 0.1734375
25 0.36796875 0.40390625 0.0671875 0.1765625
25 0.43515625 0.40390625 0.0703125 0.1734375
25 0.50390625 0.4046875 0.0671875 0.17197265625
25 0.57109375 0.40390625 0.0671875 0.1734375
25 0.6390625 0.40390625 0.07177734375 0.1734375
25 0.7078125 0.40234375 0.0658203125 0.1734375
25 0.775 0.40234375 0.0689453125 0.1734375
25 0.84375 0.40234375 0.06865234375 0.1703125
25 0.04296875 0.66328125 0.0671875 0.178125
25 0.1078125 0.66484375 0.065625 0.1796875
25 0.17578125 0.6671875 0.0703125 0.18427734375
25 0.24375 0.66796875 0.06884765625 0.1828125
25 0.3140625 0.6671875 0.07177734375 0.18427734375
25 0.84765625 0.6671875 0.065625 0.1841796875
25 0.91328125 0.665625 0.0671875 0.18134765625
25 0.97109375 0.6671875 0.053125 0.184375
25 0.7796875 0.6671875 0.07177734375 0.18427734375
25 0.71171875 0.665625 0.0703125 0.18134765625
25 0.64453125 0.665625 0.065625 0.184375
25 0.578125 0.6671875 0.06865234375 0.18427734375
25 0.51171875 0.6671875 0.0671875 0.18427734375
25 0.446875 0.665625 0.065625 0.18134765625
25 0.38203125 0.665625 0.0671875 0.18134765625
25 0.91328125 0.40390625 0.071875 0.1703125
25 0.22734375 0.11640625 0.0703125 0.1828125
25 0.296875 0.11640625 0.071875 0.1875
25 0.3703125 0.11875 0.071875 0.18134765625
25 0.44140625 0.11875 0.071875 0.18134765625
25 0.5109375 0.11875 0.06572265625 0.18134765625
25 0.5796875 0.11875 0.0658203125 0.1814453125
25 0.65 0.11875 0.06884765625 0.18134765625
25 0.7203125 0.11875 0.07177734375 0.18125
25 0.78984375 0.11875 0.0703125 0.18125
25 0.8609375 0.11796875 0.07177734375 0.18125
25 0.93515625 0.11640625 0.0765625 0.1859375
25 0.09140625 0.40234375 0.071875 0.1765625