26 0.4734375 0.94453125 0.290625 0.078125
26 0.7640625 0.9625 0.28427734375 0.075
26 0.7640625 0.91015625 0.27802734375 0.075
26 0.85546875 0.6671875 0.2328125 0.084375
26 0.26328125 0.56953125 0.3421875 0.0890625
26 0.2546875 0.62734375 0.34072265625 0.0765625
26 0.24375 0.66953125 0.340625 0.0734375
26 0.2359375 0.71171875 0.340625 0.071875
26 0.23046875 0.7484375 0.3375 0.06572265625
26 0.02734375 0.72734375 0.0546875 0.0421875
26 0.0328125 0.69375 0.065625 0.04990234375
26 0.03359375 0.6390625 0.0671875 0.08125
26 0.046875 0.56640625 0.09365234375 0.0828125
26 0.046875 0.44921875 0.0875 0.05625
26 0.0578125 0.3859375 0.0904296875 0.0783203125
26 0.0734375 0.3140625 0.0875 0.06875
26 0.634375 0.5 0.3564453125 0.0814453125
26 0.64921875 0.44609375 0.371875 0.0828125
26 0.66484375 0.38359375 0.384375 0.1140625
26 0.92421875 0.4703125 0.15 0.071875
26 0.93046875 0.4125 0.1375 0.071875
26 0.9203125 0.52421875 0.15625 0.0609375
26 0.2796875 0.41796875 0.3625 0.0765625
26 0.28515625 0.36328125 0.3796875 0.090625
26 0.315625 0.040625 0.3375 0.08125