25 0.8859375 0.359375 0.04697265625 0.18134765625
25 0.9125 0.72265625 0.09375 0.3109375
25 0.84140625 0.725 0.075 0.290625
25 0.978125 0.10078125 0.04375 0.2
25 0.77265625 0.72109375 0.065625 0.2890625
25 0.93046875 0.10078125 0.0515625 0.2015625
25 0.053125 0.359375 0.04990234375 0.18740234375
25 0.10078125 0.3609375 0.0484375 0.18447265625
25 0.9359375 0.35703125 0.053125 0.1859375
25 0.3109375 0.7171875 0.05947265625 0.284375
25 0.2515625 0.71875 0.0625 0.28759765625
25 0.1875 0.72109375 0.065625 0.2890625
25 0.1265625 0.725 0.05947265625 0.29375
25 0.0578125 0.7296875 0.07802734375 0.290625
25 0.98046875 0.35078125 0.0359375 0.2
25 0.3375 0.35546875 0.04375 0.196875
25 0.296875 0.3578125 0.04375 0.190625
25 0.24765625 0.36171875 0.0453125 0.1828125
25 0.20078125 0.36171875 0.0453125 0.1828125
25 0.15 0.3609375 0.04990234375 0.18427734375