25 0.6625 0.11640625 0.05009765625 0.1515625
25 0.146875 0.48203125 0.096875 0.0515625
25 0.14765625 0.428125 0.10625 0.05625
25 0.053125 0.48046875 0.09375 0.053125
25 0.046875 0.42578125 0.09375 0.0578125
25 0.97578125 0.2984375 0.0484375 0.15322265625
25 0.928125 0.2953125 0.05009765625 0.15
25 0.8796875 0.2984375 0.05302734375 0.15322265625
25 0.8328125 0.2984375 0.05302734375 0.15322265625
25 0.78515625 0.2984375 0.0484375 0.15322265625
25 0.73671875 0.296875 0.0484375 0.15625
25 0.6890625 0.2984375 0.0470703125 0.1533203125
25 0.6421875 0.2984375 0.05302734375 0.15625
25 0.5921875 0.29921875 0.0470703125 0.1546875
25 0.5453125 0.29921875 0.0470703125 0.1546875
25 0.49765625 0.29921875 0.0484375 0.1546875
25 0.44921875 0.29921875 0.0515625 0.1546875
25 0.41015625 0.296875 0.0359375 0.1435546875
25 0.3703125 0.296875 0.04375 0.14365234375
25 0.328125 0.2953125 0.04375 0.1404296875
25 0.27734375 0.2984375 0.0484375 0.146875
25 0.23046875 0.2984375 0.0453125 0.15
25 0.17578125 0.2953125 0.0515625 0.146875
25 0.1265625 0.296875 0.04697265625 0.146875
25 0.07421875 0.2984375 0.0609375 0.1533203125
25 0.02265625 0.2984375 0.0453125 0.1533203125
25 0.75703125 0.11640625 0.0484375 0.1515625
25 0.709375 0.11796875 0.0439453125 0.1515625
25 0.2484375 0.421875 0.08427734375 0.04990234375
25 0.61171875 0.11640625 0.0515625 0.15
25 0.546875 0.1234375 0.04384765625 0.14072265625
25 0.5 0.11796875 0.04990234375 0.1515625
25 0.4515625 0.11796875 0.04697265625 0.1515625
25 0.40625 0.11796875 0.0498046875 0.15
25 0.35703125 0.115625 0.0515625 0.15625
25 0.30859375 0.11640625 0.0484375 0.15625
25 0.2609375 0.11640625 0.0470703125 0.1546875
25 0.2125 0.11796875 0.0498046875 0.1546875
25 0.1453125 0.115625 0.0470703125 0.1560546875
25 0.0984375 0.11171875 0.04697265625 0.1453125
25 0.05078125 0.11328125 0.0484375 0.1453125
25 0.74609375 0.48046875 0.103125 0.053125
25 0.74765625 0.428125 0.103125 0.0564453125
25 0.64296875 0.478125 0.0984375 0.0564453125
25 0.64921875 0.4203125 0.096875 0.0470703125
25 0.53515625 0.4828125 0.0984375 0.053125
25 0.5375 0.42890625 0.096875 0.05625
25 0.4390625 0.47265625 0.09375 0.0515625
25 0.44140625 0.421875 0.09375 0.04990234375
25 0.34140625 0.4828125 0.1015625 0.053125
25 0.33984375 0.428125 0.103125 0.0564453125
25 0.24140625 0.4796875 0.096875 0.05947265625