25 0.6625 0.06875 0.0498046875 0.1248046875
25 0.61640625 0.0671875 0.0453125 0.1216796875
25 0.61796875 0.1859375 0.1328125 0.115625
25 0.4859375 0.06875 0.128125 0.115625
25 0.48671875 0.1859375 0.1296875 0.11552734375
25 0.3546875 0.06875 0.1375 0.11884765625
25 0.3546875 0.1875 0.1341796875 0.115625
25 0.26171875 0.1234375 0.0515625 0.24677734375
25 0.2125 0.12265625 0.053125 0.2453125
25 0.0671875 0.19453125 0.04375 0.1109375
25 0.58984375 0.44375 0.0609375 0.31259765625
25 0.5296875 0.4421875 0.05927734375 0.30947265625
25 0.47265625 0.4421875 0.05625 0.315625
25 0.415625 0.44453125 0.0560546875 0.3109375
25 0.09375 0.80546875 0.06865234375 0.3390625
25 0.15625 0.80859375 0.06240234375 0.3421875
25 0.21875 0.80859375 0.06865234375 0.34375
25 0.28515625 0.8109375 0.0671875 0.34072265625
25 0.35078125 0.8109375 0.0671875 0.34072265625
25 0.41328125 0.81484375 0.0609375 0.3484375
25 0.478125 0.81640625 0.0685546875 0.3484375
25 0.5453125 0.81875 0.06572265625 0.35009765625
25 0.571875 0.06640625 0.04384765625 0.11875
25 0.303125 0.4484375 0.05615234375 0.30302734375
25 0.24609375 0.446875 0.0578125 0.2998046875
25 0.18984375 0.446875 0.0578125 0.29990234375
25 0.13359375 0.446875 0.0578125 0.2998046875
25 0.078125 0.44609375 0.05634765625 0.2984375
25 0.87734375 0.81953125 0.075 0.3484375
25 0.8109375 0.81953125 0.0716796875 0.353125
25 0.74296875 0.81875 0.0703125 0.353125
25 0.6765625 0.81875 0.065625 0.353125
25 0.61328125 0.8171875 0.065625 0.353125
25 0.359375 0.446875 0.05634765625 0.29990234375