21 0.18125 0.2296875 0.0875 0.0841796875
21 0.0875 0.23046875 0.09365234375 0.08125
21 0.875 0.2359375 0.096875 0.06552734375
21 0.2640625 0.23828125 0.071875 0.0671875
21 0.41328125 0.23828125 0.071875 0.0671875
21 0.33984375 0.23828125 0.0796875 0.0671875
21 0.68046875 0.2390625 0.096875 0.0595703125
21 0.7765625 0.2390625 0.0966796875 0.0595703125
21 0.9640625 0.24140625 0.071875 0.0515625
21 0.60234375 0.24609375 0.05625 0.0484375
21 0.540625 0.24609375 0.05634765625 0.05
21 0.48203125 0.24765625 0.05625 0.0484375
21 0.7703125 0.3296875 0.0654296875 0.040625
21 0.834375 0.3296875 0.05009765625 0.040625
21 0.6515625 0.33203125 0.05322265625 0.0453125
21 0.71171875 0.33203125 0.0546875 0.040625
21 0.58046875 0.3640625 0.096875 0.075
21 0.91328125 0.365625 0.071875 0.06865234375
21 0.97578125 0.36640625 0.0484375 0.0671875
21 0.47578125 0.36796875 0.0984375 0.0703125
21 0.03359375 0.36875 0.0671875 0.059375
21 0.11875 0.3703125 0.096875 0.0595703125
21 0.84375 0.3734375 0.05625 0.04697265625
21 0.296875 0.3734375 0.078125 0.05322265625
21 0.2140625 0.375 0.078125 0.05625
21 0.7796875 0.375 0.05625 0.046875
21 0.71875 0.3765625 0.0498046875 0.0466796875
21 0.6625 0.37734375 0.05625 0.0453125
21 0.06875 0.09375 0.06875 0.08115234375
21 0.14453125 0.0921875 0.06875 0.08125
21 0.22109375 0.09375 0.0671875 0.08125
21 0.8546875 0.18046875 0.09052734375 0.04375
21 0.75703125 0.18515625 0.0890625 0.04375
21 0.6625 0.18515625 0.090625 0.046875
21 0.59140625 0.2046875 0.0515625 0.0345703125
21 0.5328125 0.20546875 0.05625 0.0328125
21 0.4734375 0.20546875 0.05302734375 0.0359375