21 0.26953125 0.2671875 0.0796875 0.090625
21 0.19140625 0.2671875 0.0765625 0.0875
21 0.109375 0.2671875 0.0875 0.0875
21 0.34765625 0.2671875 0.078125 0.090625
21 0.03359375 0.26796875 0.0671875 0.0921875
21 0.725 0.2828125 0.05 0.05302734375
21 0.6703125 0.2828125 0.04677734375 0.05322265625
21 0.78359375 0.2828125 0.0484375 0.053125
21 0.7515625 0.3546875 0.05625 0.04375
21 0.8109375 0.353125 0.05625 0.04384765625
21 0.8734375 0.3546875 0.05625 0.04375
21 0.4546875 0.37890625 0.04072265625 0.0296875
21 0.50390625 0.37890625 0.0515625 0.03125
21 0.3484375 0.3796875 0.0529296875 0.028125
21 0.4 0.3796875 0.04990234375 0.02822265625
21 0.296875 0.3796875 0.0439453125 0.0279296875
21 0.1140625 0.39453125 0.0908203125 0.065625
21 0.21875 0.39453125 0.0998046875 0.0734375
21 0.0265625 0.3953125 0.053125 0.06875
21 0.94140625 0.39453125 0.071875 0.065625
21 0.8109375 0.4015625 0.05927734375 0.05302734375
21 0.87109375 0.40234375 0.0578125 0.0515625
21 0.75 0.40234375 0.06240234375 0.05
21 0.66953125 0.4015625 0.0890625 0.0529296875
21 0.58046875 0.40390625 0.0875 0.0515625
21 0.50703125 0.4109375 0.04375 0.028125
21 0.35078125 0.4109375 0.0453125 0.02802734375
21 0.40234375 0.4125 0.0453125 0.02509765625
21 0.45546875 0.4125 0.0546875 0.0310546875
21 0.2984375 0.41328125 0.04677734375 0.0296875
21 0.9734375 0.4703125 0.053125 0.03447265625
21 0.85546875 0.4703125 0.0546875 0.040625
21 0.915625 0.4703125 0.05615234375 0.040625
21 0.7921875 0.47109375 0.0529296875 0.040625
21 0.11328125 0.5046875 0.096875 0.075
21 0.209375 0.5046875 0.10009765625 0.07197265625
21 0.0296875 0.50390625 0.059375 0.0734375
21 0.6859375 0.50703125 0.09697265625 0.0671875
21 0.58671875 0.509375 0.096875 0.06240234375
21 0.4828125 0.5109375 0.09375 0.0654296875
21 0.30625 0.51171875 0.078125 0.05625
21 0.3953125 0.51328125 0.078125 0.053125
21 0.8296875 0.515625 0.05302734375 0.046875
21 0.890625 0.5171875 0.05625 0.04375
21 0.95078125 0.51796875 0.0609375 0.04375
21 0.765625 0.51796875 0.05009765625 0.05
21 0.7296875 0.22578125 0.04697265625 0.0546875
21 0.66953125 0.22578125 0.0515625 0.0546875
21 0.7859375 0.22578125 0.05 0.0546875