25 0.0640625 0.46015625 0.040625 0.1875
25 0.10546875 0.46015625 0.04375 0.1875
25 0.14921875 0.46171875 0.04375 0.1875
25 0.1921875 0.4625 0.04375 0.1875
25 0.234375 0.4625 0.04375 0.1875
25 0.27734375 0.46171875 0.04375 0.190625
25 0.3234375 0.4625 0.04677734375 0.1875
25 0.3703125 0.4640625 0.04677734375 0.190625
25 0.415625 0.4640625 0.04384765625 0.190625
25 0.46015625 0.46640625 0.04375 0.190625
25 0.5046875 0.4671875 0.04375 0.19072265625
25 0.54921875 0.46875 0.04375 0.19365234375
25 0.5953125 0.4703125 0.04375 0.190625
25 0.6390625 0.4703125 0.04375 0.190625
25 0.68359375 0.4703125 0.04375 0.190625
25 0.72734375 0.47109375 0.04375 0.190625
25 0.7703125 0.4734375 0.04375 0.190625
25 0.8171875 0.47265625 0.04677734375 0.1875
25 0.86328125 0.47265625 0.04375 0.1875
25 0.9046875 0.4734375 0.04375 0.190625
25 0.94921875 0.475 0.04375 0.1875
25 0.984375 0.475 0.0310546875 0.190625
25 0.384375 0.73828125 0.146875 0.128125
25 0.52890625 0.728125 0.1421875 0.103125
25 0.6703125 0.7328125 0.14072265625 0.10302734375
25 0.37265625 0.865625 0.1578125 0.11259765625
25 0.5328125 0.8734375 0.159375 0.1091796875
25 0.69609375 0.8734375 0.1609375 0.10927734375
25 0.69140625 0.9625 0.1609375 0.06884765625
25 0.37109375 0.96171875 0.1609375 0.071875
25 0.83046875 0.765625 0.165625 0.096875
25 0.85703125 0.87890625 0.165625 0.1140625
25 0.375 0.2453125 0.053125 0.19375
25 0.428125 0.24375 0.053125 0.2
25 0.48203125 0.2453125 0.05625 0.2
25 0.5375 0.24609375 0.05625 0.2015625
25 0.5921875 0.2484375 0.05625 0.196875
25 0.64765625 0.2484375 0.0546875 0.2
25 0.70078125 0.2515625 0.0515625 0.196875
25 0.75234375 0.2515625 0.05625 0.19697265625
25 0.80625 0.25234375 0.053125 0.196875
25 0.8578125 0.25390625 0.053125 0.1953125
25 0.9125 0.25234375 0.05634765625 0.2
25 0.96875 0.25234375 0.05625 0.2
25 0.021875 0.459375 0.040625 0.1875