25 0.9359375 0.46015625 0.040625 0.1875
25 0.89453125 0.46015625 0.04375 0.1875
25 0.85078125 0.46171875 0.04375 0.1875
25 0.8078125 0.4625 0.04375 0.1875
25 0.765625 0.4625 0.04375 0.1875
25 0.72265625 0.46171875 0.04375 0.190625
25 0.6765625 0.4625 0.04677734375 0.1875
25 0.6296875 0.4640625 0.04677734375 0.190625
25 0.584375 0.4640625 0.04375 0.190625
25 0.53984375 0.46640625 0.04375 0.190625
25 0.4953125 0.4671875 0.04677734375 0.19072265625
25 0.45078125 0.46875 0.0453125 0.19365234375
25 0.4046875 0.4703125 0.0466796875 0.190625
25 0.3609375 0.4703125 0.04677734375 0.190625
25 0.31640625 0.4703125 0.0453125 0.190625
25 0.27265625 0.47109375 0.0453125 0.190625
25 0.2296875 0.4734375 0.04375 0.190625
25 0.1828125 0.47265625 0.04677734375 0.1875
25 0.13671875 0.47265625 0.04375 0.1875
25 0.0953125 0.4734375 0.04375 0.190625
25 0.05078125 0.475 0.0453125 0.1875
25 0.015625 0.475 0.03115234375 0.190625
25 0.615625 0.73828125 0.14384765625 0.128125
25 0.47109375 0.728125 0.1421875 0.103125
25 0.3296875 0.7328125 0.14072265625 0.10302734375
25 0.62734375 0.865625 0.159375 0.1126953125
25 0.4671875 0.8734375 0.159375 0.10927734375
25 0.30390625 0.8734375 0.159375 0.10927734375
25 0.30859375 0.9625 0.1609375 0.06884765625
25 0.62890625 0.96171875 0.1609375 0.071875
25 0.16953125 0.765625 0.165625 0.096875
25 0.14296875 0.87890625 0.165625 0.1140625
25 0.625 0.2453125 0.053125 0.19375
25 0.571875 0.24375 0.053125 0.2
25 0.51796875 0.2453125 0.05625 0.2
25 0.4625 0.24609375 0.05625 0.2015625
25 0.4078125 0.2484375 0.05322265625 0.196875
25 0.35234375 0.2484375 0.0546875 0.2
25 0.29921875 0.2515625 0.0515625 0.196875
25 0.24765625 0.2515625 0.05625 0.1970703125
25 0.19375 0.25234375 0.053125 0.196875
25 0.1421875 0.25390625 0.053125 0.1953125
25 0.0875 0.25234375 0.05634765625 0.2
25 0.03125 0.25234375 0.05625 0.2
25 0.978125 0.459375 0.040625 0.1875