25 0.33203125 0.571875 0.0484375 0.20615234375
25 0.375 0.5734375 0.03759765625 0.20947265625
25 0.415625 0.57578125 0.04384765625 0.2125
25 0.459375 0.57421875 0.04375 0.209375
25 0.91015625 0.578125 0.0453125 0.15
25 0.9578125 0.58671875 0.05302734375 0.159375
25 0.04453125 0.80390625 0.05625 0.178125
25 0.0984375 0.80390625 0.05302734375 0.178125
25 0.14765625 0.80390625 0.0515625 0.1796875
25 0.19375 0.803125 0.04375 0.18125
25 0.23671875 0.80390625 0.0390625 0.178125
25 0.275 0.803125 0.03759765625 0.18125
25 0.36875 0.803125 0.04375 0.18125
25 0.4171875 0.803125 0.04375 0.1814453125
25 0.8859375 0.76796875 0.04375 0.134375
25 0.93515625 0.77265625 0.053125 0.1453125
25 0.98046875 0.7828125 0.0390625 0.165625
25 0.22109375 0.3453125 0.040625 0.18447265625
25 0.1828125 0.34375 0.03447265625 0.18740234375
25 0.14296875 0.3421875 0.040625 0.18427734375
25 0.103125 0.3421875 0.03759765625 0.18125
25 0.0640625 0.3390625 0.04375 0.1845703125
25 0.021875 0.3390625 0.04375 0.19072265625
25 0.97734375 0.165625 0.0296875 0.11259765625
25 0.95078125 0.16328125 0.0296875 0.1140625
25 0.6859375 0.14453125 0.02802734375 0.11875
25 0.71015625 0.14296875 0.0265625 0.125
25 0.5921875 0.12109375 0.03125 0.146875
25 0.5625 0.12109375 0.03125 0.1453125
25 0.5296875 0.11796875 0.03447265625 0.146875
25 0.49609375 0.12109375 0.025 0.1390625
25 0.4703125 0.115625 0.0283203125 0.146875
25 0.43984375 0.11171875 0.03125 0.15
25 0.40625 0.11171875 0.034375 0.146875
25 0.38125 0.13359375 0.02509765625 0.0984375
25 0.95078125 0.37109375 0.0515625 0.1609375
25 0.040625 0.08984375 0.03125 0.15
25 0.01328125 0.08671875 0.0265625 0.1546875
25 0.353125 0.134375 0.02509765625 0.09375
25 0.32421875 0.13203125 0.0296875 0.0953125
25 0.2953125 0.13203125 0.02802734375 0.09375
25 0.2703125 0.13359375 0.02197265625 0.0875
25 0.35546875 0.04453125 0.0296875 0.0890625
25 0.32578125 0.04296875 0.0296875 0.0859375
25 0.30078125 0.04296875 0.0265625 0.0859375
25 0.271875 0.0453125 0.03125 0.090625
25 0.2390625 0.10078125 0.034375 0.146875
25 0.2078125 0.1 0.03125 0.14384765625
25 0.17421875 0.0984375 0.0359375 0.15
25 0.1421875 0.09609375 0.03125 0.146875
25 0.10703125 0.09140625 0.0390625 0.153125
25 0.071875 0.08984375 0.034375 0.1546875
25 0.265625 0.34609375 0.03740234375 0.1765625
25 0.296875 0.34765625 0.03125 0.178125
25 0.3265625 0.34765625 0.0404296875 0.1859375
25 0.36640625 0.3484375 0.040625 0.18447265625
25 0.40625 0.35078125 0.03759765625 0.18125
25 0.4625 0.35234375 0.040625 0.1734375
25 0.9859375 0.375 0.02802734375 0.16240234375
25 0.06015625 0.57109375 0.05625 0.2171875
25 0.11171875 0.5640625 0.040625 0.2
25 0.1453125 0.57421875 0.04697265625 0.2171875
25 0.1921875 0.5734375 0.04375 0.21572265625
25 0.2359375 0.57421875 0.04677734375 0.2171875
25 0.2828125 0.57109375 0.05302734375 0.209375