25 0.7015625 0.7015625 0.05302734375 0.15
25 0.7015625 0.8328125 0.05302734375 0.12177734375
25 0.75234375 0.81953125 0.0484375 0.1421875
25 0.80078125 0.81875 0.0484375 0.146875
25 0.8484375 0.696875 0.05625 0.146875
25 0.85 0.82578125 0.053125 0.1328125
25 0.896875 0.69140625 0.0439453125 0.1390625
25 0.896875 0.8234375 0.04375 0.134375
25 0.9421875 0.68984375 0.04697265625 0.1375
25 0.94140625 0.821875 0.0484375 0.1375
25 0.39765625 0.12109375 0.05625 0.1546875
25 0.453125 0.12265625 0.053125 0.15625
25 0.50625 0.12265625 0.053125 0.15625
25 0.55859375 0.12109375 0.053125 0.15625
25 0.61171875 0.12265625 0.0515625 0.15625
25 0.6625 0.12109375 0.05009765625 0.15625
25 0.71171875 0.12265625 0.0484375 0.15
25 0.75859375 0.1234375 0.0484375 0.14677734375
25 0.81015625 0.12109375 0.0578125 0.15
25 0.859375 0.1265625 0.0439453125 0.1466796875
25 0.9078125 0.1234375 0.053125 0.146875
25 0.959375 0.1265625 0.05009765625 0.14677734375
25 0.38828125 0.33671875 0.0546875 0.1546875
25 0.38671875 0.49296875 0.053125 0.159375
25 0.44140625 0.490625 0.053125 0.159375
25 0.44140625 0.33515625 0.053125 0.1515625
25 0.49296875 0.3328125 0.0515625 0.1529296875
25 0.49296875 0.4890625 0.0515625 0.159375
25 0.54453125 0.490625 0.053125 0.1623046875
25 0.5453125 0.33671875 0.053125 0.15
25 0.59765625 0.490625 0.053125 0.159375
25 0.5984375 0.33671875 0.053125 0.1546875
25 0.64921875 0.334375 0.053125 0.15625
25 0.64921875 0.4890625 0.053125 0.15322265625
25 0.68984375 0.334375 0.04375 0.15
25 0.69140625 0.4828125 0.040625 0.15
25 0.73828125 0.4859375 0.053125 0.15625
25 0.73828125 0.3328125 0.053125 0.15
25 0.78984375 0.334375 0.053125 0.146875
25 0.78984375 0.4859375 0.053125 0.15302734375
25 0.8421875 0.48203125 0.05625 0.159375
25 0.84765625 0.33046875 0.0390625 0.1390625
25 0.89453125 0.4796875 0.0484375 0.15302734375
25 0.8921875 0.3328125 0.053125 0.1408203125
25 0.94375 0.33203125 0.053125 0.1421875
25 0.94375 0.48046875 0.053125 0.1546875
25 0.3953125 0.7078125 0.053125 0.146875
25 0.39453125 0.83671875 0.053125 0.10625
25 0.446875 0.69453125 0.05009765625 0.121875
25 0.44609375 0.8234375 0.053125 0.13427734375
25 0.49765625 0.703125 0.053125 0.14365234375
25 0.49765625 0.8296875 0.0515625 0.121875
25 0.5484375 0.7046875 0.0529296875 0.1466796875
25 0.54921875 0.83046875 0.0515625 0.1203125
25 0.6 0.70546875 0.05009765625 0.1453125
25 0.6 0.83046875 0.05009765625 0.1203125
25 0.6515625 0.7046875 0.053125 0.1529296875
25 0.6515625 0.8328125 0.053125 0.115625