25 0.396875 0.7359375 0.04384765625 0.090625
25 0.97578125 0.1390625 0.0484375 0.23427734375
25 0.92421875 0.13828125 0.05625 0.2359375
25 0.86875 0.13828125 0.0564453125 0.2328125
25 0.81484375 0.13671875 0.053125 0.2328125
25 0.76171875 0.1359375 0.053125 0.2341796875
25 0.709375 0.134375 0.053125 0.23134765625
25 0.65390625 0.13359375 0.053125 0.2328125
25 0.6 0.13203125 0.05625 0.2328125
25 0.5453125 0.14453125 0.053125 0.2078125
25 0.490625 0.1296875 0.05634765625 0.23447265625
25 0.4359375 0.12734375 0.053125 0.240625
25 0.38203125 0.1296875 0.053125 0.23447265625
25 0.3296875 0.12890625 0.053125 0.2390625
25 0.18984375 0.12890625 0.053125 0.2328125
25 0.13671875 0.12890625 0.053125 0.2328125
25 0.9515625 0.44609375 0.096875 0.240625
25 0.84765625 0.44609375 0.1109375 0.240625
25 0.7390625 0.44453125 0.10625 0.240625
25 0.63359375 0.44609375 0.10625 0.240625
25 0.52265625 0.44140625 0.1078125 0.2453125
25 0.4109375 0.4421875 0.11552734375 0.24697265625
25 0.3015625 0.44140625 0.103125 0.24375
25 0.98046875 0.64296875 0.034375 0.0796875
25 0.90390625 0.65859375 0.1203125 0.10625
25 0.65625 0.6609375 0.128125 0.10625
25 0.89765625 0.76328125 0.1234375 0.096875
25 0.896875 0.8578125 0.12490234375 0.09072265625
25 0.77265625 0.76328125 0.121875 0.096875
25 0.775 0.8578125 0.121875 0.096875
25 0.65 0.8609375 0.125 0.0908203125
25 0.64921875 0.7640625 0.121875 0.096875
25 0.5671875 0.6625 0.04375 0.103125
25 0.525 0.6625 0.04375 0.103125
25 0.4828125 0.6625 0.040625 0.103125
25 0.44140625 0.6625 0.04375 0.103125
25 0.56640625 0.7640625 0.04375 0.103125
25 0.52421875 0.765625 0.04375 0.10009765625
25 0.4828125 0.7640625 0.040625 0.10302734375
25 0.44140625 0.76328125 0.04375 0.1015625
25 0.56640625 0.859375 0.04375 0.09375
25 0.52265625 0.8609375 0.04375 0.09072265625
25 0.48046875 0.859375 0.04375 0.09375
25 0.43984375 0.8578125 0.04375 0.09072265625
25 0.3953125 0.64765625 0.04052734375 0.0890625
25 0.35546875 0.64765625 0.0390625 0.0890625
25 0.3171875 0.64765625 0.04052734375 0.0859375
25 0.27890625 0.64765625 0.0390625 0.084375
25 0.35703125 0.7359375 0.040625 0.090625
25 0.3171875 0.734375 0.040625 0.08759765625
25 0.27734375 0.7328125 0.040625 0.0904296875
25 0.4015625 0.834375 0.04052734375 0.10625
25 0.36328125 0.8328125 0.0390625 0.10927734375
25 0.3234375 0.8328125 0.040625 0.10927734375
25 0.27734375 0.8328125 0.04375 0.1095703125
25 0.240625 0.6421875 0.03759765625 0.09697265625
25 0.2359375 0.74296875 0.04375 0.0984375
25 0.77890625 0.6625 0.121875 0.10009765625
25 0.234375 0.8421875 0.04375 0.096875
25 0.2015625 0.646875 0.03447265625 0.0875
25 0.19453125 0.74140625 0.0390625 0.103125
25 0.19375 0.83984375 0.03759765625 0.096875
25 0.1546875 0.8390625 0.04375 0.1095703125
25 0.16015625 0.73828125 0.0390625 0.096875
25 0.16484375 0.64921875 0.040625 0.090625
25 0.12734375 0.6453125 0.03125 0.084375
25 0.11875 0.7453125 0.04375 0.103125
25 0.115625 0.84375 0.0375 0.096875