25 0.2171875 0.21484375 0.02802734375 0.125
25 0.2453125 0.21640625 0.02802734375 0.1234375
25 0.0203125 0.37109375 0.025 0.115625
25 0.04453125 0.37109375 0.025 0.115625
25 0.0671875 0.37265625 0.025 0.115625
25 0.09140625 0.37265625 0.025 0.115625
25 0.11640625 0.365625 0.0265625 0.125
25 0.1421875 0.365625 0.0283203125 0.128125
25 0.16953125 0.365625 0.0265625 0.125
25 0.19609375 0.36640625 0.0265625 0.128125
25 0.22109375 0.36640625 0.0265625 0.128125
25 0.24765625 0.36640625 0.0296875 0.128125
25 0.60078125 0.365625 0.028125 0.125
25 0.62890625 0.365625 0.0265625 0.128125
25 0.65390625 0.365625 0.0265625 0.128125
25 0.67890625 0.365625 0.0265625 0.128125
25 0.70703125 0.365625 0.0296875 0.13115234375
25 0.734375 0.36640625 0.0310546875 0.125
25 0.7609375 0.3640625 0.0279296875 0.1220703125
25 0.7859375 0.3640625 0.02802734375 0.12197265625
25 0.02890625 0.51328125 0.0234375 0.128125
25 0.05390625 0.5140625 0.0265625 0.128125
25 0.0828125 0.5140625 0.03125 0.128125
25 0.1140625 0.51328125 0.02802734375 0.128125
25 0.1390625 0.5140625 0.02802734375 0.12822265625
25 0.16484375 0.515625 0.0265625 0.128125
25 0.18984375 0.5140625 0.0265625 0.1283203125
25 0.21640625 0.5140625 0.0265625 0.12822265625
25 0.24375 0.5140625 0.03125 0.12822265625
25 0.60078125 0.51328125 0.028125 0.1328125
25 0.62734375 0.515625 0.0265625 0.13134765625
25 0.65390625 0.515625 0.0265625 0.1314453125
25 0.68046875 0.51328125 0.0265625 0.1328125
25 0.70546875 0.515625 0.0265625 0.13134765625
25 0.7328125 0.5140625 0.028125 0.13427734375
25 0.7609375 0.5171875 0.028125 0.128125
25 0.78828125 0.5171875 0.0265625 0.128125
25 0.021875 0.66484375 0.040625 0.1296875
25 0.06953125 0.665625 0.05625 0.13134765625
25 0.125 0.665625 0.05625 0.1314453125
25 0.18046875 0.665625 0.05625 0.13134765625
25 0.17421875 0.82578125 0.053125 0.1390625
25 0.22734375 0.8265625 0.05625 0.14052734375
25 0.61171875 0.81953125 0.0265625 0.1390625
25 0.63828125 0.821875 0.0265625 0.1375
25 0.66484375 0.821875 0.0265625 0.1375
25 0.69140625 0.821875 0.0265625 0.1375
25 0.71640625 0.821875 0.0265625 0.1375
25 0.74375 0.82421875 0.028125 0.1375
25 0.59765625 0.66328125 0.025 0.128125
25 0.6234375 0.66328125 0.0279296875 0.128125
25 0.64921875 0.66328125 0.0265625 0.128125
25 0.67578125 0.66328125 0.0265625 0.128125
25 0.7015625 0.66484375 0.02802734375 0.1296875
25 0.72578125 0.66484375 0.0265625 0.1296875
25 0.75234375 0.66484375 0.0265625 0.128125
25 0.77890625 0.66484375 0.0265625 0.128125
25 0.80546875 0.66484375 0.0265625 0.1328125
25 0.23671875 0.6671875 0.0578125 0.1341796875
25 0.83046875 0.665625 0.0265625 0.13115234375
25 0.8578125 0.665625 0.02802734375 0.13115234375
25 0.88359375 0.665625 0.0265625 0.1310546875
25 0.91015625 0.6671875 0.0265625 0.12822265625
25 0.021875 0.821875 0.04375 0.1375
25 0.06875 0.821875 0.053125 0.13759765625
25 0.12109375 0.82421875 0.05625 0.1390625
25 0.02734375 0.21484375 0.0296875 0.1234375
25 0.05625 0.21640625 0.03115234375 0.1234375
25 0.08671875 0.21640625 0.0296875 0.1234375
25 0.1140625 0.21484375 0.02822265625 0.1234375
25 0.140625 0.21640625 0.03125 0.125
25 0.16796875 0.21640625 0.0296875 0.125
25 0.1921875 0.21484375 0.03125 0.125