25 0.4375 0.62890625 0.03740234375 0.2
25 0.40625 0.6203125 0.0251953125 0.1966796875
25 0.37734375 0.6203125 0.0328125 0.19677734375
25 0.34375 0.62265625 0.034375 0.1953125
25 0.2125 0.61875 0.04375 0.22509765625
25 0.1734375 0.61875 0.04052734375 0.22490234375
25 0.13359375 0.62109375 0.0375 0.221875
25 0.0953125 0.6203125 0.040625 0.221875
25 0.05546875 0.6203125 0.040625 0.215625
25 0.36796875 0.09375 0.034375 0.1875
25 0.47109375 0.0921875 0.0359375 0.184375
25 0.5 0.0921875 0.021875 0.18427734375
25 0.5421875 0.08984375 0.0375 0.1796875
25 0.58203125 0.08984375 0.0421875 0.1796875
25 0.6265625 0.0890625 0.04677734375 0.178125
25 0.69453125 0.0875 0.0484375 0.175
25 0.74140625 0.08671875 0.0484375 0.1734375
25 0.78828125 0.08515625 0.0484375 0.1703125
25 0.8421875 0.08515625 0.05625 0.1703125
25 0.43671875 0.0921875 0.0359375 0.184375
25 0.3328125 0.0953125 0.03447265625 0.190625
25 0.20546875 0.09609375 0.04375 0.1921875
25 0.16484375 0.09609375 0.0359375 0.1921875
25 0.125 0.09765625 0.04375 0.1953125
25 0.084375 0.0984375 0.04375 0.196875
25 0.04453125 0.0984375 0.0390625 0.196875
25 0.93125 0.34609375 0.053125 0.2328125
25 0.88359375 0.3484375 0.0453125 0.22802734375
25 0.8390625 0.35 0.0466796875 0.2251953125
25 0.79453125 0.35 0.0453125 0.22490234375
25 0.75 0.35078125 0.04375 0.221875
25 0.70703125 0.35078125 0.04375 0.221875
25 0.6625 0.35234375 0.04375 0.221875
25 0.61875 0.35234375 0.04375 0.21875
25 0.5765625 0.35234375 0.04677734375 0.221875
25 0.5375 0.35234375 0.025 0.2171875
25 0.49609375 0.36796875 0.03125 0.19375
25 0.4625 0.36875 0.040625 0.1935546875
25 0.42578125 0.37109375 0.034375 0.1859375
25 0.32109375 0.3703125 0.040625 0.196875
25 0.2015625 0.35703125 0.040625 0.2234375
25 0.1625 0.3578125 0.03759765625 0.22197265625
25 0.12265625 0.3578125 0.040625 0.22197265625
25 0.0828125 0.3578125 0.0404296875 0.2220703125
25 0.046875 0.3578125 0.03740234375 0.22197265625
25 0.8890625 0.61796875 0.04697265625 0.2234375
25 0.84375 0.61875 0.04384765625 0.22490234375
25 0.79921875 0.61875 0.0453125 0.22490234375
25 0.7546875 0.61796875 0.0466796875 0.2265625
25 0.71015625 0.61796875 0.04375 0.221875
25 0.40234375 0.09375 0.034375 0.1875
25 0.665625 0.61640625 0.04384765625 0.221875
25 0.5890625 0.63359375 0.0345703125 0.2046875
25 0.5 0.6234375 0.0251953125 0.190625
25 0.47109375 0.6265625 0.034375 0.19677734375