25 0.5359375 0.3609375 0.07177734375 0.34052734375
25 0.3921875 0.353125 0.071875 0.3376953125
25 0.321875 0.35078125 0.071875 0.3390625
25 0.24765625 0.3484375 0.075 0.34052734375
25 0.178125 0.34765625 0.06884765625 0.334375
25 0.4671875 0.7359375 0.05947265625 0.32802734375
25 0.40859375 0.734375 0.0609375 0.325
25 0.3484375 0.7328125 0.05927734375 0.325
25 0.290625 0.7296875 0.05615234375 0.32822265625
25 0.23203125 0.728125 0.0609375 0.325
25 0.171875 0.72578125 0.0623046875 0.3265625
25 0.1078125 0.725 0.05947265625 0.325
25 0.04921875 0.7234375 0.0609375 0.325
25 0.9625 0.3640625 0.075 0.34375
25 0.88828125 0.3640625 0.0765625 0.34072265625
25 0.81640625 0.36328125 0.0703125 0.3390625
25 0.74765625 0.36328125 0.0671875 0.3390625
25 0.67890625 0.3609375 0.075 0.34072265625
25 0.6078125 0.3609375 0.07177734375 0.34052734375
25 0.4640625 0.359375 0.071875 0.334375
25 0.93984375 0.74375 0.0578125 0.325
25 0.88125 0.74375 0.06240234375 0.325
25 0.82109375 0.74140625 0.0609375 0.325
25 0.76328125 0.740625 0.059375 0.325
25 0.703125 0.740625 0.05634765625 0.325
25 0.64453125 0.7390625 0.0578125 0.3283203125
25 0.58515625 0.73671875 0.059375 0.3296875
25 0.5265625 0.73671875 0.0595703125 0.3296875