25 0.5828125 0.6578125 0.10302734375 0.440625
25 0.68515625 0.6578125 0.1015625 0.440625
25 0.78359375 0.6578125 0.0984375 0.440625
25 0.88125 0.65859375 0.0998046875 0.440625
25 0.96484375 0.6578125 0.065625 0.440625
25 0.08984375 0.1890625 0.1734375 0.31572265625
25 0.2703125 0.18125 0.1845703125 0.3310546875
25 0.45703125 0.1828125 0.1859375 0.31572265625
25 0.64296875 0.18125 0.184375 0.31884765625
25 0.83046875 0.1890625 0.1953125 0.3375
25 0.18515625 0.6515625 0.1015625 0.44052734375
25 0.28359375 0.6546875 0.1015625 0.440625
25 0.38359375 0.6578125 0.1015625 0.440625
25 0.4828125 0.6578125 0.10302734375 0.440625
25 0.0828125 0.65234375 0.103125 0.440625