25 0.4171875 0.6578125 0.10302734375 0.440625
25 0.31484375 0.6578125 0.1015625 0.440625
25 0.21640625 0.6578125 0.0984375 0.440625
25 0.11875 0.65859375 0.09990234375 0.440625
25 0.03515625 0.6578125 0.0671875 0.440625
25 0.91015625 0.1890625 0.1734375 0.3158203125
25 0.7296875 0.18125 0.184375 0.3310546875
25 0.54296875 0.1828125 0.1859375 0.3158203125
25 0.35703125 0.18125 0.1859375 0.31884765625
25 0.16953125 0.1890625 0.1953125 0.3375
25 0.81484375 0.6515625 0.1015625 0.44052734375
25 0.71640625 0.6546875 0.1015625 0.440625
25 0.61640625 0.6578125 0.1015625 0.440625
25 0.5171875 0.6578125 0.1029296875 0.440625
25 0.9171875 0.65234375 0.103125 0.440625