25 0.01953125 0.9625 0.03125 0.075
25 0.05078125 0.88828125 0.0296875 0.0765625
25 0.04921875 0.9625 0.0296875 0.075
25 0.0796875 0.8890625 0.028125 0.075
25 0.078125 0.9625 0.03125 0.0689453125
25 0.1078125 0.88828125 0.028125 0.075
25 0.1078125 0.9625 0.028125 0.075
25 0.13671875 0.88828125 0.0296875 0.075
25 0.13671875 0.9625 0.0296875 0.075
25 0.16484375 0.8890625 0.0296875 0.071875
25 0.16484375 0.9625 0.0296875 0.071875
25 0.19375 0.890625 0.03125 0.07509765625
25 0.19453125 0.9640625 0.03125 0.071875
25 0.2234375 0.890625 0.03125 0.075
25 0.225 0.9625 0.03125 0.075
25 0.25390625 0.9625 0.0296875 0.071875
25 0.25390625 0.890625 0.0296875 0.075
25 0.28359375 0.88828125 0.0296875 0.075
25 0.28359375 0.9625 0.0296875 0.071875
25 0.3125 0.8890625 0.03115234375 0.075
25 0.3125 0.9625 0.0310546875 0.071875
25 0.33984375 0.8890625 0.0296875 0.075
25 0.3109375 0.96171875 0.03125 0.071875
25 0.36875 0.8890625 0.03115234375 0.071875
25 0.34140625 0.9625 0.0296875 0.071875
25 0.36875 0.9625 0.0310546875 0.071875
25 0.39765625 0.88828125 0.0296875 0.071875
25 0.428125 0.88671875 0.03115234375 0.071875
25 0.45703125 0.88671875 0.0296875 0.075
25 0.48671875 0.884375 0.03125 0.075
25 0.5171875 0.88828125 0.028125 0.075
25 0.5453125 0.88828125 0.028125 0.075
25 0.57578125 0.88828125 0.028125 0.075
25 0.6046875 0.88828125 0.028125 0.075
25 0.63359375 0.88828125 0.028125 0.075
25 0.39765625 0.9625 0.0296875 0.075
25 0.428125 0.9625 0.03115234375 0.075
25 0.45703125 0.9625 0.0296875 0.075
25 0.48671875 0.96171875 0.03125 0.075
25 0.5171875 0.96171875 0.034375 0.071875
25 0.546875 0.9625 0.03125 0.075
25 0.57578125 0.9625 0.03125 0.075
25 0.60546875 0.9625 0.03125 0.075
25 0.6359375 0.9625 0.03125 0.075
25 0.72734375 0.8890625 0.028125 0.075
25 0.08984375 0.27265625 0.0484375 0.2015625
25 0.6984375 0.9625 0.03125 0.075
25 0.728125 0.9640625 0.03125 0.071875
25 0.75703125 0.8890625 0.028125 0.07822265625
25 0.7859375 0.8890625 0.02822265625 0.07822265625
25 0.81640625 0.8890625 0.03125 0.07822265625
25 0.75703125 0.9640625 0.028125 0.071875
25 0.7859375 0.9640625 0.02822265625 0.071875
25 0.81640625 0.9625 0.03125 0.06884765625
25 0.66953125 0.9625 0.03125 0.075
25 0.13828125 0.27265625 0.0484375 0.2
25 0.1859375 0.27421875 0.04697265625 0.2
25 0.234375 0.27421875 0.04990234375 0.2
25 0.28125 0.275 0.04990234375 0.19990234375
25 0.3296875 0.275 0.0470703125 0.1998046875
25 0.3765625 0.275 0.0470703125 0.1998046875
25 0.4234375 0.275 0.04697265625 0.19990234375
25 0.4703125 0.27421875 0.04697265625 0.2015625
25 0.51796875 0.275 0.0515625 0.20009765625
25 0.5671875 0.27421875 0.05302734375 0.2046875
25 0.61640625 0.27421875 0.0515625 0.2015625
25 0.66484375 0.27421875 0.0484375 0.2
25 0.7125 0.27265625 0.04990234375 0.2015625
25 0.759375 0.27421875 0.0498046875 0.2
25 0.80859375 0.27421875 0.0484375 0.2
25 0.8578125 0.271875 0.04697265625 0.20009765625
25 0.90390625 0.271875 0.0484375 0.2
25 0.9515625 0.2703125 0.0529296875 0.2
25 0.03515625 0.50859375 0.0484375 0.2015625
25 0.08203125 0.509375 0.0484375 0.20009765625
25 0.1296875 0.50859375 0.0470703125 0.2015625
25 0.178125 0.509375 0.04990234375 0.20009765625
25 0.22734375 0.509375 0.0484375 0.20009765625
25 0.2765625 0.5109375 0.04697265625 0.20302734375
25 0.32421875 0.5109375 0.0484375 0.20302734375
25 0.37109375 0.5109375 0.0515625 0.2029296875
25 0.4203125 0.5109375 0.0529296875 0.2029296875
25 0.46875 0.5109375 0.04990234375 0.20302734375
25 0.5171875 0.509375 0.0529296875 0.2001953125
25 0.56640625 0.509375 0.0484375 0.20009765625
25 0.61328125 0.5109375 0.0484375 0.20302734375
25 0.6625 0.509375 0.0501953125 0.2001953125
25 0.71171875 0.509375 0.0515625 0.20009765625
25 0.76328125 0.50859375 0.0515625 0.2015625
25 0.8109375 0.50859375 0.05302734375 0.2015625
25 0.86171875 0.50703125 0.0515625 0.2015625
25 0.91328125 0.50625 0.0515625 0.20615234375
25 0.96875 0.5046875 0.05009765625 0.20322265625
25 0.02890625 0.74296875 0.03125 0.1078125
25 0.0578125 0.74296875 0.028125 0.1078125
25 0.08671875 0.74296875 0.0296875 0.10625
25 0.11640625 0.74375 0.03125 0.10625
25 0.146875 0.74375 0.03125 0.10625
25 0.17578125 0.74375 0.03125 0.10625
25 0.20546875 0.74375 0.03125 0.10625
25 0.2359375 0.74375 0.02822265625 0.10625
25 0.2640625 0.74375 0.02822265625 0.10625
25 0.29453125 0.74375 0.0296875 0.10634765625
25 0.32421875 0.7453125 0.0296875 0.10927734375
25 0.353125 0.74375 0.03115234375 0.10625
25 0.38359375 0.7453125 0.0296875 0.10927734375
25 0.41328125 0.7453125 0.0296875 0.10927734375
25 0.4421875 0.74609375 0.02822265625 0.10625
25 0.47109375 0.74609375 0.0296875 0.10625
25 0.5 0.74609375 0.03115234375 0.1078125
25 0.52890625 0.74609375 0.028125 0.1078125
25 0.56015625 0.7453125 0.028125 0.10927734375
25 0.58984375 0.7453125 0.0296875 0.10927734375
25 0.6203125 0.7453125 0.028125 0.1091796875
25 0.65 0.74375 0.028125 0.11240234375
25 0.678125 0.7453125 0.028125 0.1091796875
25 0.70546875 0.7453125 0.028125 0.10927734375
25 0.734375 0.7453125 0.03115234375 0.10927734375
25 0.7640625 0.7453125 0.028125 0.10927734375
25 0.79453125 0.7453125 0.03125 0.1091796875
25 0.82421875 0.7453125 0.03125 0.10927734375
25 0.8546875 0.7453125 0.02822265625 0.10927734375
25 0.884375 0.7453125 0.034375 0.10927734375
25 0.9171875 0.74375 0.03125 0.10625
25 0.94609375 0.74140625 0.0296875 0.1078125
25 0.975 0.74375 0.03115234375 0.10625
25 0.0203125 0.88671875 0.03125 0.075
25 0.0421875 0.271875 0.05302734375 0.20009765625
25 0.64296875 0.06484375 0.053125 0.128125
25 0.58984375 0.06484375 0.053125 0.1296875
25 0.53984375 0.06484375 0.0515625 0.1296875
25 0.4890625 0.06484375 0.05302734375 0.1296875
25 0.4390625 0.0640625 0.05302734375 0.128125
25 0.38828125 0.06484375 0.0515625 0.128125
25 0.33671875 0.0640625 0.053125 0.128125
25 0.28359375 0.0640625 0.0515625 0.128125
25 0.2328125 0.0640625 0.05302734375 0.128125
25 0.1828125 0.0640625 0.05302734375 0.128125
25 0.13125 0.0640625 0.05625 0.128125
25 0.07578125 0.0625 0.05625 0.125
25 0.021875 0.0625 0.04375 0.1248046875