25 0.40390625 0.6359375 0.0546875 0.290625
25 0.58984375 0.63828125 0.0625 0.284375
25 0.33984375 0.6390625 0.0625 0.290625
25 0.27890625 0.63671875 0.0609375 0.290625
25 0.21875 0.63828125 0.06240234375 0.290625
25 0.1578125 0.6359375 0.065625 0.290625
25 0.09375 0.63359375 0.065625 0.290625
25 0.03125 0.63828125 0.06240234375 0.29375
25 0.61796875 0.21015625 0.096875 0.353125
25 0.50859375 0.21015625 0.09375 0.35
25 0.4109375 0.209375 0.096875 0.35009765625
25 0.30390625 0.209375 0.1015625 0.35625
25 0.20703125 0.20546875 0.1140625 0.353125
25 0.103125 0.203125 0.115625 0.353125
25 0.98203125 0.6390625 0.034375 0.2841796875
25 0.93515625 0.64296875 0.0578125 0.290625
25 0.865625 0.50390625 0.05625 0.0984375
25 0.8140625 0.5046875 0.05302734375 0.09697265625
25 0.76328125 0.5046875 0.0515625 0.0970703125
25 0.8796875 0.62265625 0.05625 0.1140625
25 0.82421875 0.62265625 0.05625 0.1078125
25 0.76953125 0.62265625 0.05625 0.1078125
25 0.87890625 0.728125 0.05625 0.10009765625
25 0.821875 0.72734375 0.053125 0.103125
25 0.76796875 0.728125 0.053125 0.1001953125
25 0.71015625 0.6390625 0.059375 0.2845703125
25 0.6515625 0.6390625 0.0625 0.28447265625
25 0.8171875 0.2125 0.096875 0.353125
25 0.9109375 0.91796875 0.1716796875 0.159375
25 0.5421875 0.9203125 0.1720703125 0.1533203125
25 0.3765625 0.9203125 0.165625 0.15322265625
25 0.2046875 0.9203125 0.178125 0.15322265625
25 0.73828125 0.9375 0.1734375 0.12490234375
25 0.91953125 0.21484375 0.09375 0.35625
25 0.7125 0.21015625 0.096875 0.353125
25 0.525 0.63828125 0.0625 0.2890625
25 0.4625 0.640625 0.06240234375 0.290625