21 0.32578125 0.25703125 0.11875 0.134375
21 0.45703125 0.25859375 0.11875 0.1265625
21 0.07578125 0.26796875 0.1109375 0.103125
21 0.19375 0.2703125 0.103125 0.10302734375
21 0.08046875 0.3890625 0.0734375 0.05322265625
21 0.1703125 0.3890625 0.071875 0.0529296875
21 0.88359375 0.4375 0.1296875 0.1060546875
21 0.7546875 0.4421875 0.13427734375 0.10302734375
21 0.615625 0.446875 0.13740234375 0.09365234375
21 0.490625 0.4546875 0.103125 0.07802734375
21 0.25859375 0.45546875 0.1078125 0.08125
21 0.37109375 0.4546875 0.10625 0.0841796875
21 0.15859375 0.46171875 0.08125 0.0703125
21 0.07109375 0.4625 0.0859375 0.06865234375
21 0.25703125 0.56953125 0.059375 0.0328125
21 0.32578125 0.56953125 0.0546875 0.028125
21 0.76953125 0.59375 0.0921875 0.0810546875
21 0.88359375 0.59375 0.109375 0.075
21 0.6703125 0.59609375 0.08125 0.078125
21 0.57578125 0.59765625 0.0828125 0.0765625
21 0.06484375 0.6046875 0.103125 0.08447265625
21 0.171875 0.603125 0.09990234375 0.084375
21 0.4046875 0.609375 0.0625 0.059375
21 0.4890625 0.609375 0.06572265625 0.05634765625
21 0.3328125 0.62109375 0.05625 0.0328125
21 0.2609375 0.62265625 0.0625 0.0359375
21 0.1703125 0.06484375 0.14052734375 0.1296875
21 0.04921875 0.06484375 0.0984375 0.1296875
21 0.9578125 0.7484375 0.053125 0.07822265625
21 0.8921875 0.7515625 0.05927734375 0.07822265625
21 0.5046875 0.7546875 0.1125 0.090625
21 0.234375 0.75625 0.125 0.09990234375
21 0.6546875 0.75390625 0.059375 0.078125
21 0.83046875 0.75390625 0.0515625 0.08125
21 0.77421875 0.75390625 0.05625 0.0796875
21 0.375 0.75625 0.12490234375 0.09990234375
21 0.7171875 0.75625 0.05302734375 0.08115234375
21 0.5953125 0.75703125 0.053125 0.0828125
21 0.09765625 0.7609375 0.1296875 0.090625
21 0.6 0.09375 0.06884765625 0.08740234375
21 0.68125 0.09609375 0.06875 0.0828125