26 0.77890625 0.08671875 0.4421875 0.171875
26 0.759375 0.17890625 0.478125 0.1984375
26 0.3421875 0.15234375 0.45947265625 0.15
26 0.37734375 0.06484375 0.4578125 0.1296875
26 0.7328125 0.43359375 0.53427734375 0.1640625
26 0.74609375 0.34375 0.5046875 0.165625
26 0.28984375 0.3015625 0.4671875 0.15
26 0.25859375 0.39453125 0.4734375 0.1515625
26 0.69609375 0.53515625 0.3953125 0.0984375
26 0.34140625 0.5015625 0.3546875 0.0875
26 0.63203125 0.75859375 0.5765625 0.1671875
26 0.1875 0.69921875 0.375 0.1546875
26 0.2046875 0.60703125 0.409375 0.1421875
26 0.665625 0.6625 0.575 0.1560546875