25 0.31640625 0.80859375 0.040625 0.1828125
25 0.3546875 0.80859375 0.040625 0.1828125
25 0.39453125 0.8078125 0.040625 0.18427734375
25 0.43359375 0.8078125 0.040625 0.184375
25 0.4734375 0.80625 0.040625 0.184375
25 0.859375 0.37890625 0.04384765625 0.2125
25 0.36328125 0.60234375 0.0359375 0.2078125
25 0.3234375 0.6046875 0.040625 0.2033203125
25 0.28359375 0.6046875 0.040625 0.20322265625
25 0.24375 0.60234375 0.03759765625 0.2078125
25 0.2046875 0.603125 0.040625 0.2064453125
25 0.16328125 0.60234375 0.040625 0.2078125
25 0.125 0.60078125 0.0373046875 0.2078125
25 0.0875 0.60078125 0.040625 0.2078125
25 0.0453125 0.60234375 0.04375 0.2046875
25 0.8796875 0.13828125 0.040625 0.2078125
25 0.84140625 0.13828125 0.04375 0.2078125
25 0.79296875 0.14296875 0.0296875 0.196875
25 0.7640625 0.13671875 0.04052734375 0.2078125
25 0.7234375 0.13671875 0.04052734375 0.2078125
25 0.6828125 0.1359375 0.040625 0.20927734375
25 0.63828125 0.14296875 0.040625 0.1953125
25 0.5921875 0.1390625 0.04375 0.2
25 0.553125 0.1390625 0.03759765625 0.196875
25 0.515625 0.13828125 0.034375 0.196875
25 0.82578125 0.3765625 0.0359375 0.2
25 0.9796875 0.38125 0.040625 0.20634765625
25 0.553125 0.6140625 0.028125 0.1720703125
25 0.58203125 0.61171875 0.0296875 0.16875
25 0.71015625 0.59609375 0.028125 0.1609375
25 0.75 0.61328125 0.03740234375 0.165625
25 0.80625 0.6234375 0.03740234375 0.17197265625
25 0.83515625 0.62109375 0.034375 0.1734375
25 0.8640625 0.6203125 0.0283203125 0.1716796875
25 0.53359375 0.8078125 0.0390625 0.184375
25 0.57109375 0.8078125 0.0359375 0.184375
25 0.60546875 0.8078125 0.0359375 0.184375
25 0.6421875 0.80859375 0.034375 0.1828125
25 0.678125 0.81015625 0.0376953125 0.18125
25 0.71484375 0.81015625 0.0390625 0.18125
25 0.75234375 0.8109375 0.0390625 0.178125
25 0.78984375 0.8109375 0.0359375 0.17802734375
25 0.82578125 0.8125 0.0390625 0.17490234375
25 0.9 0.37890625 0.04375 0.2125
25 0.9359375 0.38359375 0.04375 0.2078125
25 0.78828125 0.375 0.0390625 0.2
25 0.75 0.3765625 0.03759765625 0.2
25 0.71171875 0.3734375 0.0390625 0.2
25 0.6734375 0.37265625 0.04052734375 0.196875
25 0.65 0.3703125 0.03125 0.190625
25 0.61796875 0.36796875 0.0359375 0.190625
25 0.58046875 0.36796875 0.0390625 0.1875
25 0.54453125 0.36640625 0.0359375 0.1875
25 0.5109375 0.36640625 0.02822265625 0.1859375
25 0.40234375 0.365625 0.0984375 0.196875
25 0.28984375 0.365625 0.1109375 0.209375
25 0.1734375 0.36328125 0.10927734375 0.209375
25 0.08203125 0.36171875 0.075 0.196875
25 0.9359375 0.14453125 0.04375 0.196875
25 0.4015625 0.60546875 0.040625 0.2078125
25 0.44140625 0.60703125 0.040625 0.209375
25 0.48203125 0.60546875 0.040625 0.2015625
25 0.03828125 0.80859375 0.040625 0.1859375
25 0.08046875 0.80859375 0.04375 0.1859375
25 0.11875 0.80859375 0.03740234375 0.1828125
25 0.15625 0.8078125 0.040625 0.18427734375
25 0.196875 0.80859375 0.040625 0.1828125
25 0.23828125 0.80859375 0.0390625 0.1828125
25 0.2765625 0.80859375 0.040625 0.1828125