25 0.428125 0.79921875 0.03740234375 0.1828125
25 0.3609375 0.1421875 0.040625 0.190625
25 0.31640625 0.134375 0.04375 0.20615234375
25 0.2765625 0.134375 0.040625 0.2060546875
25 0.2359375 0.1359375 0.04375 0.20322265625
25 0.15625 0.13671875 0.03740234375 0.2046875
25 0.11796875 0.13828125 0.0390625 0.2046875
25 0.0640625 0.14453125 0.04375 0.196875
25 0.2046875 0.1421875 0.02802734375 0.19677734375
25 0.91796875 0.35703125 0.075 0.2
25 0.828125 0.359375 0.10634765625 0.2125
25 0.7078125 0.3609375 0.1158203125 0.2091796875
25 0.59375 0.3609375 0.10009765625 0.2
25 0.48828125 0.36328125 0.03125 0.1859375
25 0.45546875 0.36171875 0.0359375 0.1875
25 0.4203125 0.3640625 0.0345703125 0.1845703125
25 0.38359375 0.3640625 0.0359375 0.1845703125
25 0.3265625 0.36796875 0.0404296875 0.2
25 0.28828125 0.36796875 0.0390625 0.2
25 0.25 0.3703125 0.03759765625 0.2
25 0.21171875 0.3703125 0.040625 0.2
25 0.1765625 0.37109375 0.03125 0.2015625
25 0.1421875 0.3734375 0.04677734375 0.20927734375
25 0.1 0.375 0.04375 0.20634765625
25 0.0640625 0.37734375 0.040625 0.2078125
25 0.0203125 0.37734375 0.040625 0.2078125
25 0.446875 0.6078125 0.03115234375 0.16875
25 0.41953125 0.60546875 0.0296875 0.1640625
25 0.290625 0.58984375 0.0310546875 0.159375
25 0.25 0.60546875 0.03740234375 0.1640625
25 0.19375 0.61796875 0.03759765625 0.1703125
25 0.1609375 0.61640625 0.02822265625 0.1703125
25 0.1359375 0.61328125 0.0283203125 0.16875
25 0.46484375 0.80078125 0.0390625 0.1859375
25 0.3921875 0.80078125 0.03427734375 0.1828125
25 0.3578125 0.80078125 0.0345703125 0.18125
25 0.32109375 0.8015625 0.0390625 0.18125
25 0.28359375 0.803125 0.0359375 0.18125
25 0.24375 0.803125 0.03740234375 0.178125
25 0.21015625 0.80390625 0.034375 0.178125
25 0.1734375 0.80546875 0.03447265625 0.1734375
25 0.52734375 0.796875 0.0390625 0.1873046875
25 0.5671875 0.79921875 0.04052734375 0.1828125
25 0.60546875 0.79921875 0.0390625 0.1828125
25 0.64296875 0.80078125 0.0390625 0.1828125
25 0.68515625 0.79921875 0.0390625 0.1828125
25 0.7234375 0.80078125 0.04052734375 0.1828125
25 0.76328125 0.80078125 0.0390625 0.1828125
25 0.8015625 0.80078125 0.040625 0.18125
25 0.8421875 0.80078125 0.04375 0.1828125
25 0.8796875 0.80078125 0.03125 0.1828125
25 0.91796875 0.80078125 0.04375 0.1828125
25 0.96171875 0.79921875 0.04375 0.18125
25 0.51953125 0.60234375 0.04375 0.2046875
25 0.56015625 0.6 0.0390625 0.20634765625
25 0.5984375 0.6 0.04052734375 0.20634765625
25 0.63671875 0.59609375 0.0390625 0.2015625
25 0.67578125 0.59765625 0.0390625 0.2046875
25 0.71640625 0.5984375 0.0390625 0.20322265625
25 0.75625 0.59609375 0.0376953125 0.2046875
25 0.7953125 0.59609375 0.04052734375 0.2046875
25 0.83671875 0.59765625 0.040625 0.2015625
25 0.875 0.5953125 0.03759765625 0.2
25 0.91484375 0.5953125 0.040625 0.20927734375
25 0.95546875 0.59609375 0.04375 0.2015625