26 0.603125 0.165625 0.79365234375 0.290625
26 0.571875 0.34375 0.6375 0.20009765625
26 0.55859375 0.4703125 0.603125 0.18447265625
26 0.58046875 0.5734375 0.4734375 0.12822265625
26 0.54296875 0.6453125 0.446875 0.128125
26 0.1859375 0.41953125 0.24052734375 0.153125
26 0.1890625 0.303125 0.23125 0.12490234375
26 0.2046875 0.19921875 0.22177734375 0.1328125
26 0.1 0.47265625 0.1310546875 0.1984375
26 0.03359375 0.459375 0.0671875 0.1935546875
26 0.1859375 0.51796875 0.1125 0.1203125
26 0.2828125 0.52734375 0.1279296875 0.128125