26 0.41640625 0.165625 0.7953125 0.33125
26 0.4625 0.334375 0.61259765625 0.234375
26 0.509375 0.44921875 0.58115234375 0.2171875
26 0.5796875 0.53515625 0.453125 0.15625
26 0.58046875 0.609375 0.428125 0.15009765625
26 0.1578125 0.5046875 0.240625 0.15947265625
26 0.109375 0.4015625 0.21875 0.13427734375
26 0.08984375 0.3046875 0.1796875 0.1375
26 0.10546875 0.57421875 0.146875 0.19375
26 0.04296875 0.58359375 0.0859375 0.1828125
26 0.2046875 0.59140625 0.11875 0.11875
26 0.29296875 0.57578125 0.134375 0.128125