25 0.303125 0.61875 0.04990234375 0.23740234375
25 0.9796875 0.08046875 0.0404296875 0.1609375
25 0.93984375 0.08046875 0.040625 0.1609375
25 0.896875 0.08203125 0.04384765625 0.1640625
25 0.85 0.08203125 0.04375 0.1640625
25 0.80625 0.0828125 0.04375 0.1625
25 0.76328125 0.08203125 0.0453125 0.1640625
25 0.71875 0.0828125 0.0439453125 0.165625
25 0.67421875 0.0828125 0.0453125 0.165625
25 0.6296875 0.0828125 0.04677734375 0.165625
25 0.584375 0.0828125 0.04375 0.165625
25 0.540625 0.0828125 0.04375 0.165625
25 0.490625 0.08203125 0.040625 0.1640625
25 0.44609375 0.08203125 0.04375 0.1640625
25 0.40234375 0.08203125 0.04375 0.1640625
25 0.3578125 0.08203125 0.04677734375 0.1640625
25 0.3140625 0.08203125 0.0466796875 0.1640625
25 0.26796875 0.08203125 0.04375 0.1640625
25 0.225 0.08203125 0.04375 0.1640625
25 0.17890625 0.08203125 0.0453125 0.1640625
25 0.1296875 0.08046875 0.0529296875 0.1609375
25 0.0875 0.08046875 0.040625 0.1609375
25 0.0484375 0.0796875 0.04677734375 0.159375
25 0.94453125 0.30625 0.04375 0.2125
25 0.9 0.30625 0.04375 0.2126953125
25 0.8546875 0.30625 0.04677734375 0.2125
25 0.80859375 0.3078125 0.04375 0.2125
25 0.7640625 0.3078125 0.04375 0.209375
25 0.7203125 0.3078125 0.04375 0.209375
25 0.67421875 0.3078125 0.0484375 0.209375
25 0.62890625 0.30859375 0.04375 0.209375
25 0.58515625 0.31015625 0.04375 0.209375
25 0.540625 0.31015625 0.04375 0.209375
25 0.4953125 0.3078125 0.04375 0.209375
25 0.45078125 0.30390625 0.04375 0.2046875
25 0.4078125 0.30859375 0.04677734375 0.2140625
25 0.36328125 0.3078125 0.0453125 0.2154296875
25 0.3171875 0.30625 0.04677734375 0.21259765625
25 0.2703125 0.3078125 0.04677734375 0.21552734375
25 0.240625 0.30546875 0.03125 0.2078125
25 0.20703125 0.30390625 0.0359375 0.2046875
25 0.140625 0.3078125 0.053125 0.2125
25 0.0921875 0.30625 0.04677734375 0.21259765625
25 0.0484375 0.303125 0.04677734375 0.21259765625
25 0.94453125 0.5640625 0.05625 0.2158203125
25 0.89296875 0.5625 0.0484375 0.21259765625
25 0.85234375 0.56015625 0.04375 0.2125
25 0.8078125 0.5609375 0.04697265625 0.215625
25 0.76171875 0.5625 0.04375 0.21865234375
25 0.71640625 0.5640625 0.0484375 0.21875
25 0.66953125 0.5515625 0.0453125 0.1908203125
25 0.625 0.5609375 0.04375 0.2125
25 0.58046875 0.56015625 0.04375 0.2125
25 0.540625 0.54921875 0.034375 0.1921875
25 0.46875 0.60078125 0.0439453125 0.2234375
25 0.43046875 0.60234375 0.0359375 0.2234375
25 0.39921875 0.615625 0.0453125 0.23759765625
25 0.35234375 0.61640625 0.0515625 0.2359375
25 0.25625 0.62265625 0.0439453125 0.2359375
25 0.209375 0.6234375 0.04990234375 0.24052734375
25 0.16015625 0.625 0.0515625 0.23740234375
25 0.11171875 0.6203125 0.0453125 0.23447265625
25 0.06640625 0.62265625 0.0453125 0.2359375
25 0.021875 0.62265625 0.04375 0.2359375
25 0.8953125 0.821875 0.04697265625 0.20634765625
25 0.8484375 0.82109375 0.04677734375 0.209375
25 0.80546875 0.82109375 0.040625 0.209375
25 0.76171875 0.82421875 0.04375 0.21875
25 0.71640625 0.82578125 0.0484375 0.221875
25 0.66953125 0.8234375 0.0453125 0.215625
25 0.6234375 0.8234375 0.04375 0.215625
25 0.578125 0.82578125 0.04375 0.221875
25 0.53828125 0.7984375 0.0390625 0.16552734375
25 0.48671875 0.8703125 0.0484375 0.25
25 0.43984375 0.8703125 0.0484375 0.24677734375
25 0.39296875 0.86796875 0.0484375 0.240625
25 0.3484375 0.8640625 0.04375 0.2345703125
25 0.3015625 0.86796875 0.0470703125 0.2390625
25 0.2484375 0.86875 0.053125 0.240625
25 0.196875 0.87109375 0.05009765625 0.240625
25 0.146875 0.87265625 0.04990234375 0.240625
25 0.09765625 0.8734375 0.0484375 0.240625
25 0.046875 0.8734375 0.0501953125 0.240625