25 0.509375 0.1890625 0.05625 0.21572265625
25 0.56875 0.1890625 0.05625 0.2125
25 0.62734375 0.18984375 0.0578125 0.2125
25 0.68359375 0.1859375 0.0578125 0.21875
25 0.73828125 0.18984375 0.05625 0.209375
25 0.80078125 0.1859375 0.0609375 0.21552734375
25 0.8609375 0.18515625 0.05947265625 0.2140625
25 0.91953125 0.1828125 0.0609375 0.2125
25 0.9734375 0.18125 0.0470703125 0.2126953125
25 0.375 0.80390625 0.03740234375 0.178125
25 0.4109375 0.80546875 0.0345703125 0.1765625
25 0.44609375 0.80390625 0.0359375 0.1765625
25 0.49140625 0.80546875 0.0359375 0.1765625
25 0.5265625 0.79921875 0.04052734375 0.178125
25 0.5640625 0.8015625 0.04052734375 0.178125
25 0.334375 0.76796875 0.03740234375 0.15625
25 0.2984375 0.77265625 0.03447265625 0.15625
25 0.26328125 0.7765625 0.0328125 0.15947265625
25 0.2296875 0.7765625 0.034375 0.15625
25 0.19609375 0.775 0.0328125 0.16240234375
25 0.0515625 0.47734375 0.05927734375 0.2140625
25 0.109375 0.478125 0.05634765625 0.21865234375
25 0.1671875 0.4796875 0.05927734375 0.21552734375
25 0.2234375 0.4796875 0.05927734375 0.21572265625
25 0.28359375 0.478125 0.0578125 0.2185546875
25 0.33984375 0.478125 0.05625 0.21259765625
25 0.40234375 0.47578125 0.0453125 0.2015625
25 0.453125 0.47578125 0.0564453125 0.2140625
25 0.50703125 0.47734375 0.0546875 0.2140625
25 0.56640625 0.47578125 0.05625 0.2171875
25 0.6234375 0.47734375 0.05927734375 0.2171875
25 0.68046875 0.47578125 0.0546875 0.2140625
25 0.7359375 0.47578125 0.05625 0.2140625
25 0.790625 0.4734375 0.05625 0.21552734375
25 0.84765625 0.475 0.0578125 0.21259765625
25 0.90390625 0.47265625 0.0578125 0.2140625
25 0.9625 0.47265625 0.0564453125 0.2171875
25 0.04453125 0.19140625 0.0609375 0.2140625
25 0.103125 0.19140625 0.05634765625 0.2171875
25 0.1625 0.19140625 0.06240234375 0.2171875
25 0.2203125 0.18984375 0.05927734375 0.2171875
25 0.2796875 0.1921875 0.05927734375 0.21552734375
25 0.3375 0.19140625 0.0560546875 0.2171875
25 0.39296875 0.18984375 0.0578125 0.2171875
25 0.45078125 0.1890625 0.0578125 0.21552734375