25 0.96875 0.69921875 0.0625 0.28125
25 0.02890625 0.32578125 0.0578125 0.259375
25 0.54453125 0.37734375 0.0515625 0.2703125
25 0.0890625 0.3265625 0.0595703125 0.2625
25 0.14921875 0.33046875 0.0625 0.2671875
25 0.21640625 0.31484375 0.0578125 0.2390625
25 0.2765625 0.3265625 0.0625 0.2625
25 0.3375 0.3265625 0.0625 0.259375
25 0.3921875 0.31484375 0.04697265625 0.2359375
25 0.4890625 0.3796875 0.05927734375 0.27177734375
25 0.5828125 0.3953125 0.05927734375 0.284375
25 0.64765625 0.3953125 0.065625 0.284375
25 0.71171875 0.396875 0.065625 0.28125
25 0.7765625 0.40234375 0.065625 0.28125
25 0.8390625 0.4046875 0.065625 0.28427734375
25 0.90234375 0.4046875 0.065625 0.2845703125
25 0.9640625 0.4015625 0.05625 0.284375
25 0.03828125 0.63671875 0.05625 0.2453125
25 0.09375 0.640625 0.06240234375 0.259375
25 0.1578125 0.6421875 0.065625 0.2533203125
25 0.22109375 0.640625 0.0609375 0.253125
25 0.2796875 0.640625 0.05947265625 0.25
25 0.34140625 0.6421875 0.0609375 0.25302734375
25 0.39765625 0.6140625 0.053125 0.20322265625
25 0.4625 0.69375 0.05634765625 0.284375
25 0.52265625 0.69375 0.0609375 0.2876953125
25 0.5875 0.6921875 0.065625 0.284375
25 0.64921875 0.6875 0.059375 0.26884765625
25 0.7078125 0.6921875 0.0625 0.27822265625
25 0.77265625 0.69375 0.0703125 0.28115234375
25 0.84140625 0.6984375 0.0671875 0.284375
25 0.90625 0.69921875 0.065625 0.284375