26 0.6609375 0.68125 0.3283203125 0.0689453125
26 0.65390625 0.6078125 0.3296875 0.090625
26 0.64453125 0.5140625 0.2578125 0.07822265625
26 0.8546875 0.48828125 0.215625 0.053125
26 0.3140625 0.21640625 0.31875 0.096875
26 0.3265625 0.2984375 0.31875 0.0779296875
26 0.334375 0.365625 0.31875 0.071875
26 0.678125 0.36796875 0.36875 0.0828125
26 0.6515625 0.29921875 0.32802734375 0.071875
26 0.65 0.228125 0.33134765625 0.071875
26 0.91796875 0.296875 0.1640625 0.07490234375
26 0.9328125 0.36640625 0.134375 0.0734375