25 0.134375 0.6984375 0.08115234375 0.35927734375
25 0.928125 0.275 0.084375 0.365625
25 0.8484375 0.27421875 0.07802734375 0.365625
25 0.76953125 0.2765625 0.0828125 0.365625
25 0.6875 0.2765625 0.08134765625 0.365625
25 0.60546875 0.2765625 0.0828125 0.365625
25 0.5265625 0.2765625 0.075 0.365625
25 0.44375 0.27734375 0.075 0.3703125
25 0.3640625 0.27890625 0.075 0.365625
25 0.28515625 0.2765625 0.075 0.365625
25 0.19375 0.265625 0.09990234375 0.365625
25 0.11796875 0.271875 0.084375 0.353125
25 0.0375 0.26953125 0.071875 0.3484375
25 0.915625 0.6875 0.0751953125 0.35625
25 0.84140625 0.6890625 0.0765625 0.353125
25 0.76328125 0.69375 0.0765625 0.35625
25 0.68359375 0.69609375 0.0765625 0.35625
25 0.6046875 0.69375 0.07802734375 0.35625
25 0.52734375 0.69375 0.0765625 0.35634765625
25 0.446875 0.69453125 0.07509765625 0.3578125
25 0.36875 0.69375 0.0751953125 0.3564453125
25 0.28984375 0.69609375 0.0765625 0.3578125
25 0.2125 0.70078125 0.08115234375 0.3578125