25 0.5953125 0.7921875 0.1375 0.34375
25 0.1421875 0.35234375 0.1875 0.553125
25 0.28984375 0.35703125 0.1875 0.553125
25 0.44921875 0.3578125 0.1546875 0.553125
25 0.603125 0.35 0.153125 0.53740234375
25 0.76328125 0.35234375 0.1765625 0.5359375
25 0.90859375 0.3484375 0.1828125 0.55302734375
25 0.07578125 0.78359375 0.1515625 0.346875
25 0.17890625 0.78828125 0.1515625 0.3359375
25 0.3265625 0.790625 0.15 0.33134765625
25 0.8640625 0.78515625 0.17197265625 0.35625
25 0.4546875 0.7953125 0.14052734375 0.334375
25 0.72578125 0.7828125 0.153125 0.353125