26 0.515625 0.04453125 0.290625 0.0890625
26 0.24296875 0.0875 0.2828125 0.10625
26 0.15625 0.146875 0.3123046875 0.11875
26 0.759375 0.05390625 0.21865234375 0.0828125
26 0.73828125 0.0265625 0.2125 0.05302734375
26 0.7203125 0.009375 0.240625 0.01875
26 0.13359375 0.74140625 0.1609375 0.121875
26 0.1515625 0.66796875 0.12177734375 0.103125
26 0.040625 0.534375 0.08125 0.11875
26 0.10234375 0.3578125 0.2046875 0.1
26 0.34140625 0.68984375 0.1265625 0.1046875
26 0.265625 0.70546875 0.1248046875 0.1078125
26 0.41953125 0.70546875 0.1 0.103125
26 0.33515625 0.1234375 0.115625 0.0595703125
26 0.2765625 0.77265625 0.1 0.0578125
26 0.3546875 0.7515625 0.07822265625 0.04375