26 0.79296875 0.49140625 0.21875 0.071875
26 0.82109375 0.53828125 0.23125 0.0796875
26 0.571875 0.46484375 0.24375 0.075
26 0.5796875 0.51328125 0.23427734375 0.06875
26 0.59609375 0.5609375 0.2578125 0.078125
26 0.33046875 0.53359375 0.28125 0.0875
26 0.10703125 0.55078125 0.2109375 0.071875
26 0.11640625 0.49609375 0.2328125 0.0765625
26 0.3421875 0.4828125 0.23427734375 0.07197265625
26 0.08046875 0.27890625 0.1609375 0.0671875
26 0.09765625 0.2390625 0.1453125 0.05302734375
26 0.04921875 0.6140625 0.08125 0.07802734375
26 0.6140625 0.73828125 0.25625 0.0953125
26 0.81875 0.6625 0.24990234375 0.06865234375
26 0.875 0.74609375 0.24990234375 0.0984375
26 0.615625 0.94453125 0.2873046875 0.1109375