26 0.2140625 0.4890625 0.21572265625 0.07802734375
26 0.203125 0.4390625 0.228125 0.08447265625
26 0.41328125 0.55546875 0.2390625 0.0828125
26 0.4234375 0.50859375 0.22822265625 0.075
26 0.42421875 0.459375 0.2546875 0.08740234375
26 0.665625 0.5359375 0.278125 0.096875
26 0.88671875 0.5640625 0.2171875 0.078125
26 0.86171875 0.6140625 0.2453125 0.08427734375
26 0.63671875 0.58203125 0.2296875 0.0796875
26 0.81953125 0.82578125 0.1671875 0.071875
26 0.78515625 0.859375 0.1453125 0.05625
26 0.9578125 0.5140625 0.0841796875 0.0783203125
26 0.46640625 0.28828125 0.2546875 0.1015625
26 0.24765625 0.321875 0.2453125 0.075
26 0.196875 0.22734375 0.29990234375 0.10625
26 0.5359375 0.08984375 0.28427734375 0.1234375