25 0.3421875 0.890625 0.04677734375 0.17490234375
25 0.2984375 0.9015625 0.04677734375 0.18125
25 0.25390625 0.90859375 0.0484375 0.1828125
25 0.20546875 0.9109375 0.0484375 0.17802734375
25 0.1625 0.91328125 0.0498046875 0.1734375
25 0.11328125 0.91484375 0.053125 0.165625
25 0.0609375 0.9171875 0.05302734375 0.159375
25 0.0203125 0.91953125 0.040625 0.15625
25 0.52734375 0.68359375 0.0390625 0.1703125
25 0.49140625 0.68359375 0.0390625 0.1703125
25 0.446875 0.69140625 0.040625 0.1734375
25 0.4078125 0.69140625 0.040625 0.1734375
25 0.36796875 0.696875 0.040625 0.1748046875
25 0.328125 0.703125 0.040625 0.178125
25 0.2859375 0.70703125 0.04375 0.178125
25 0.24296875 0.7078125 0.04375 0.178125
25 0.19921875 0.71875 0.0390625 0.1748046875
25 0.16015625 0.7203125 0.0390625 0.178125
25 0.1203125 0.72109375 0.0404296875 0.178125
25 0.08203125 0.72265625 0.0390625 0.18125
25 0.03984375 0.725 0.0453125 0.18125
25 0.52734375 0.490625 0.0390625 0.17490234375
25 0.49140625 0.49296875 0.0390625 0.1734375
25 0.453125 0.49296875 0.03759765625 0.1765625
25 0.41328125 0.49375 0.040625 0.178125
25 0.37265625 0.49609375 0.04375 0.1828125
25 0.33046875 0.49765625 0.04375 0.1859375
25 0.28828125 0.4984375 0.04375 0.184375
25 0.25234375 0.51953125 0.0359375 0.1546875
25 0.21640625 0.5203125 0.0359375 0.15322265625
25 0.18046875 0.521875 0.0359375 0.153125
25 0.14296875 0.521875 0.0359375 0.159375
25 0.1109375 0.52265625 0.03427734375 0.159375
25 0.0734375 0.52421875 0.04375 0.159375
25 0.4328125 0.0328125 0.025 0.0625
25 0.01328125 0.15234375 0.0265625 0.134375
25 0.0359375 0.52265625 0.04052734375 0.1609375
25 0.5453125 0.3265625 0.025 0.12822265625
25 0.5203125 0.3265625 0.02802734375 0.12822265625
25 0.49296875 0.32421875 0.0296875 0.1296875
25 0.328125 0.32109375 0.03115234375 0.134375
25 0.2984375 0.31953125 0.02822265625 0.1375
25 0.26953125 0.31953125 0.0296875 0.1390625
25 0.240625 0.31875 0.03115234375 0.13759765625
25 0.21015625 0.3171875 0.03125 0.14677734375
25 0.17890625 0.3171875 0.03125 0.1466796875
25 0.14765625 0.31640625 0.03125 0.1453125
25 0.115625 0.31640625 0.034375 0.1453125
25 0.0828125 0.31484375 0.034375 0.146875
25 0.04921875 0.3140625 0.034375 0.146875
25 0.0171875 0.3140625 0.03125 0.146875
25 0.603125 0.1890625 0.025 0.11875
25 0.58046875 0.1875 0.025 0.115625
25 0.5578125 0.18515625 0.02197265625 0.11875
25 0.53515625 0.18359375 0.025 0.1203125
25 0.5109375 0.1828125 0.02197265625 0.12197265625
25 0.4859375 0.18046875 0.02802734375 0.121875
25 0.27734375 0.19375 0.0921875 0.075
25 0.2765625 0.12109375 0.09072265625 0.0765625
25 0.18515625 0.18984375 0.09375 0.0765625
25 0.18515625 0.1140625 0.09375 0.07802734375
25 0.09609375 0.18984375 0.0859375 0.0703125
25 0.09375 0.12109375 0.08759765625 0.075
25 0.0359375 0.1546875 0.03125 0.134375
25 0.384375 0.88671875 0.04375 0.1734375