25 0.3421875 0.12734375 0.0625 0.2484375
25 0.02890625 0.12265625 0.05625 0.2453125
25 0.0859375 0.1234375 0.071875 0.246875
25 0.1546875 0.12265625 0.07177734375 0.2453125
25 0.2203125 0.1265625 0.05947265625 0.25
25 0.28125 0.125 0.0623046875 0.25
25 0.02890625 0.4484375 0.05625 0.29052734375
25 0.0875 0.4484375 0.065625 0.284375
25 0.15234375 0.4484375 0.0625 0.28125
25 0.21484375 0.446875 0.065625 0.28125
25 0.27890625 0.44609375 0.0640625 0.284375
25 0.3390625 0.446875 0.0625 0.28125
25 0.4015625 0.4484375 0.0625 0.28125
25 0.9671875 0.446875 0.05947265625 0.27490234375
25 0.91484375 0.76171875 0.0578125 0.275
25 0.96875 0.76328125 0.04990234375 0.2640625