26 0.73828125 0.1671875 0.259375 0.05625
26 0.740625 0.2125 0.259375 0.05009765625
26 0.73671875 0.45078125 0.2515625 0.053125
26 0.73828125 0.578125 0.2515625 0.053125
26 0.75625 0.62890625 0.25615234375 0.0515625
26 0.76328125 0.67890625 0.2546875 0.0546875
26 0.9265625 0.5875 0.146875 0.04375
26 0.95078125 0.671875 0.0984375 0.06875
26 0.13828125 0.7953125 0.121875 0.134375
26 0.0453125 0.79921875 0.090625 0.134375
26 0.15390625 0.59375 0.1015625 0.1439453125
26 0.05078125 0.58984375 0.1015625 0.1453125
26 0.171875 0.4046875 0.10009765625 0.14677734375
26 0.06484375 0.4015625 0.084375 0.1466796875
26 0.025 0.175 0.05 0.134375
26 0.07421875 0.1734375 0.0515625 0.134375
26 0.94375 0.2140625 0.1125 0.05
26 0.4890625 0.45078125 0.24375 0.0609375
26 0.3140625 0.4 0.109375 0.053125
26 0.31015625 0.45078125 0.109375 0.053125
26 0.34609375 0.5421875 0.175 0.04052734375
26 0.31953125 0.59375 0.2109375 0.05615234375
26 0.5171875 0.6625 0.228125 0.06240234375
26 0.52421875 0.60234375 0.20625 0.05
26 0.5265625 0.5625 0.20302734375 0.04384765625
26 0.25234375 0.66328125 0.246875 0.065625
26 0.51171875 0.86171875 0.228125 0.08125
26 0.52734375 0.7859375 0.2125 0.065625
26 0.48203125 0.2140625 0.25625 0.046875
26 0.23046875 0.21484375 0.2484375 0.05
26 0.23046875 0.1625 0.2484375 0.053125
26 0.74765625 0.86875 0.2359375 0.0560546875
26 0.7546875 0.81953125 0.23447265625 0.0703125
26 0.93046875 0.8703125 0.1390625 0.08427734375
26 0.7390625 0.75859375 0.20927734375 0.0359375