25 0.38125 0.5015625 0.04990234375 0.24052734375
25 0.3328125 0.5046875 0.04697265625 0.23427734375
25 0.2859375 0.5015625 0.04677734375 0.24052734375
25 0.240625 0.5015625 0.0439453125 0.2404296875
25 0.1859375 0.5 0.05302734375 0.23759765625
25 0.0828125 0.5 0.05625 0.23759765625
25 0.1359375 0.4984375 0.05302734375 0.24052734375
25 0.484375 0.15625 0.05009765625 0.253125
25 0.4328125 0.1546875 0.053125 0.25322265625
25 0.3796875 0.15625 0.0529296875 0.253125
25 0.33046875 0.15859375 0.0484375 0.2484375
25 0.2796875 0.16015625 0.053125 0.2484375
25 0.22734375 0.1578125 0.053125 0.25
25 0.1734375 0.1546875 0.053125 0.253125
25 0.12265625 0.15625 0.053125 0.253125
25 0.06875 0.15625 0.053125 0.253125
25 0.02265625 0.15234375 0.04375 0.2546875
25 0.6765625 0.50625 0.05302734375 0.23759765625
25 0.62734375 0.5046875 0.0515625 0.23447265625
25 0.578125 0.5046875 0.05009765625 0.23447265625
25 0.52890625 0.5046875 0.0515625 0.23447265625
25 0.48046875 0.50390625 0.0515625 0.2328125
25 0.43046875 0.5015625 0.0484375 0.24052734375