25 0.96171875 0.3375 0.075 0.24375
25 0.8859375 0.3375 0.07822265625 0.23740234375
25 0.78125 0.32421875 0.0689453125 0.221875
25 0.71484375 0.3234375 0.0625 0.21552734375
25 0.65625 0.32421875 0.0625 0.2046875
25 0.22734375 0.88203125 0.0484375 0.0578125
25 0.27890625 0.86328125 0.0546875 0.084375
25 0.2875 0.13671875 0.04375 0.146875
25 0.31484375 0.13125 0.04375 0.15
25 0.35078125 0.12734375 0.040625 0.159375
25 0.384375 0.12265625 0.03759765625 0.1640625
25 0.4203125 0.1140625 0.040625 0.16875
25 0.50390625 0.09765625 0.0453125 0.1828125
25 0.55078125 0.0921875 0.0484375 0.184375
25 0.6015625 0.08984375 0.059375 0.1796875
25 0.65390625 0.08671875 0.0625 0.1734375
25 0.71484375 0.0828125 0.065625 0.165625
25 0.7875 0.0796875 0.0810546875 0.15625
25 0.90390625 0.08671875 0.0796875 0.16875
25 0.96875 0.0828125 0.05634765625 0.165625
25 0.31953125 0.31953125 0.04375 0.15
25 0.2296875 0.82109375 0.05302734375 0.0703125
25 0.17890625 0.85234375 0.0515625 0.075
25 0.18359375 0.78515625 0.053125 0.053125
25 0.17890625 0.7296875 0.05625 0.053125
25 0.35703125 0.31875 0.040625 0.15625
25 0.390625 0.31875 0.040625 0.1626953125
25 0.4234375 0.32109375 0.040625 0.1640625
25 0.46640625 0.32109375 0.0484375 0.1734375
25 0.50859375 0.32421875 0.0484375 0.1765625
25 0.55390625 0.321875 0.0546875 0.18125
25 0.4203125 0.72578125 0.03447265625 0.1421875
25 0.33046875 0.70078125 0.0359375 0.1375
25 0.95546875 0.6234375 0.084375 0.228125
25 0.7765625 0.6140625 0.059375 0.18427734375
25 0.603125 0.3234375 0.0564453125 0.1908203125
25 0.725 0.60546875 0.04384765625 0.178125
25 0.6734375 0.5953125 0.059375 0.17177734375
25 0.625 0.584375 0.04375 0.159375
25 0.584375 0.57421875 0.04990234375 0.15625
25 0.540625 0.56640625 0.04990234375 0.1515625
25 0.5046875 0.5578125 0.04697265625 0.146875
25 0.4640625 0.55078125 0.03125 0.1421875
25 0.4390625 0.546875 0.03125 0.14384765625
25 0.40625 0.53828125 0.03740234375 0.1390625
25 0.459375 0.10546875 0.0376953125 0.1734375
25 0.3765625 0.5328125 0.03447265625 0.13427734375