25 0.25625 0.9109375 0.0501953125 0.1720703125
25 0.07421875 0.06953125 0.11875 0.0765625
25 0.1890625 0.06953125 0.11875 0.0765625
25 0.0765625 0.14765625 0.11875 0.0765625
25 0.19453125 0.146875 0.1171875 0.07509765625
25 0.2703125 0.0609375 0.03447265625 0.08427734375
25 0.26953125 0.14296875 0.03125 0.0828125
25 0.30078125 0.14296875 0.03125 0.0828125
25 0.3328125 0.14453125 0.034375 0.0828125
25 0.365625 0.14296875 0.03134765625 0.0828125
25 0.3703125 0.071875 0.034375 0.0751953125
25 0.3421875 0.07421875 0.0220703125 0.0703125
25 0.4046875 0.125 0.02802734375 0.11884765625
25 0.490625 0.1390625 0.03125 0.07822265625
25 0.52265625 0.140625 0.034375 0.084375
25 0.55625 0.06953125 0.028125 0.0609375
25 0.58671875 0.07109375 0.028125 0.071875
25 0.55859375 0.1390625 0.034375 0.07822265625
25 0.59140625 0.13671875 0.034375 0.0796875
25 0.0328125 0.2875 0.0345703125 0.15
25 0.0671875 0.28828125 0.0404296875 0.146875
25 0.0984375 0.28828125 0.04052734375 0.146875
25 0.13359375 0.28828125 0.0359375 0.146875
25 0.165625 0.2875 0.03759765625 0.15
25 0.19921875 0.28828125 0.03125 0.146875
25 0.2609375 0.28828125 0.10927734375 0.15
25 0.33671875 0.2875 0.034375 0.146875
25 0.36875 0.2875 0.03134765625 0.15
25 0.40234375 0.2875 0.0359375 0.15
25 0.53828125 0.2859375 0.03125 0.15
25 0.04296875 0.5 0.05625 0.17490234375
25 0.08203125 0.4828125 0.0484375 0.2029296875
25 0.1234375 0.4859375 0.04697265625 0.20302734375
25 0.1671875 0.484375 0.04375 0.20615234375
25 0.2078125 0.4859375 0.04375 0.20322265625
25 0.25 0.4828125 0.04375 0.20322265625
25 0.29453125 0.48203125 0.0515625 0.2046875
25 0.509375 0.48671875 0.04375 0.190625
25 0.553125 0.48671875 0.04375 0.1875
25 0.59375 0.4859375 0.04375 0.1875
25 0.0359375 0.7046875 0.05322265625 0.190625
25 0.0890625 0.703125 0.04697265625 0.19384765625
25 0.1390625 0.703125 0.053125 0.19384765625
25 0.18984375 0.703125 0.0515625 0.1935546875
25 0.240625 0.69921875 0.05009765625 0.1875
25 0.290625 0.70078125 0.0501953125 0.190625
25 0.3375 0.709375 0.040625 0.18125
25 0.37890625 0.709375 0.040625 0.178125
25 0.50234375 0.7078125 0.04375 0.17822265625
25 0.5421875 0.7078125 0.04375 0.18427734375
25 0.5875 0.71015625 0.04375 0.178125
25 0.078125 0.89453125 0.06240234375 0.1390625
25 0.15234375 0.9109375 0.05625 0.17197265625
25 0.20546875 0.9109375 0.05625 0.17197265625
25 0.30625 0.9109375 0.05009765625 0.178125
25 0.3578125 0.91015625 0.053125 0.1765625
25 0.50859375 0.91015625 0.0546875 0.1765625
25 0.56484375 0.9109375 0.053125 0.178125
25 0.66796875 0.896875 0.04375 0.1501953125
25 0.34765625 0.48671875 0.04375 0.190625
25 0.3890625 0.48671875 0.04375 0.1875