25 0.8453125 0.0578125 0.021875 0.08427734375
25 0.84609375 0.14296875 0.021875 0.0828125
25 0.8234375 0.08984375 0.025 0.1796875
25 0.80546875 0.0890625 0.0296875 0.178125
25 0.7828125 0.08671875 0.028125 0.1734375
25 0.759375 0.08515625 0.028125 0.1703125
25 0.7390625 0.0828125 0.021875 0.165625
25 0.7171875 0.08203125 0.021875 0.1640625
25 0.69609375 0.078125 0.0234375 0.15625
25 0.675 0.0765625 0.01875 0.153125
25 0.65390625 0.07578125 0.025 0.1515625
25 0.63203125 0.0734375 0.0234375 0.146875
25 0.609375 0.07109375 0.025 0.1421875
25 0.58515625 0.06875 0.0234375 0.1375
25 0.5578125 0.0671875 0.028125 0.134375
25 0.5296875 0.06484375 0.02802734375 0.1296875
25 0.503125 0.0609375 0.03125 0.121875
25 0.44609375 0.05625 0.0265625 0.1125
25 0.4171875 0.05625 0.034375 0.1125
25 0.3578125 0.05078125 0.03125 0.0984375
25 0.9546875 0.44609375 0.02802734375 0.084375
25 0.93359375 0.44609375 0.0171875 0.0828125
25 0.9359375 0.36796875 0.02177734375 0.0765625
25 0.91796875 0.36875 0.0203125 0.07509765625
25 0.91796875 0.44609375 0.0171875 0.0796875
25 0.884375 0.36796875 0.021875 0.0765625
25 0.88671875 0.44453125 0.0203125 0.0796875
25 0.8546875 0.3640625 0.01572265625 0.071875
25 0.8703125 0.44453125 0.01552734375 0.0796875
25 0.8546875 0.44375 0.01572265625 0.08134765625
25 0.83671875 0.39296875 0.025 0.1828125
25 0.81640625 0.3921875 0.0265625 0.1875
25 0.79453125 0.3921875 0.025 0.1875
25 0.77421875 0.3890625 0.03125 0.1966796875
25 0.73046875 0.390625 0.03125 0.190625
25 0.68046875 0.39296875 0.0265625 0.1859375
25 0.65 0.3859375 0.025 0.2029296875
25 0.634375 0.38203125 0.025 0.2046875
25 0.615625 0.38125 0.02509765625 0.20634765625
25 0.58984375 0.3796875 0.0296875 0.2125
25 0.5625 0.37890625 0.034375 0.2140625
25 0.52890625 0.37890625 0.0265625 0.2140625
25 0.50703125 0.37734375 0.0296875 0.221875
25 0.69453125 0.7390625 0.034375 0.2625
25 0.109375 0.4203125 0.04990234375 0.11875
25 0.2078125 0.80546875 0.05302734375 0.321875
25 0.2859375 0.80546875 0.0470703125 0.3203125
25 0.334375 0.8140625 0.04990234375 0.30625
25 0.38125 0.8125 0.04384765625 0.30009765625
25 0.62734375 0.7453125 0.0359375 0.278125
25 0.6609375 0.740625 0.034375 0.271875
25 0.15859375 0.42421875 0.0515625 0.11875
25 0.1421875 0.30390625 0.040625 0.115625
25 0.17890625 0.30625 0.0359375 0.115625
25 0.19921875 0.42421875 0.034375 0.1203125
25 0.234375 0.42578125 0.0373046875 0.11875
25 0.234375 0.30625 0.040625 0.11259765625
25 0.26796875 0.42421875 0.0296875 0.1140625
25 0.26953125 0.3125 0.0296875 0.11259765625
25 0.29921875 0.428125 0.03125 0.11259765625
25 0.303125 0.3125 0.03740234375 0.11240234375
25 0.328125 0.428125 0.03125 0.11240234375
25 0.3703125 0.37265625 0.034375 0.2234375
25 0.4015625 0.375 0.02822265625 0.221875
25 0.4484375 0.37265625 0.034375 0.2265625
25 0.478125 0.3734375 0.03115234375 0.22197265625
25 0.3859375 0.04921875 0.02822265625 0.0984375
25 0.19921875 0.0359375 0.034375 0.071875
25 0.234375 0.0359375 0.0376953125 0.071875
25 0.26953125 0.0375 0.034375 0.075
25 0.328125 0.0453125 0.0251953125 0.0875
25 0.4734375 0.05859375 0.0279296875 0.115625
25 0.98203125 0.09140625 0.021875 0.0796875
25 0.9640625 0.0875 0.01572265625 0.08115234375
25 0.946875 0.084375 0.01865234375 0.08134765625
25 0.93046875 0.08203125 0.0171875 0.0828125
25 0.984375 0.1703125 0.01865234375 0.08427734375
25 0.96875 0.16953125 0.0185546875 0.0828125
25 0.95078125 0.1671875 0.0203125 0.08427734375
25 0.93125 0.16328125 0.0189453125 0.0828125
25 0.9125 0.07578125 0.01884765625 0.0828125
25 0.91328125 0.1578125 0.0203125 0.08427734375
25 0.8953125 0.071875 0.01572265625 0.08134765625
25 0.8953125 0.1546875 0.0158203125 0.0841796875
25 0.8796875 0.15 0.01572265625 0.08134765625
25 0.87890625 0.06640625 0.0140625 0.0828125
25 0.86328125 0.0609375 0.0171875 0.0841796875
25 0.8640625 0.1453125 0.01572265625 0.08427734375