21 0.084375 0.34375 0.078125 0.06865234375
21 0.2640625 0.3453125 0.0779296875 0.0654296875
21 0.171875 0.3453125 0.07509765625 0.06552734375
21 0.5640625 0.34609375 0.05625 0.05625
21 0.5015625 0.34609375 0.05625 0.0578125
21 0.62734375 0.34765625 0.059375 0.0578125
21 0.34609375 0.34765625 0.071875 0.0578125
21 0.4265625 0.34765625 0.071875 0.0578125
21 0.796875 0.34765625 0.071875 0.0484375
21 0.7328125 0.35234375 0.04375 0.040625
21 0.6828125 0.35234375 0.04375 0.040625
21 0.6078125 0.0578125 0.04052734375 0.04697265625
21 0.4984375 0.09140625 0.059375 0.08125
21 0.43046875 0.09140625 0.0609375 0.08125
21 0.55859375 0.09765625 0.046875 0.06875
21 0.609375 0.10703125 0.040625 0.0484375
21 0.82578125 0.2140625 0.0375 0.028125
21 0.34765625 0.2296875 0.0609375 0.0591796875
21 0.6703125 0.2296875 0.0591796875 0.05625
21 0.6046875 0.2296875 0.059375 0.059375
21 0.47578125 0.2296875 0.059375 0.05927734375
21 0.53984375 0.2296875 0.053125 0.05927734375
21 0.41328125 0.2296875 0.05625 0.05927734375
21 0.96640625 0.23203125 0.0671875 0.046875
21 0.8859375 0.23203125 0.07197265625 0.046875
21 0.728125 0.234375 0.040625 0.04384765625
21 0.77734375 0.234375 0.04375 0.04375
21 0.8265625 0.24296875 0.0404296875 0.028125