25 0.46875 0.23203125 0.0439453125 0.2234375
25 0.90625 0.43359375 0.096875 0.4203125
25 0.80859375 0.43125 0.096875 0.428125
25 0.7125 0.43359375 0.0875 0.4421875
25 0.63125 0.21484375 0.05634765625 0.2640625
25 0.57421875 0.22265625 0.0609375 0.2453125
25 0.5171875 0.22578125 0.053125 0.2359375
25 0.42421875 0.23671875 0.04375 0.2140625
25 0.3171875 0.38125 0.115625 0.45634765625
25 0.2078125 0.38359375 0.10625 0.446875
25 0.10703125 0.390625 0.0984375 0.43740234375
25 0.6390625 0.43984375 0.04052734375 0.10625
25 0.5984375 0.4375 0.040625 0.1064453125
25 0.56015625 0.4359375 0.0359375 0.10947265625
25 0.52265625 0.4359375 0.0359375 0.11552734375
25 0.490625 0.43359375 0.034375 0.115625
25 0.4578125 0.43359375 0.034375 0.115625
25 0.428125 0.4328125 0.03115234375 0.12177734375
25 0.40234375 0.43359375 0.0296875 0.1234375
25 0.334375 0.84140625 0.08759765625 0.29375
25 0.23828125 0.84765625 0.0828125 0.2765625
25 0.1453125 0.8484375 0.08427734375 0.275
25 0.0609375 0.85 0.084375 0.275
25 0.62734375 0.69921875 0.065625 0.275
25 0.5640625 0.7046875 0.065625 0.271875
25 0.49765625 0.7078125 0.0625 0.271875
25 0.43359375 0.7125 0.0671875 0.271875
25 0.88671875 0.8109375 0.0625 0.178125
25 0.8265625 0.81015625 0.05947265625 0.1828125