25 0.36328125 0.203125 0.0390625 0.15009765625
25 0.32421875 0.2015625 0.0390625 0.1529296875
25 0.28828125 0.20546875 0.0359375 0.146875
25 0.25390625 0.18359375 0.0484375 0.1921875
25 0.2078125 0.18125 0.04677734375 0.19365234375
25 0.1625 0.17890625 0.04384765625 0.196875
25 0.1203125 0.1828125 0.04697265625 0.19072265625
25 0.43125 0.69453125 0.04990234375 0.21875
25 0.47578125 0.696875 0.0453125 0.21875
25 0.51953125 0.69921875 0.040625 0.2234375
25 0.5578125 0.69609375 0.04052734375 0.21875
25 0.6 0.69453125 0.04375 0.21875
25 0.8453125 0.7171875 0.03125 0.1779296875
25 0.88359375 0.71875 0.04375 0.17509765625
25 0.96640625 0.696875 0.05625 0.22509765625
25 0.41484375 0.1828125 0.0453125 0.19072265625
25 0.4640625 0.18359375 0.04375 0.1875
25 0.50703125 0.18125 0.04375 0.19365234375
25 0.5515625 0.18125 0.04375 0.19365234375
25 0.59609375 0.18125 0.0484375 0.19365234375
25 0.640625 0.19140625 0.04375 0.2078125
25 0.6828125 0.196875 0.0404296875 0.196875
25 0.725 0.1921875 0.04990234375 0.20322265625
25 0.13203125 0.446875 0.05625 0.21875
25 0.18046875 0.44609375 0.040625 0.225
25 0.290625 0.4734375 0.03740234375 0.17802734375
25 0.32578125 0.47265625 0.0359375 0.1734375
25 0.36328125 0.47109375 0.0359375 0.1734375
25 0.42421875 0.4484375 0.04375 0.221875
25 0.46640625 0.446875 0.04375 0.21875
25 0.50703125 0.44609375 0.040625 0.2234375
25 0.54921875 0.446875 0.04375 0.22490234375
25 0.59140625 0.44609375 0.04375 0.221875
25 0.6359375 0.44921875 0.04375 0.2171875
25 0.68046875 0.4484375 0.0453125 0.21572265625
25 0.7234375 0.44921875 0.04375 0.2171875
25 0.7671875 0.4703125 0.04375 0.178125
25 0.803125 0.47109375 0.03125 0.1765625
25 0.8390625 0.4703125 0.04375 0.17802734375
25 0.86796875 0.44609375 0.0515625 0.221875
25 0.91328125 0.44453125 0.0515625 0.221875
25 0.96015625 0.44453125 0.053125 0.221875
25 0.1234375 0.69609375 0.04697265625 0.2171875
25 0.16796875 0.69609375 0.04375 0.2171875
25 0.21171875 0.696875 0.04375 0.221875
25 0.91953125 0.6984375 0.0609375 0.22197265625
25 0.259375 0.696875 0.04990234375 0.221875
25 0.30078125 0.7203125 0.040625 0.18125
25 0.34140625 0.71875 0.04375 0.178125
25 0.38671875 0.70078125 0.04375 0.2046875