25 0.4171875 0.3265625 0.053125 0.12802734375
25 0.52890625 0.3265625 0.053125 0.1279296875
25 0.58046875 0.328125 0.053125 0.125
25 0.634375 0.3296875 0.05625 0.125
25 0.69140625 0.3296875 0.05625 0.12197265625
25 0.7484375 0.3296875 0.05625 0.1220703125
25 0.80390625 0.3265625 0.0546875 0.1220703125
25 0.85703125 0.3265625 0.0515625 0.1220703125
25 0.91015625 0.3265625 0.05625 0.12197265625
25 0.9640625 0.32578125 0.053125 0.1234375
25 0.11171875 0.53515625 0.0578125 0.1328125
25 0.11171875 0.66796875 0.0578125 0.1328125
25 0.16796875 0.53515625 0.053125 0.1328125
25 0.1671875 0.665625 0.053125 0.1314453125
25 0.22265625 0.53515625 0.053125 0.1296875
25 0.22109375 0.6671875 0.053125 0.12822265625
25 0.27734375 0.5359375 0.053125 0.128125
25 0.275 0.6671875 0.053125 0.13427734375
25 0.33203125 0.5375 0.05625 0.134375
25 0.33046875 0.665625 0.0546875 0.13134765625
25 0.3859375 0.5359375 0.05625 0.128125
25 0.38359375 0.66796875 0.053125 0.1328125
25 0.43984375 0.5375 0.05625 0.13115234375
25 0.4390625 0.665625 0.05625 0.13134765625
25 0.49375 0.5359375 0.05625 0.13427734375
25 0.49296875 0.665625 0.05625 0.13115234375
25 0.5484375 0.5359375 0.053125 0.12822265625
25 0.546875 0.6671875 0.053125 0.12822265625
25 0.6 0.53515625 0.05625 0.128125
25 0.65390625 0.66328125 0.05625 0.1296875
25 0.65390625 0.5359375 0.053125 0.128125
25 0.70546875 0.5359375 0.053125 0.128125
25 0.70703125 0.6625 0.053125 0.128125
25 0.759375 0.5359375 0.053125 0.128125
25 0.759375 0.66328125 0.053125 0.1328125
25 0.6 0.66328125 0.05625 0.1296875
25 0.8125 0.5359375 0.05625 0.12822265625
25 0.8140625 0.6625 0.05625 0.13115234375
25 0.86796875 0.53515625 0.05625 0.1296875
25 0.86875 0.6625 0.05625 0.13115234375
25 0.91953125 0.53359375 0.0484375 0.128125
25 0.921875 0.66484375 0.04990234375 0.128125
25 0.97109375 0.53515625 0.05625 0.128125
25 0.13203125 0.1921875 0.05625 0.12802734375
25 0.1859375 0.19375 0.05625 0.125
25 0.25390625 0.19375 0.053125 0.125
25 0.30859375 0.21875 0.053125 0.084375
25 0.36328125 0.19921875 0.05625 0.125
25 0.41796875 0.20078125 0.053125 0.125
25 0.47265625 0.19921875 0.0578125 0.125
25 0.52890625 0.20078125 0.05625 0.125
25 0.58046875 0.203125 0.053125 0.125
25 0.63203125 0.21484375 0.0484375 0.0984375
25 0.6734375 0.2171875 0.034375 0.09697265625
25 0.7046875 0.21484375 0.034375 0.1109375
25 0.74609375 0.2078125 0.0515625 0.11875
25 0.83203125 0.22265625 0.0515625 0.1078125
25 0.90859375 0.19921875 0.05625 0.125
25 0.9625 0.20078125 0.05625 0.1234375
25 0.08203125 0.321875 0.04375 0.1314453125
25 0.1296875 0.32421875 0.05927734375 0.1328125
25 0.1859375 0.32109375 0.05927734375 0.13125
25 0.25390625 0.3234375 0.0578125 0.13125
25 0.30859375 0.32421875 0.05625 0.128125
25 0.36328125 0.32421875 0.053125 0.128125
25 0.4734375 0.32578125 0.053125 0.1265625
25 0.08046875 0.1921875 0.04375 0.12802734375