26 0.55078125 0.22734375 0.140625 0.1046875
26 0.5296875 0.1515625 0.15947265625 0.084375
26 0.5140625 0.10078125 0.1533203125 0.09375
26 0.69921875 0.0359375 0.159375 0.071875
26 0.73046875 0.10234375 0.1953125 0.1296875
26 0.73671875 0.18359375 0.125 0.0796875
26 0.8859375 0.03125 0.14052734375 0.06240234375
26 0.89765625 0.08203125 0.13125 0.0859375
26 0.93515625 0.14765625 0.1015625 0.0921875
26 0.07421875 0.29296875 0.1484375 0.1203125
26 0.93359375 0.6609375 0.1328125 0.11572265625
26 0.93046875 0.57578125 0.1390625 0.121875
26 0.86171875 0.48203125 0.1609375 0.1078125
26 0.834375 0.40859375 0.15615234375 0.0984375
26 0.77734375 0.90859375 0.1640625 0.103125
26 0.46640625 0.9484375 0.1484375 0.10302734375
26 0.609375 0.91953125 0.14365234375 0.0921875