26 0.59765625 0.25859375 0.1453125 0.115625
26 0.57578125 0.1828125 0.165625 0.096875
26 0.55859375 0.13125 0.159375 0.10625
26 0.7453125 0.05078125 0.15947265625 0.0859375
26 0.7796875 0.1203125 0.20302734375 0.14677734375
26 0.78828125 0.2015625 0.1296875 0.0904296875
26 0.91796875 0.0359375 0.1078125 0.071875
26 0.92890625 0.0921875 0.0953125 0.0875
26 0.96015625 0.16015625 0.0453125 0.0875
26 0.10546875 0.35703125 0.1640625 0.1328125
26 0.96484375 0.68515625 0.0703125 0.115625
26 0.96015625 0.59765625 0.0765625 0.121875
26 0.91953125 0.5 0.1609375 0.121875
26 0.8921875 0.4265625 0.159375 0.109375
26 0.8421875 0.915625 0.165625 0.06240234375
26 0.52421875 0.97265625 0.15 0.053125
26 0.671875 0.94609375 0.1439453125 0.06875