21 0.0421875 0.3375 0.084375 0.09990234375
21 0.1515625 0.34140625 0.103125 0.1015625
21 0.23671875 0.34765625 0.0546875 0.0921875
21 0.290625 0.35 0.0435546875 0.0935546875
21 0.33984375 0.35078125 0.0453125 0.0875
21 0.3890625 0.35234375 0.04677734375 0.0875
21 0.4375 0.353125 0.04375 0.08740234375
21 0.3703125 0.48203125 0.0875 0.071875
21 0.27421875 0.484375 0.0921875 0.071875
21 0.46640625 0.48671875 0.0875 0.0671875
21 0.94140625 0.62265625 0.053125 0.065625
21 0.88125 0.6234375 0.053125 0.06572265625
21 0.82109375 0.6234375 0.05625 0.06572265625
21 0.7609375 0.625 0.05322265625 0.06865234375
21 0.69140625 0.625 0.0671875 0.06865234375
21 0.24609375 0.62890625 0.0953125 0.0765625
21 0.4421875 0.6296875 0.0845703125 0.065625
21 0.34375 0.6296875 0.09365234375 0.06875
21 0.80078125 0.728125 0.05625 0.06240234375
21 0.8609375 0.728125 0.04697265625 0.06240234375
21 0.74296875 0.7296875 0.0515625 0.0654296875
21 0.68125 0.7296875 0.053125 0.06572265625
21 0.39921875 0.75390625 0.0484375 0.0515625
21 0.34140625 0.75625 0.0484375 0.0501953125
21 0.2859375 0.75703125 0.0470703125 0.0546875
21 0.225 0.759375 0.05625 0.05625
21 0.38359375 0.84140625 0.0453125 0.0484375
21 0.32578125 0.8421875 0.04375 0.04677734375
21 0.26953125 0.8453125 0.046875 0.04697265625
21 0.21171875 0.85 0.053125 0.04990234375
21 0.38125 0.89296875 0.04990234375 0.0484375
21 0.32421875 0.896875 0.0453125 0.0439453125
21 0.26796875 0.9 0.046875 0.04375
21 0.209375 0.9015625 0.04990234375 0.046875
21 0.06484375 0.12109375 0.10625 0.1109375
21 0.18125 0.125 0.1185546875 0.1126953125
21 0.27421875 0.1515625 0.0625 0.071875
21 0.34140625 0.1578125 0.0578125 0.071875
21 0.4078125 0.16328125 0.05947265625 0.06875
21 0.4734375 0.1671875 0.05625 0.06572265625
21 0.53125 0.18125 0.04384765625 0.04365234375
21 0.5828125 0.1859375 0.046875 0.040625
21 0.63828125 0.18984375 0.05625 0.04375
21 0.68515625 0.1921875 0.04375 0.040625