26 0.80078125 0.1875 0.3984375 0.215625
26 0.40390625 0.12890625 0.478125 0.2140625
26 0.396875 0.25390625 0.43115234375 0.15
26 0.7875 0.3125 0.415625 0.14990234375
26 0.76796875 0.38203125 0.421875 0.14375
26 0.37109375 0.34375 0.4296875 0.1689453125
26 0.15625 0.078125 0.13134765625 0.15625
26 0.15234375 0.1765625 0.1640625 0.10625
26 0.1296875 0.2609375 0.159375 0.08447265625
26 0.11796875 0.3375 0.18125 0.10634765625
26 0.75703125 0.4484375 0.4296875 0.121875
26 0.44140625 0.796875 0.1140625 0.14365234375
26 0.61796875 0.80625 0.0828125 0.1125
26 0.6625 0.8171875 0.07509765625 0.10927734375
26 0.5578125 0.790625 0.08427734375 0.10625
26 0.50859375 0.790625 0.0765625 0.1125