4 0.47734375 0.3609375 0.184375 0.19072265625
4 0.78125 0.3796875 0.184375 0.14052734375
4 0.10625 0.41953125 0.2125 0.2359375
4 0.63203125 0.42265625 0.15625 0.21875
4 0.840625 0.478125 0.221875 0.15634765625
4 0.271875 0.48125 0.228125 0.23759765625
4 0.70546875 0.5921875 0.1984375 0.178125
4 0.59765625 0.68984375 0.2421875 0.21875
4 0.321875 0.73984375 0.240625 0.2046875
4 0.11953125 0.7859375 0.2390625 0.27822265625
4 0.41796875 0.22421875 0.2046875 0.184375
4 0.77265625 0.2640625 0.1609375 0.15625
4 0.61796875 0.27265625 0.1375 0.1671875