4 0.4953125 0.31484375 0.09677734375 0.1234375
4 0.72578125 0.33203125 0.1125 0.1015625
4 0.88203125 0.34765625 0.0984375 0.08125
4 0.38828125 0.36953125 0.115625 0.0953125
4 0.5921875 0.3703125 0.12177734375 0.115625
4 0.70546875 0.40625 0.10625 0.12490234375
4 0.8578125 0.42109375 0.0966796875 0.084375
4 0.77578125 0.04765625 0.0921875 0.09375
4 0.55 0.4796875 0.140625 0.109375
4 0.359375 0.4859375 0.09990234375 0.109375
4 0.4625 0.52265625 0.09365234375 0.1203125
4 0.928125 0.52890625 0.08125 0.109375
4 0.81171875 0.55 0.1015625 0.12490234375
4 0.70234375 0.55859375 0.0890625 0.1296875
4 0.60234375 0.56171875 0.09375 0.10625
4 0.29609375 0.57890625 0.103125 0.10625
4 0.52265625 0.60625 0.103125 0.09365234375
4 0.928125 0.646875 0.09990234375 0.109375
4 0.82734375 0.6609375 0.0859375 0.103125
4 0.6421875 0.6625 0.09677734375 0.12490234375
4 0.553125 0.715625 0.1125 0.11884765625
4 0.4453125 0.72265625 0.09697265625 0.1125
4 0.3359375 0.73828125 0.13427734375 0.103125
4 0.61328125 0.07734375 0.0890625 0.0859375
4 0.253125 0.09375 0.109375 0.0876953125
4 0.5 0.10234375 0.115625 0.084375
4 0.69140625 0.11953125 0.0671875 0.0890625
4 0.19375 0.13203125 0.1248046875 0.13125
4 0.93828125 0.14765625 0.1015625 0.1125
4 0.43671875 0.14921875 0.1203125 0.0984375
4 0.8609375 0.17421875 0.10302734375 0.1125
4 0.56015625 0.178125 0.08125 0.09990234375
4 0.6921875 0.19375 0.1216796875 0.0814453125
4 0.503125 0.228125 0.109375 0.10009765625
4 0.659375 0.24296875 0.10625 0.0890625
4 0.79296875 0.2671875 0.103125 0.07822265625
4 0.33203125 0.27265625 0.10625 0.0984375