4 0.753125 0.29453125 0.0625 0.078125
4 0.5046875 0.31171875 0.078125 0.071875
4 0.3890625 0.32578125 0.10625 0.0671875
4 0.06328125 0.3546875 0.1265625 0.10625
4 0.6453125 0.36484375 0.071875 0.0625
4 0.33515625 0.36796875 0.10625 0.0859375
4 0.20234375 0.36796875 0.084375 0.08125
4 0.8046875 0.3796875 0.06875 0.08125
4 0.7359375 0.39765625 0.08447265625 0.084375
4 0.4421875 0.40078125 0.06875 0.0953125
4 0.86484375 0.4078125 0.0921875 0.06875
4 0.58359375 0.42109375 0.0984375 0.0671875
4 0.15625 0.43359375 0.10009765625 0.0859375
4 0.39765625 0.44140625 0.0953125 0.071875
4 0.0515625 0.446875 0.09697265625 0.10625
4 0.8078125 0.45859375 0.0625 0.0546875
4 0.54609375 0.4625 0.0921875 0.06875
4 0.66796875 0.49296875 0.0890625 0.071875
4 0.20703125 0.4953125 0.109375 0.09052734375
4 0.8609375 0.515625 0.078125 0.05
4 0.3796875 0.5328125 0.09072265625 0.10302734375
4 0.08203125 0.5328125 0.10625 0.1029296875
4 0.7703125 0.54296875 0.103125 0.0859375
4 0.265625 0.58203125 0.11875 0.1015625
4 0.48125 0.59375 0.1125 0.1125
4 0.5921875 0.6109375 0.09697265625 0.10302734375
4 0.8171875 0.6203125 0.071875 0.08125
4 0.73671875 0.63359375 0.10625 0.0890625
4 0.33046875 0.640625 0.0984375 0.08740234375
4 0.9109375 0.64765625 0.08125 0.0671875
4 0.13828125 0.6625 0.0984375 0.09384765625
4 0.428125 0.6828125 0.1314453125 0.0841796875
4 0.54765625 0.68828125 0.09375 0.09375
4 0.24140625 0.70703125 0.0921875 0.1203125
4 0.93828125 0.72265625 0.10625 0.078125
4 0.8203125 0.7359375 0.084375 0.109375
4 0.33515625 0.746875 0.09375 0.109375
4 0.70234375 0.76015625 0.1015625 0.0890625
4 0.48125 0.7703125 0.10009765625 0.103125
4 0.5859375 0.78046875 0.08447265625 0.1234375
4 0.1640625 0.78984375 0.1216796875 0.109375
4 0.40234375 0.825 0.109375 0.0935546875
4 0.9671875 0.82734375 0.05947265625 0.0859375
4 0.31875 0.85078125 0.1251953125 0.0984375
4 0.83203125 0.859375 0.0953125 0.08125
4 0.534375 0.875 0.103125 0.10625
4 0.20703125 0.88046875 0.115625 0.0953125
4 0.71953125 0.88359375 0.1125 0.10625
4 0.43359375 0.93359375 0.1203125 0.1265625
4 0.3234375 0.9484375 0.1125 0.0970703125
4 0.1953125 0.9625 0.16572265625 0.06875
4 0.28984375 0.10078125 0.0625 0.0625
4 0.20234375 0.1046875 0.071875 0.084375
4 0.09765625 0.15390625 0.075 0.078125
4 0.3734375 0.16484375 0.075 0.0671875
4 0.4609375 0.18125 0.09677734375 0.05634765625
4 0.271875 0.18828125 0.1001953125 0.084375
4 0.17265625 0.20546875 0.06875 0.0890625
4 0.11484375 0.2359375 0.0859375 0.06875
4 0.55859375 0.24453125 0.0609375 0.0640625
4 0.38203125 0.2515625 0.1390625 0.084375
4 0.228125 0.25546875 0.09384765625 0.0859375
4 0.04609375 0.27265625 0.0921875 0.075
4 0.65234375 0.27578125 0.075 0.06875