4 0.575 0.29140625 0.06875 0.11875
4 0.82734375 0.31328125 0.0921875 0.1203125
4 0.8375 0.40625 0.11875 0.08759765625
4 0.496875 0.409375 0.1314453125 0.1125
4 0.59921875 0.465625 0.071875 0.12509765625
4 0.2890625 0.48125 0.1125 0.13115234375
4 0.5046875 0.521875 0.140625 0.078125
4 0.71875 0.5515625 0.17490234375 0.08125
4 0.3390625 0.5921875 0.0845703125 0.1279296875
4 0.5203125 0.63515625 0.1216796875 0.1328125
4 0.84453125 0.63515625 0.1203125 0.1203125
4 0.6609375 0.27890625 0.06875 0.109375