26 0.9671875 0.578125 0.06552734375 0.15634765625
26 0.28125 0.515625 0.09990234375 0.065625
26 0.36171875 0.4671875 0.0921875 0.05947265625
26 0.32109375 0.484375 0.0859375 0.05009765625
26 0.20703125 0.47734375 0.1140625 0.065625
26 0.13203125 0.46875 0.1046875 0.05625
26 0.1453125 0.50625 0.084375 0.046875
26 0.26796875 0.45078125 0.1046875 0.0625
26 0.1875 0.43515625 0.10009765625 0.0359375
26 0.06484375 0.4640625 0.1078125 0.0595703125
26 0.88359375 0.3578125 0.175 0.08447265625
26 0.6921875 0.3546875 0.184375 0.06875
26 0.00625 0.39921875 0.0125 0.0484375
26 0.0171875 0.3171875 0.034375 0.071875
26 0.084375 0.13125 0.11865234375 0.103125
26 0.02265625 0.1390625 0.0453125 0.096875
26 0.77421875 0.103125 0.2125 0.08134765625
26 0.58203125 0.15390625 0.190625 0.0765625
26 0.24140625 0.1359375 0.184375 0.0779296875
26 0.421875 0.1703125 0.17509765625 0.06875
26 0.73828125 0.15625 0.2140625 0.08125
26 0.4703125 0.33984375 0.146875 0.0828125
26 0.69609375 0.28828125 0.184375 0.0765625
26 0.29296875 0.3296875 0.1234375 0.06572265625
26 0.17578125 0.32421875 0.109375 0.06875
26 0.07578125 0.32109375 0.109375 0.0734375
26 0.428125 0.53125 0.2685546875 0.1123046875
26 0.47578125 0.4859375 0.2640625 0.1029296875
26 0.67578125 0.52890625 0.2671875 0.1
26 0.728125 0.46015625 0.275 0.09375