26 0.96484375 0.4109375 0.0671875 0.146875
26 0.3125 0.52265625 0.08115234375 0.05625
26 0.4 0.5609375 0.0751953125 0.0529296875
26 0.3578125 0.5484375 0.071875 0.04375
26 0.2515625 0.56484375 0.09677734375 0.05625
26 0.1828125 0.5765625 0.09052734375 0.04697265625
26 0.1875 0.540625 0.0748046875 0.040625
26 0.31640625 0.58515625 0.0875 0.053125
26 0.24296875 0.60546875 0.090625 0.028125
26 0.12109375 0.58671875 0.090625 0.0515625
26 0.91796875 0.6265625 0.1515625 0.0716796875
26 0.73828125 0.64453125 0.1640625 0.0546875
26 0.040625 0.653125 0.08125 0.04375
26 0.08203125 0.73203125 0.071875 0.0640625
26 0.2171875 0.89921875 0.0904296875 0.0921875
26 0.1203125 0.89921875 0.1 0.0875
26 0.8734375 0.8734375 0.190625 0.0654296875
26 0.68046875 0.84140625 0.16875 0.0609375
26 0.3640625 0.88359375 0.1625 0.0609375
26 0.03828125 0.90625 0.0765625 0.08759765625
26 0.5265625 0.83671875 0.15625 0.053125
26 0.828125 0.8265625 0.1935546875 0.0625
26 0.5328125 0.67421875 0.12197265625 0.071875
26 0.75703125 0.70703125 0.1640625 0.0609375
26 0.36796875 0.696875 0.1078125 0.05625
26 0.25859375 0.71015625 0.0921875 0.059375
26 0.16484375 0.72265625 0.090625 0.0640625
26 0.446875 0.49609375 0.23759765625 0.0875
26 0.50390625 0.5359375 0.2375 0.07822265625
26 0.68125 0.48046875 0.2376953125 0.078125
26 0.74765625 0.540625 0.2484375 0.071875