26 0.68984375 0.5359375 0.103125 0.06572265625
26 0.61328125 0.5875 0.0984375 0.0625
26 0.65234375 0.56875 0.0921875 0.05615234375
26 0.76953125 0.57109375 0.11875 0.06875
26 0.84609375 0.5765625 0.1109375 0.059375
26 0.8265625 0.53984375 0.090625 0.05
26 0.71015625 0.60078125 0.1109375 0.0671875
26 0.79296875 0.61328125 0.103125 0.040625
26 0.91328125 0.578125 0.1140625 0.065625
26 0.1296875 0.7140625 0.12197265625 0.08427734375
26 0.29453125 0.7140625 0.1890625 0.075
26 0.9859375 0.63671875 0.02802734375 0.05625
26 0.9796875 0.725 0.04052734375 0.075
26 0.93359375 0.91015625 0.125 0.096875
26 0.9828125 0.89765625 0.03427734375 0.09375
26 0.26796875 0.9625 0.1734375 0.07490234375
26 0.43125 0.91328125 0.196875 0.0828125
26 0.7765625 0.915625 0.1908203125 0.0814453125
26 0.59140625 0.88828125 0.18125 0.075
26 0.27265625 0.915625 0.221875 0.0875
26 0.5203125 0.7203125 0.15322265625 0.09052734375
26 0.2984375 0.78125 0.19072265625 0.084375
26 0.69921875 0.7234375 0.13125 0.07177734375
26 0.81953125 0.7234375 0.1171875 0.071875
26 0.9203125 0.725 0.11875 0.0751953125
26 0.53984375 0.525 0.278125 0.11884765625
26 0.49609375 0.5734375 0.275 0.1095703125
26 0.28984375 0.5375 0.275 0.109375
26 0.24375 0.609375 0.28134765625 0.103125