26 0.64296875 0.44609375 0.321875 0.1140625
26 0.51328125 0.4828125 0.2796875 0.096875
26 0.49140625 0.5328125 0.2734375 0.09375
26 0.23203125 0.4390625 0.3078125 0.1154296875
26 0.2515625 0.49140625 0.2345703125 0.0828125
26 0.265625 0.5375 0.23759765625 0.075
26 0.49140625 0.58203125 0.228125 0.0765625
26 0.94609375 0.5484375 0.10625 0.171875
26 0.8453125 0.55625 0.10625 0.103125
26 0.37109375 0.7546875 0.246875 0.0875
26 0.64296875 0.8578125 0.2171875 0.08125
26 0.6921875 0.81484375 0.1654296875 0.0828125
26 0.36328125 0.79453125 0.23125 0.0671875
26 0.06953125 0.51328125 0.1390625 0.0796875
26 0.078125 0.46171875 0.15625 0.078125
26 0.05390625 0.40625 0.0890625 0.065625
26 0.071875 0.35546875 0.096875 0.0703125
26 0.984375 0.334375 0.03115234375 0.18115234375
26 0.8578125 0.3234375 0.2470703125 0.0970703125
26 0.87265625 0.48046875 0.128125 0.075