26 0.7703125 0.3640625 0.05625 0.10947265625
26 0.7296875 0.25234375 0.05302734375 0.1078125
26 0.7484375 0.30546875 0.053125 0.0890625
26 0.8265625 0.29296875 0.05625 0.125
26 0.796875 0.2234375 0.0685546875 0.11875
26 0.8890625 0.2859375 0.06572265625 0.11875
26 0.94609375 0.27421875 0.0625 0.1203125
26 0.9109375 0.19140625 0.0595703125 0.0609375
26 0.85703125 0.19453125 0.0609375 0.0609375
26 0.8234375 0.1421875 0.05927734375 0.053125
26 0.87734375 0.1359375 0.05625 0.05927734375
26 0.21171875 0.459375 0.09375 0.25009765625
26 0.2796875 0.45078125 0.0658203125 0.2640625
26 0.5 0.3796875 0.16884765625 0.14052734375
26 0.484375 0.24296875 0.16240234375 0.109375
26 0.665625 0.3765625 0.16875 0.14052734375
26 0.6359375 0.2921875 0.15302734375 0.13125