26 0.86875 0.0796875 0.26240234375 0.11552734375
26 0.8578125 0.13671875 0.28427734375 0.125
26 0.85703125 0.18046875 0.2859375 0.1078125
26 0.76953125 0.55078125 0.453125 0.1359375
26 0.78984375 0.484375 0.4203125 0.128125
26 0.80546875 0.42578125 0.3890625 0.125
26 0.821875 0.365625 0.3560546875 0.121875
26 0.83671875 0.30625 0.325 0.1248046875
26 0.33671875 0.4859375 0.45625 0.134375
26 0.375 0.4203125 0.45634765625 0.12802734375
26 0.41484375 0.36171875 0.45 0.125
26 0.44609375 0.30078125 0.4578125 0.125
26 0.47265625 0.240625 0.45 0.12509765625
26 0.19453125 0.19453125 0.153125 0.0765625
26 0.16484375 0.25859375 0.153125 0.0765625
26 0.13671875 0.31484375 0.153125 0.0765625
26 0.10078125 0.3921875 0.1703125 0.11552734375
26 0.2296875 0.78125 0.45927734375 0.15
26 0.63359375 0.88125 0.4 0.10625
26 0.6765625 0.834375 0.3720703125 0.125
26 0.76171875 0.771875 0.2515625 0.0939453125
26 0.259375 0.71015625 0.36240234375 0.1203125
26 0.2921875 0.00859375 0.14072265625 0.015625