26 0.90859375 0.09609375 0.18125 0.071875
26 0.90390625 0.05078125 0.1921875 0.065625
26 0.90625 0.03125 0.1873046875 0.028125
26 0.1546875 0.6296875 0.08447265625 0.04052734375
26 0.15 0.59765625 0.0875 0.040625
26 0.15 0.5609375 0.090625 0.040625
26 0.15625 0.525 0.103125 0.0435546875
26 0.16328125 0.484375 0.1234375 0.0564453125
26 0.1671875 0.4375 0.1341796875 0.046875
26 0.5515625 0.06953125 0.27197265625 0.08125
26 0.57421875 0.0265625 0.40625 0.053125
26 0.1703125 0.04296875 0.159375 0.0640625
26 0.21953125 0.01171875 0.2328125 0.0234375
26 0.31640625 0.64921875 0.25625 0.0546875
26 0.3171875 0.61640625 0.25625 0.0578125
26 0.32578125 0.57421875 0.275 0.0734375
26 0.3578125 0.5265625 0.25625 0.05322265625
26 0.36328125 0.48671875 0.259375 0.06875
26 0.55859375 0.67890625 0.2640625 0.0578125
26 0.578125 0.6359375 0.26875 0.078125
26 0.5921875 0.5796875 0.259375 0.0658203125
26 0.61171875 0.52890625 0.2359375 0.0484375
26 0.62734375 0.49765625 0.2359375 0.0515625
26 0.82578125 0.7046875 0.2765625 0.0845703125
26 0.8328125 0.63828125 0.265625 0.0703125
26 0.84609375 0.59140625 0.2546875 0.053125
26 0.853125 0.5609375 0.25615234375 0.05322265625
26 0.865625 0.525 0.259375 0.05615234375
26 0.3140625 0.771875 0.259375 0.06240234375
26 0.3390625 0.74140625 0.240625 0.05625