26 0.2484375 0.0515625 0.26552734375 0.07197265625
26 0.2703125 0.021875 0.28427734375 0.04375
26 0.7359375 0.665625 0.084375 0.03759765625
26 0.75625 0.6359375 0.0875 0.040625
26 0.77265625 0.60234375 0.090625 0.040625
26 0.78359375 0.56875 0.1015625 0.0435546875
26 0.7953125 0.5296875 0.121875 0.0591796875
26 0.81484375 0.4859375 0.1296875 0.046875
26 0.63203125 0.0875 0.265625 0.08134765625
26 0.63671875 0.0375 0.3953125 0.07490234375
26 0.959375 0.12265625 0.08115234375 0.06875
26 0.93046875 0.06484375 0.1390625 0.075
26 0.578125 0.65859375 0.246875 0.05625
26 0.5921875 0.6296875 0.246875 0.059375
26 0.603125 0.5890625 0.26865234375 0.075
26 0.59765625 0.53984375 0.246875 0.05625
26 0.6109375 0.50234375 0.25 0.071875
26 0.3390625 0.6515625 0.25625 0.059375
26 0.34140625 0.6078125 0.2609375 0.07822265625
26 0.3546875 0.55390625 0.25 0.06875
26 0.3609375 0.50390625 0.228125 0.0515625
26 0.3609375 0.4734375 0.228125 0.053125
26 0.1078125 0.634375 0.215625 0.0875
26 0.11640625 0.571875 0.2328125 0.07490234375
26 0.11875 0.52421875 0.2375 0.0546875
26 0.12265625 0.49609375 0.2453125 0.05625
26 0.12890625 0.4625 0.25 0.05634765625
26 0.521875 0.77421875 0.25009765625 0.0625
26 0.51171875 0.74140625 0.2328125 0.059375