26 0.9109375 0.8859375 0.1779296875 0.0779296875
26 0.9078125 0.93125 0.184375 0.06875
26 0.9109375 0.95703125 0.17802734375 0.04375
26 0.13828125 0.353125 0.0875 0.03759765625
26 0.134375 0.38671875 0.090625 0.0421875
26 0.134375 0.4234375 0.09375 0.04072265625
26 0.14296875 0.459375 0.10625 0.04375
26 0.1515625 0.5 0.128125 0.06240234375
26 0.15625 0.5484375 0.134375 0.04697265625
26 0.55625 0.91484375 0.27509765625 0.0828125
26 0.5828125 0.96484375 0.41552734375 0.06875
26 0.178125 0.94609375 0.15009765625 0.065625
26 0.23046875 0.98203125 0.2328125 0.0359375
26 0.30078125 0.3328125 0.259375 0.05625
26 0.3015625 0.365625 0.259375 0.0623046875
26 0.3125 0.40859375 0.278125 0.0765625
26 0.34609375 0.45703125 0.259375 0.0578125
26 0.35234375 0.49609375 0.2625 0.071875
26 0.54453125 0.29921875 0.26875 0.0609375
26 0.56484375 0.3421875 0.2734375 0.0841796875
26 0.58203125 0.4 0.2625 0.0689453125
26 0.603125 0.45078125 0.2376953125 0.0515625
26 0.61875 0.48203125 0.2376953125 0.053125
26 0.8125 0.271875 0.28115234375 0.08759765625
26 0.8234375 0.3375 0.27177734375 0.07490234375
26 0.83671875 0.3859375 0.2578125 0.05625
26 0.84609375 0.415625 0.259375 0.05634765625
26 0.859375 0.453125 0.26259765625 0.05634765625
26 0.29453125 0.2078125 0.2640625 0.0625
26 0.32109375 0.2390625 0.24375 0.059375