21 0.1984375 0.27734375 0.04677734375 0.0546875
21 0.2609375 0.27734375 0.04677734375 0.0546875
21 0.9 0.3171875 0.1126953125 0.0783203125
21 0.7828125 0.3171875 0.11552734375 0.08427734375
21 0.0515625 0.3171875 0.06572265625 0.09697265625
21 0.55546875 0.31875 0.1046875 0.0875
21 0.66328125 0.31953125 0.1109375 0.0859375
21 0.44453125 0.32109375 0.1125 0.0875
21 0.334375 0.3234375 0.103125 0.0845703125
21 0.1265625 0.32421875 0.05322265625 0.084375
21 0.2546875 0.33671875 0.04697265625 0.0578125
21 0.19375 0.3375 0.04990234375 0.059375
21 0.725 0.44453125 0.05625 0.034375
21 0.34609375 0.453125 0.0953125 0.09375
21 0.8109375 0.4625 0.09052734375 0.06865234375
21 0.51953125 0.4625 0.0828125 0.07490234375
21 0.4375 0.4640625 0.08125 0.07802734375
21 0.91328125 0.4703125 0.0890625 0.05625
21 0.6625 0.47109375 0.05634765625 0.0546875
21 0.59609375 0.47109375 0.065625 0.05625
21 0.728125 0.48046875 0.059375 0.0328125
21 0.58515625 0.5734375 0.1015625 0.078125
21 0.69609375 0.57578125 0.1046875 0.075
21 0.2640625 0.57578125 0.04677734375 0.0796875
21 0.4109375 0.5765625 0.08427734375 0.06875
21 0.3296875 0.5765625 0.06875 0.07177734375
21 0.49375 0.5765625 0.06884765625 0.07197265625
21 0.21171875 0.5796875 0.0453125 0.0783203125
21 0.88671875 0.58203125 0.08125 0.0609375
21 0.7953125 0.58203125 0.08427734375 0.0578125
21 0.071875 0.81484375 0.05625 0.05