21 0.98203125 0.2921875 0.0359375 0.028125
21 0.078125 0.2953125 0.0998046875 0.0716796875
21 0.271875 0.296875 0.1 0.071875
21 0.1734375 0.296875 0.096875 0.075
21 0.6546875 0.30390625 0.06572265625 0.0578125
21 0.728125 0.30546875 0.0623046875 0.0578125
21 0.80859375 0.30859375 0.0875 0.0515625
21 0.8796875 0.3125 0.05625 0.046875
21 0.9359375 0.3125 0.0533203125 0.046875
21 0.9828125 0.321875 0.03427734375 0.03115234375
21 0.365625 0.3734375 0.0876953125 0.0408203125
21 0.45546875 0.37734375 0.090625 0.046875
21 0.1890625 0.4234375 0.096875 0.0658203125
21 0.28125 0.4234375 0.09365234375 0.06572265625
21 0.10234375 0.42421875 0.0875 0.065625
21 0.3703125 0.4265625 0.0908203125 0.0595703125
21 0.459375 0.42890625 0.09365234375 0.059375
21 0.859375 0.42890625 0.06240234375 0.05625
21 0.540625 0.43125 0.075 0.05009765625
21 0.921875 0.4375 0.053125 0.0439453125
21 0.975 0.4375 0.05 0.04384765625
21 0.68125 0.09765625 0.040625 0.0515625
21 0.73203125 0.09765625 0.04375 0.0515625
21 0.7875 0.09765625 0.040625 0.0515625
21 0.0578125 0.13125 0.065625 0.0875
21 0.134375 0.13125 0.06865234375 0.0875
21 0.21015625 0.13125 0.0671875 0.0876953125
21 0.2875 0.13203125 0.0685546875 0.090625
21 0.44140625 0.13359375 0.0640625 0.0890625
21 0.36328125 0.13125 0.065625 0.08759765625
21 0.50859375 0.1390625 0.0515625 0.071875
21 0.6234375 0.1421875 0.05 0.075
21 0.5671875 0.1421875 0.05302734375 0.071875
21 0.67890625 0.15234375 0.040625 0.053125
21 0.73203125 0.1515625 0.04375 0.053125
21 0.78359375 0.15234375 0.0390625 0.0515625
21 0.72265625 0.24296875 0.065625 0.0578125
21 0.6546875 0.24375 0.059375 0.05625