26 0.6078125 0.43046875 0.33427734375 0.103125
26 0.60703125 0.35703125 0.3296875 0.075
26 0.56484375 0.540625 0.2390625 0.06240234375
26 0.27734375 0.34609375 0.33125 0.0734375
26 0.26953125 0.4203125 0.3375 0.1091796875
26 0.2875 0.4984375 0.31259765625 0.07197265625
26 0.88671875 0.3640625 0.2265625 0.0779296875
26 0.88359375 0.4359375 0.23125 0.10302734375
26 0.8484375 0.52734375 0.25947265625 0.0890625
26 0.59765625 0.6671875 0.3453125 0.084375
26 0.60703125 0.7453125 0.3609375 0.084375
26 0.5734375 0.85234375 0.3 0.0828125
26 0.859375 0.8125 0.24365234375 0.08134765625
26 0.88125 0.74375 0.20634765625 0.08115234375
26 0.8859375 0.6765625 0.20927734375 0.07822265625
26 0.2484375 0.87265625 0.34072265625 0.09375
26 0.25703125 0.80546875 0.340625 0.071875
26 0.23203125 0.734375 0.3796875 0.09990234375
26 0.23671875 0.6546875 0.3734375 0.0908203125