26 0.4203125 0.5953125 0.334375 0.14677734375
26 0.45078125 0.6625 0.325 0.11875
26 0.415625 0.4828125 0.23759765625 0.09375
26 0.75703125 0.5984375 0.325 0.11875
26 0.7359375 0.52890625 0.34072265625 0.15
26 0.6875 0.46015625 0.31240234375 0.115625
26 0.18046875 0.7203125 0.2453125 0.10625
26 0.15625 0.65390625 0.25615234375 0.13125
26 0.15859375 0.55859375 0.2640625 0.121875
26 0.33515625 0.3734375 0.3421875 0.12822265625
26 0.29453125 0.30390625 0.3578125 0.134375
26 0.2828125 0.1984375 0.29697265625 0.121875
26 0.0796875 0.30078125 0.159375 0.1140625
26 0.07421875 0.3671875 0.1484375 0.10625
26 0.08671875 0.43046875 0.1734375 0.10625
26 0.57421875 0.10703125 0.3421875 0.1375
26 0.59375 0.1703125 0.334375 0.11875
26 0.64453125 0.2296875 0.3796875 0.15
26 0.671875 0.30390625 0.3689453125 0.1421875