26 0.79296875 0.73671875 0.2265625 0.0859375
26 0.2390625 0.7546875 0.29697265625 0.06572265625
26 0.19453125 0.709375 0.34375 0.08134765625
26 0.52890625 0.6765625 0.2984375 0.06875
26 0.55625 0.73203125 0.2875 0.0765625
26 0.2953125 0.58515625 0.11572265625 0.0703125
26 0.29921875 0.5203125 0.134375 0.06875
26 0.30078125 0.4578125 0.134375 0.06875
26 0.3078125 0.39453125 0.140625 0.0640625
26 0.5359375 0.384375 0.32822265625 0.08740234375
26 0.540625 0.44453125 0.325 0.0828125
26 0.5484375 0.509375 0.325 0.0814453125
26 0.55390625 0.578125 0.328125 0.084375
26 0.84609375 0.3796875 0.2859375 0.08447265625
26 0.80859375 0.5484375 0.203125 0.06875
26 0.80546875 0.49375 0.209375 0.065625
26 0.7984375 0.446875 0.209375 0.065625
26 0.6234375 0.27265625 0.1345703125 0.075
26 0.61171875 0.21015625 0.1359375 0.075
26 0.59765625 0.1515625 0.1359375 0.075
26 0.3765625 0.14296875 0.27822265625 0.08125
26 0.38203125 0.2015625 0.2859375 0.075
26 0.39453125 0.265625 0.2859375 0.09375
26 0.12734375 0.26953125 0.2546875 0.0984375
26 0.12109375 0.20703125 0.2421875 0.071875
26 0.10703125 0.1203125 0.2140625 0.12197265625
26 0.171875 0.4484375 0.14990234375 0.04697265625
26 0.1765625 0.49296875 0.14375 0.0515625