26 0.79921875 0.75 0.2265625 0.08125
26 0.23671875 0.75390625 0.3015625 0.059375
26 0.1921875 0.70703125 0.3470703125 0.075
26 0.53359375 0.68125 0.3015625 0.0625
26 0.55859375 0.73828125 0.2890625 0.071875
26 0.3015625 0.5828125 0.115625 0.06875
26 0.3078125 0.5171875 0.134375 0.0658203125
26 0.3125 0.453125 0.134375 0.06865234375
26 0.321875 0.3890625 0.140625 0.05947265625
26 0.55390625 0.384375 0.33125 0.078125
26 0.55625 0.446875 0.32509765625 0.07509765625
26 0.5609375 0.51171875 0.32802734375 0.0765625
26 0.5640625 0.58203125 0.33427734375 0.0765625
26 0.8609375 0.3890625 0.27177734375 0.08427734375
26 0.82421875 0.55859375 0.203125 0.065625
26 0.8234375 0.50390625 0.20947265625 0.0609375
26 0.8171875 0.45546875 0.20947265625 0.0609375
26 0.64921875 0.275 0.134375 0.071875
26 0.6390625 0.21171875 0.134375 0.071875
26 0.62890625 0.15 0.134375 0.071875
26 0.40390625 0.1359375 0.28125 0.075
26 0.4078125 0.19609375 0.28447265625 0.06875
26 0.4171875 0.2609375 0.2875 0.0875
26 0.13671875 0.25703125 0.2734375 0.09375
26 0.13203125 0.19375 0.2640625 0.065625
26 0.11875 0.1046875 0.2375 0.11875
26 0.1828125 0.43984375 0.15 0.0453125
26 0.18359375 0.4859375 0.1453125 0.05