15 0.89375 0.28984375 0.20634765625 0.2421875
15 0.27890625 0.33359375 0.2703125 0.2359375
15 0.70546875 0.35078125 0.215625 0.2421875
15 0.64765625 0.54765625 0.2546875 0.2453125
15 0.38203125 0.56484375 0.2703125 0.2671875
15 0.82734375 0.590625 0.2 0.23759765625
15 0.13671875 0.6203125 0.2734375 0.246875
15 0.81484375 0.82890625 0.2390625 0.221875
15 0.22421875 0.86484375 0.3453125 0.2640625
15 0.6203125 0.89375 0.2125 0.20634765625
15 0.09765625 0.228125 0.1953125 0.284375
15 0.51171875 0.25 0.2421875 0.225