15 0.59453125 0.35625 0.246875 0.23115234375
15 0.15625 0.40234375 0.23134765625 0.2296875
15 0.821875 0.52890625 0.24365234375 0.2296875
15 0.6078125 0.5890625 0.25 0.24072265625
15 0.24140625 0.59921875 0.1953125 0.1984375
15 0.41640625 0.70078125 0.2078125 0.21875
15 0.2078125 0.07734375 0.228125 0.1546875
15 0.2359375 0.81171875 0.21875 0.215625
15 0.61640625 0.8390625 0.25 0.246875
15 0.86484375 0.85625 0.2640625 0.27509765625
15 0.60234375 0.1234375 0.2671875 0.246875
15 0.81171875 0.2109375 0.2265625 0.25
15 0.3078125 0.24296875 0.26552734375 0.2671875
15 0.07734375 0.246875 0.15 0.23115234375