21 0.15 0.209375 0.05009765625 0.075
21 0.09609375 0.2078125 0.0515625 0.07197265625
21 0.2046875 0.21015625 0.0529296875 0.0765625
21 0.25859375 0.21171875 0.05 0.075
21 0.10234375 0.353125 0.0703125 0.0810546875
21 0.17421875 0.35546875 0.0609375 0.0765625
21 0.24296875 0.35546875 0.0671875 0.0765625
21 0.790625 0.36328125 0.034375 0.075
21 0.30859375 0.3640625 0.0453125 0.06875
21 0.66328125 0.3640625 0.034375 0.075
21 0.70546875 0.3640625 0.034375 0.075
21 0.74609375 0.3640625 0.0359375 0.075
21 0.36328125 0.365625 0.0453125 0.06884765625
21 0.41484375 0.365625 0.04375 0.06884765625
21 0.4578125 0.37265625 0.03447265625 0.0515625
21 0.5015625 0.37265625 0.0345703125 0.0546875
21 0.5421875 0.3734375 0.03125 0.053125
21 0.58203125 0.3734375 0.0359375 0.05302734375
21 0.87109375 0.375 0.0328125 0.05625
21 0.83046875 0.3765625 0.0296875 0.0533203125
21 0.62265625 0.38828125 0.0296875 0.028125
21 0.10078125 0.49140625 0.0609375 0.0796875
21 0.16796875 0.49140625 0.0609375 0.0765625
21 0.2359375 0.4953125 0.05947265625 0.078125
21 0.30625 0.5015625 0.06865234375 0.06572265625
21 0.3765625 0.5015625 0.05625 0.065625
21 0.4390625 0.50390625 0.05625 0.0640625
21 0.5328125 0.5109375 0.0375 0.05
21 0.49140625 0.51171875 0.034375 0.0515625
21 0.57421875 0.51328125 0.034375 0.0484375
21 0.65625 0.5140625 0.034375 0.046875
21 0.61171875 0.5140625 0.0359375 0.04697265625
21 0.11328125 0.61640625 0.06875 0.0546875
21 0.19140625 0.61796875 0.0671875 0.053125
21 0.25625 0.61796875 0.0501953125 0.053125
21 0.32109375 0.61875 0.059375 0.05615234375
21 0.38359375 0.61875 0.0515625 0.0501953125
21 0.44609375 0.62109375 0.0546875 0.0515625
21 0.51171875 0.62265625 0.0546875 0.0515625