21 0.7203125 0.1578125 0.05625 0.0875
21 0.62734375 0.2796875 0.0453125 0.08447265625
21 0.678125 0.28125 0.04375 0.0875
21 0.57421875 0.28125 0.0453125 0.0875
21 0.5203125 0.28359375 0.0470703125 0.0875
21 0.87109375 0.2953125 0.0296875 0.05302734375
21 0.83515625 0.2953125 0.03125 0.05302734375
21 0.7984375 0.2953125 0.028125 0.0470703125
21 0.7234375 0.2984375 0.03125 0.04697265625
21 0.76171875 0.2984375 0.03125 0.05302734375
21 0.24609375 0.50703125 0.0640625 0.0671875
21 0.3890625 0.509375 0.05947265625 0.06884765625
21 0.7671875 0.509375 0.040625 0.06240234375
21 0.8171875 0.509375 0.0375 0.06240234375
21 0.71640625 0.5109375 0.0421875 0.0654296875
21 0.61875 0.5109375 0.04375 0.05947265625
21 0.18046875 0.5109375 0.0640625 0.06552734375
21 0.571875 0.5109375 0.040625 0.0595703125
21 0.1109375 0.5109375 0.06552734375 0.06572265625
21 0.6671875 0.5109375 0.04375 0.0625
21 0.31953125 0.51171875 0.0625 0.0609375
21 0.453125 0.5171875 0.05615234375 0.04697265625
21 0.51796875 0.5171875 0.053125 0.04697265625