21 0.74140625 0.3609375 0.03125 0.02802734375
21 0.70703125 0.36171875 0.0296875 0.0234375
21 0.234375 0.36328125 0.05625 0.0734375
21 0.54921875 0.36328125 0.046875 0.075
21 0.5 0.36328125 0.04384765625 0.0796875
21 0.29296875 0.36328125 0.059375 0.0703125
21 0.353125 0.365625 0.05634765625 0.06259765625
21 0.5984375 0.3734375 0.04052734375 0.05927734375
21 0.4078125 0.375 0.04375 0.05009765625
21 0.453125 0.3765625 0.04365234375 0.05302734375
21 0.640625 0.38125 0.034375 0.0439453125
21 0.6765625 0.38125 0.03125 0.04375
21 0.7078125 0.3921875 0.02197265625 0.02197265625
21 0.7390625 0.3921875 0.03125 0.0220703125
21 0.24296875 0.484375 0.05625 0.065625
21 0.303125 0.48828125 0.05009765625 0.0625
21 0.415625 0.4890625 0.05615234375 0.06552734375
21 0.359375 0.4890625 0.05615234375 0.05947265625
21 0.475 0.4890625 0.05625 0.05947265625
21 0.6203125 0.4984375 0.04375 0.04697265625
21 0.52421875 0.4984375 0.0421875 0.04677734375
21 0.571875 0.5 0.04375 0.05
21 0.6578125 0.5046875 0.0341796875 0.0408203125
21 0.72734375 0.5046875 0.0328125 0.040625
21 0.34765625 0.81015625 0.0421875 0.065625
21 0.3953125 0.81015625 0.0466796875 0.0640625
21 0.2953125 0.8109375 0.040625 0.06572265625
21 0.2453125 0.8109375 0.04375 0.065625
21 0.44453125 0.8109375 0.0453125 0.0658203125
21 0.4953125 0.8125 0.0408203125 0.0626953125
21 0.5359375 0.821875 0.0345703125 0.0498046875
21 0.609375 0.828125 0.03115234375 0.0375
21 0.57578125 0.8296875 0.0265625 0.0375
21 0.6421875 0.8296875 0.034375 0.03447265625