21 0.89296875 0.353125 0.0296875 0.028125
21 0.853125 0.3546875 0.03134765625 0.02822265625
21 0.81875 0.3546875 0.028125 0.028125
21 0.78984375 0.38125 0.040625 0.053125
21 0.7390625 0.38203125 0.0404296875 0.0515625
21 0.921875 0.38828125 0.03740234375 0.0359375
21 0.8765625 0.38828125 0.03447265625 0.0328125
21 0.834375 0.3890625 0.034375 0.034375
21 0.8734375 0.47109375 0.05302734375 0.0453125
21 0.93359375 0.47109375 0.0515625 0.04375
21 0.8078125 0.47109375 0.05322265625 0.0453125
21 0.75 0.47265625 0.053125 0.0453125
21 0.68984375 0.47265625 0.05 0.04375
21 0.62734375 0.47265625 0.05 0.04375
21 0.57109375 0.4734375 0.05 0.04375
21 0.4484375 0.4734375 0.05625 0.04677734375
21 0.50703125 0.4734375 0.05 0.04375
21 0.57109375 0.5453125 0.071875 0.053125
21 0.7203125 0.5453125 0.071875 0.05
21 0.6453125 0.5484375 0.07197265625 0.04697265625
21 0.7921875 0.5515625 0.065625 0.0375
21 0.91796875 0.5515625 0.0578125 0.03447265625
21 0.8546875 0.5515625 0.0595703125 0.0375
21 0.89765625 0.61796875 0.0671875 0.05
21 0.75703125 0.615625 0.06875 0.05615234375
21 0.8265625 0.615625 0.065625 0.05009765625
21 0.61328125 0.61640625 0.0671875 0.053125
21 0.68515625 0.61640625 0.071875 0.053125