21 0.3484375 0.1109375 0.06875 0.109375
21 0.08203125 0.1109375 0.06875 0.10947265625
21 0.1703125 0.1109375 0.06875 0.10927734375
21 0.259375 0.1109375 0.06875 0.10927734375
21 0.44140625 0.1109375 0.0671875 0.1125
21 0.5328125 0.11171875 0.07177734375 0.1078125
21 0.92421875 0.13359375 0.046875 0.0671875
21 0.8640625 0.134375 0.046875 0.06259765625
21 0.06484375 0.27890625 0.06875 0.1140625
21 0.14765625 0.2796875 0.071875 0.1091796875
21 0.2359375 0.2796875 0.06875 0.1091796875
21 0.4078125 0.2796875 0.0716796875 0.1091796875
21 0.31953125 0.2796875 0.0703125 0.10625
21 0.49296875 0.2796875 0.071875 0.103125
21 0.66328125 0.28125 0.06875 0.10634765625
21 0.57421875 0.28125 0.0703125 0.10625
21 0.875 0.28984375 0.05615234375 0.0875
21 0.7390625 0.290625 0.05322265625 0.08759765625
21 0.80625 0.290625 0.05625 0.090625
21 0.5359375 0.40390625 0.0533203125 0.0375
21 0.5953125 0.40625 0.0529296875 0.034375
21 0.11171875 0.41328125 0.084375 0.0953125
21 0.2078125 0.41328125 0.0904296875 0.09375
21 0.30078125 0.41484375 0.0828125 0.0921875
21 0.79296875 0.41484375 0.1015625 0.0921875
21 0.9015625 0.4171875 0.10927734375 0.090625
21 0.38828125 0.42421875 0.0734375 0.0765625
21 0.6765625 0.4203125 0.103125 0.084375
21 0.4671875 0.42421875 0.071875 0.0765625
21 0.53515625 0.44375 0.0546875 0.0375
21 0.5953125 0.44453125 0.053125 0.0359375
21 0.31015625 0.56015625 0.0984375 0.0875
21 0.7953125 0.5625 0.04072265625 0.07509765625
21 0.84609375 0.5640625 0.0421875 0.0779296875
21 0.896875 0.5640625 0.0439453125 0.078125
21 0.74609375 0.5640625 0.040625 0.07802734375
21 0.68515625 0.56953125 0.071875 0.071875
21 0.60234375 0.56953125 0.075 0.0734375
21 0.4078125 0.56640625 0.09072265625 0.0703125
21 0.5 0.5734375 0.084375 0.059375
21 0.21484375 0.5765625 0.084375 0.05625
21 0.109375 0.57578125 0.09384765625 0.05625
21 0.93359375 0.0609375 0.0515625 0.06875
21 0.87265625 0.0625 0.0484375 0.06884765625