21 0.5671875 0.08515625 0.11552734375 0.14375
21 0.61640625 0.93359375 0.0390625 0.1078125
21 0.66328125 0.93515625 0.0390625 0.1046875
21 0.7125 0.9375 0.04375 0.109375
21 0.76171875 0.9375 0.040625 0.10615234375
21 0.865625 0.10078125 0.07509765625 0.1234375
21 0.9515625 0.10078125 0.0841796875 0.125
21 0.6703125 0.1109375 0.0875 0.103125
21 0.7671875 0.11640625 0.090625 0.0953125
21 0.59140625 0.28359375 0.0828125 0.1546875
21 0.6765625 0.28828125 0.0875 0.1546875
21 0.75390625 0.30390625 0.0578125 0.13125
21 0.8890625 0.31015625 0.08427734375 0.11875
21 0.81640625 0.321875 0.05625 0.09365234375
21 0.63828125 0.49609375 0.1109375 0.1234375
21 0.7484375 0.49765625 0.109375 0.1234375