21 0.1390625 0.2203125 0.07822265625 0.12177734375
21 0.2328125 0.22109375 0.07197265625 0.1140625
21 0.321875 0.22109375 0.078125 0.109375
21 0.40625 0.22265625 0.071875 0.1078125
21 0.4828125 0.23203125 0.05947265625 0.0921875
21 0.66953125 0.240625 0.0578125 0.065625
21 0.54921875 0.24296875 0.053125 0.065625
21 0.609375 0.24375 0.05009765625 0.06865234375
21 0.83515625 0.25234375 0.0515625 0.0375
21 0.77734375 0.25390625 0.0453125 0.0359375
21 0.72578125 0.25390625 0.04375 0.040625
21 0.25390625 0.39453125 0.0859375 0.1078125
21 0.4390625 0.396875 0.08427734375 0.103125
21 0.15625 0.4015625 0.090625 0.0966796875
21 0.8109375 0.40390625 0.078125 0.0765625
21 0.34765625 0.40390625 0.090625 0.090625
21 0.62265625 0.4046875 0.071875 0.07822265625
21 0.71171875 0.40859375 0.084375 0.0671875
21 0.53828125 0.4109375 0.0859375 0.075