21 0.4328125 0.14453125 0.10947265625 0.0640625
21 0.3125 0.14765625 0.11240234375 0.0640625
21 0.18125 0.15234375 0.09990234375 0.0578125
21 0.0625 0.1546875 0.09365234375 0.059375
21 0.4859375 0.2671875 0.1095703125 0.0875
21 0.38828125 0.271875 0.0734375 0.071875
21 0.31640625 0.2921875 0.0515625 0.028125
21 0.25859375 0.2921875 0.046875 0.02802734375
21 0.2046875 0.29453125 0.05302734375 0.028125
21 0.0796875 0.29453125 0.05322265625 0.028125
21 0.14296875 0.29453125 0.0609375 0.0296875
21 0.36171875 0.390625 0.0859375 0.05
21 0.14453125 0.3921875 0.090625 0.0470703125
21 0.26171875 0.39296875 0.090625 0.053125