21 0.4046875 0.82421875 0.053125 0.053125
21 0.25859375 0.828125 0.0640625 0.05625
21 0.33515625 0.8296875 0.05625 0.05
21 0.18125 0.83203125 0.0625 0.05625
21 0.1578125 0.296875 0.03447265625 0.05634765625
21 0.11328125 0.2984375 0.0359375 0.059375
21 0.2859375 0.296875 0.0341796875 0.05625
21 0.2453125 0.296875 0.04052734375 0.059375
21 0.328125 0.296875 0.034375 0.059375
21 0.19921875 0.296875 0.0375 0.06240234375
21 0.7546875 0.3421875 0.07822265625 0.09052734375
21 0.66484375 0.3421875 0.0796875 0.090625
21 0.58203125 0.34375 0.0765625 0.09375
21 0.5015625 0.3453125 0.08125 0.090625
21 0.1359375 0.35703125 0.034375 0.0578125
21 0.17890625 0.3578125 0.0328125 0.05322265625
21 0.09140625 0.3578125 0.0375 0.05322265625
21 0.26796875 0.359375 0.040625 0.06240234375
21 0.3109375 0.3609375 0.04052734375 0.05927734375
21 0.22265625 0.3609375 0.034375 0.059375
21 0.48828125 0.5140625 0.0515625 0.07197265625
21 0.43046875 0.515625 0.0515625 0.07490234375
21 0.25859375 0.515625 0.05625 0.071875
21 0.31484375 0.515625 0.0546875 0.07490234375
21 0.37265625 0.5171875 0.053125 0.07197265625
21 0.85703125 0.6359375 0.0328125 0.028125
21 0.81875 0.63828125 0.0375 0.0265625
21 0.7453125 0.63828125 0.0345703125 0.0296875
21 0.615625 0.6734375 0.040625 0.053125
21 0.52265625 0.6734375 0.0390625 0.05302734375
21 0.709375 0.67421875 0.04375 0.053125
21 0.6625 0.67421875 0.040625 0.0515625
21 0.571875 0.67421875 0.040625 0.0515625
21 0.75390625 0.6828125 0.0328125 0.0283203125
21 0.79453125 0.68359375 0.0359375 0.03125
21 0.87109375 0.68359375 0.0375 0.0296875
21 0.8328125 0.6859375 0.040625 0.03427734375