21 0.228125 0.75390625 0.05615234375 0.0609375
21 0.2875 0.8578125 0.04384765625 0.05302734375
21 0.23828125 0.8578125 0.0453125 0.05
21 0.33515625 0.8578125 0.0484375 0.05
21 0.5625 0.86640625 0.025 0.0375
21 0.49765625 0.86796875 0.0296875 0.0359375
21 0.53125 0.875 0.025 0.01875
21 0.26953125 0.35703125 0.0609375 0.0640625
21 0.20703125 0.359375 0.059375 0.06240234375
21 0.209375 0.46484375 0.04384765625 0.0765625
21 0.2546875 0.46484375 0.04072265625 0.0765625
21 0.31640625 0.47109375 0.059375 0.06875
21 0.2390625 0.5671875 0.03447265625 0.0625
21 0.203125 0.5671875 0.034375 0.05947265625
21 0.27890625 0.57109375 0.0390625 0.0546875
21 0.32421875 0.5734375 0.0453125 0.05322265625
21 0.37109375 0.571875 0.04375 0.0560546875
21 0.51953125 0.578125 0.0296875 0.04375
21 0.48046875 0.5796875 0.034375 0.04072265625