21 0.43359375 0.2859375 0.0359375 0.0529296875
21 0.75 0.4703125 0.0375 0.0279296875
21 0.41015625 0.48828125 0.065625 0.05
21 0.4796875 0.490625 0.071875 0.04375
21 0.75 0.5 0.040625 0.025
21 0.56015625 0.56015625 0.075 0.0609375
21 0.728125 0.5609375 0.05 0.053125
21 0.6203125 0.5625 0.04375 0.0564453125
21 0.6734375 0.5625 0.05 0.05625
21 0.30546875 0.56484375 0.046875 0.0578125
21 0.2359375 0.56640625 0.0779296875 0.0609375
21 0.3546875 0.56953125 0.0375 0.0421875
21 0.49296875 0.56953125 0.0390625 0.0421875
21 0.4046875 0.56953125 0.040625 0.04375
21 0.45078125 0.56953125 0.0375 0.0421875
21 0.12890625 0.571875 0.040625 0.04375
21 0.17421875 0.571875 0.040625 0.04384765625
21 0.75234375 0.646875 0.046875 0.06875