21 0.16796875 0.21484375 0.0875 0.0875
21 0.55859375 0.2203125 0.0953125 0.1
21 0.26953125 0.2203125 0.09375 0.084375
21 0.37265625 0.22265625 0.0875 0.0828125
21 0.65234375 0.225 0.0875 0.1
21 0.4640625 0.228125 0.084375 0.08125
21 0.0734375 0.228125 0.07802734375 0.05615234375
21 0.9578125 0.41484375 0.071875 0.065625
21 0.8640625 0.4171875 0.0875 0.06572265625
21 0.75703125 0.41796875 0.1046875 0.06875
21 0.63828125 0.42421875 0.0984375 0.0671875
21 0.821875 0.57109375 0.09990234375 0.0890625
21 0.71875 0.5765625 0.0998046875 0.0966796875
21 0.6078125 0.584375 0.109375 0.09990234375