21 0.19921875 0.26796875 0.040625 0.0640625
21 0.2453125 0.26796875 0.04052734375 0.0625
21 0.15625 0.2671875 0.040625 0.06552734375
21 0.2875 0.26796875 0.0375 0.0640625
21 0.1 0.31875 0.05 0.0875
21 0.3390625 0.31640625 0.0658203125 0.103125
21 0.4046875 0.328125 0.059375 0.08125
21 0.4625 0.328125 0.059375 0.08115234375
21 0.14453125 0.33203125 0.040625 0.0609375
21 0.19375 0.3328125 0.040625 0.05947265625
21 0.2359375 0.334375 0.040625 0.06240234375
21 0.27890625 0.334375 0.0453125 0.0623046875
21 0.5203125 0.33984375 0.04677734375 0.0609375
21 0.56640625 0.33984375 0.04375 0.0578125
21 0.615625 0.34140625 0.04375 0.059375
21 0.6609375 0.34140625 0.04375 0.0546875
21 0.76328125 0.42421875 0.04375 0.040625
21 0.71484375 0.42421875 0.0359375 0.040625
21 0.8078125 0.42578125 0.040625 0.0375
21 0.02421875 0.453125 0.0359375 0.0810546875
21 0.0609375 0.4546875 0.0345703125 0.08125
21 0.1 0.45546875 0.0373046875 0.0828125
21 0.17578125 0.45546875 0.040625 0.0828125
21 0.13671875 0.4578125 0.040625 0.08447265625
21 0.2125 0.4578125 0.0375 0.07822265625
21 0.5046875 0.459375 0.07177734375 0.0875
21 0.58046875 0.46015625 0.0703125 0.0890625
21 0.65859375 0.4625 0.071875 0.0875
21 0.37890625 0.4625 0.0578125 0.071875
21 0.3234375 0.4640625 0.053125 0.075
21 0.26171875 0.46484375 0.0546875 0.075
21 0.4359375 0.46484375 0.05927734375 0.071875
21 0.86796875 0.47109375 0.071875 0.0765625
21 0.94921875 0.47265625 0.0765625 0.071875
21 0.80625 0.47578125 0.04375 0.0609375
21 0.759375 0.47578125 0.04375 0.0609375
21 0.71640625 0.47734375 0.0421875 0.0625
21 0.540625 0.54921875 0.03134765625 0.025
21 0.615625 0.54921875 0.034375 0.025
21 0.5796875 0.55078125 0.03427734375 0.025
21 0.06015625 0.55390625 0.059375 0.040625
21 0.18125 0.55546875 0.0564453125 0.040625
21 0.12109375 0.55546875 0.0578125 0.04375
21 0.30859375 0.55625 0.05625 0.040625
21 0.24609375 0.5578125 0.059375 0.040625
21 0.5453125 0.58515625 0.0375 0.0328125
21 0.58203125 0.58671875 0.0359375 0.0296875
21 0.61875 0.58671875 0.034375 0.0265625
21 0.671875 0.60703125 0.06875 0.0828125
21 0.81953125 0.60703125 0.0671875 0.084375
21 0.74609375 0.60703125 0.0671875 0.0796875
21 0.11875 0.609375 0.0623046875 0.0626953125
21 0.8921875 0.6109375 0.05947265625 0.08427734375
21 0.1875 0.609375 0.06240234375 0.06240234375
21 0.0515625 0.6109375 0.06552734375 0.065625
21 0.25 0.6109375 0.0501953125 0.0591796875
21 0.37109375 0.61328125 0.0609375 0.0640625
21 0.49375 0.61328125 0.05625 0.0640625
21 0.30859375 0.6140625 0.0578125 0.06552734375
21 0.43359375 0.6140625 0.053125 0.06552734375
21 0.5453125 0.62734375 0.03447265625 0.034375
21 0.58515625 0.62890625 0.034375 0.034375
21 0.61875 0.6296875 0.03740234375 0.034375