21 0.50859375 0.23828125 0.0515625 0.0765625
21 0.56640625 0.240625 0.0484375 0.075
21 0.68359375 0.2390625 0.059375 0.0875
21 0.6203125 0.24140625 0.04697265625 0.075
21 0.75390625 0.24296875 0.059375 0.0875
21 0.4046875 0.24296875 0.040625 0.0546875
21 0.4546875 0.24609375 0.04375 0.0515625
21 0.81953125 0.24765625 0.0546875 0.0875
21 0.884375 0.2515625 0.05615234375 0.084375
21 0.94921875 0.2546875 0.059375 0.08427734375
21 0.09765625 0.34140625 0.0828125 0.084375
21 0.1890625 0.34140625 0.084375 0.084375
21 0.28125 0.3453125 0.0814453125 0.0845703125
21 0.37109375 0.34765625 0.084375 0.0859375
21 0.46640625 0.3640625 0.08125 0.05927734375
21 0.8640625 0.365625 0.06552734375 0.08134765625
21 0.9375 0.36796875 0.06865234375 0.0828125
21 0.5421875 0.3703125 0.05302734375 0.053125
21 0.6859375 0.37109375 0.08447265625 0.059375
21 0.60234375 0.37109375 0.0515625 0.0546875
21 0.75234375 0.37890625 0.040625 0.05
21 0.803125 0.3796875 0.04384765625 0.05302734375