21 0.6875 0.2171875 0.04375 0.10302734375
21 0.7953125 0.2171875 0.04697265625 0.1
21 0.74140625 0.2171875 0.04375 0.1
21 0.74375 0.36640625 0.0810546875 0.0953125
21 0.82421875 0.3734375 0.0671875 0.09052734375
21 0.4078125 0.3765625 0.06875 0.075
21 0.48046875 0.37734375 0.0671875 0.0734375
21 0.134375 0.3796875 0.04990234375 0.06572265625
21 0.25 0.3796875 0.053125 0.06875
21 0.19140625 0.3796875 0.0515625 0.06875
21 0.65625 0.38203125 0.075 0.0671875
21 0.5625 0.38359375 0.0751953125 0.065625
21 0.30390625 0.39453125 0.04375 0.040625
21 0.35 0.39453125 0.040625 0.040625
21 0.7171875 0.51796875 0.04375 0.065625
21 0.66796875 0.51796875 0.0390625 0.065625
21 0.7671875 0.51953125 0.04375 0.0640625