21 0.071875 0.1203125 0.0875 0.09677734375
21 0.16328125 0.1203125 0.0828125 0.09677734375
21 0.24140625 0.134375 0.0609375 0.0689453125
21 0.31953125 0.134375 0.071875 0.06884765625
21 0.4 0.1390625 0.06865234375 0.06875
21 0.47265625 0.1390625 0.0671875 0.06875
21 0.86796875 0.15859375 0.0546875 0.040625
21 0.93359375 0.1625 0.0609375 0.04365234375
21 0.33671875 0.271875 0.1078125 0.08134765625
21 0.11171875 0.2765625 0.1171875 0.07177734375
21 0.22578125 0.2796875 0.1078125 0.07177734375
21 0.5625 0.28515625 0.0998046875 0.071875
21 0.68046875 0.28984375 0.1 0.0703125
21 0.225 0.4328125 0.1 0.09677734375
21 0.1234375 0.43359375 0.09697265625 0.09375