21 0.1875 0.890625 0.0560546875 0.046875
21 0.38671875 0.89296875 0.0609375 0.0421875
21 0.321875 0.89296875 0.05615234375 0.0421875
21 0.25703125 0.89296875 0.0609375 0.0390625
21 0.3125 0.28828125 0.059375 0.1125
21 0.37109375 0.296875 0.0453125 0.09365234375
21 0.46484375 0.31015625 0.04375 0.0671875
21 0.4203125 0.3109375 0.04052734375 0.06552734375
21 0.7359375 0.47578125 0.04375 0.059375
21 0.33203125 0.4796875 0.0453125 0.059375
21 0.23671875 0.48203125 0.0453125 0.05625
21 0.18984375 0.48203125 0.0453125 0.05625
21 0.2828125 0.48046875 0.04375 0.05625
21 0.14453125 0.49296875 0.04375 0.0359375
21 0.4 0.615625 0.06884765625 0.08125
21 0.31875 0.61640625 0.071875 0.078125
21 0.259375 0.63359375 0.04365234375 0.0515625
21 0.1671875 0.63359375 0.04375 0.0484375
21 0.2125 0.63359375 0.04375 0.0515625
21 0.30859375 0.759375 0.0515625 0.065625
21 0.25 0.76328125 0.05634765625 0.05625
21 0.1890625 0.7671875 0.059375 0.05625