21 0.0671875 0.2234375 0.065625 0.1283203125
21 0.30859375 0.2296875 0.0515625 0.1125
21 0.1890625 0.2296875 0.053125 0.10927734375
21 0.88828125 0.2296875 0.0453125 0.07802734375
21 0.834375 0.23046875 0.04375 0.08125
21 0.25 0.23203125 0.053125 0.109375
21 0.13125 0.2328125 0.05009765625 0.10322265625
21 0.77734375 0.234375 0.0453125 0.07509765625
21 0.47578125 0.428125 0.053125 0.071875
21 0.64296875 0.4234375 0.0515625 0.0716796875
21 0.5875 0.4234375 0.05009765625 0.07197265625
21 0.5328125 0.42578125 0.05322265625 0.0734375
21 0.79296875 0.43125 0.0453125 0.04384765625
21 0.69375 0.43359375 0.04375 0.0453125
21 0.74609375 0.43125 0.0453125 0.040625
21 0.35234375 0.5640625 0.0765625 0.103125
21 0.2703125 0.5640625 0.0845703125 0.1033203125
21 0.4390625 0.56640625 0.0783203125 0.1015625
21 0.18515625 0.56953125 0.0875 0.09375
21 0.5140625 0.57578125 0.059375 0.0796875
21 0.5796875 0.5765625 0.0595703125 0.08125
21 0.8375 0.5765625 0.06240234375 0.07802734375
21 0.69453125 0.578125 0.065625 0.075
21 0.765625 0.5796875 0.06259765625 0.071875
21 0.634375 0.584375 0.046875 0.059375