21 0.259375 0.69921875 0.06240234375 0.0546875
21 0.32578125 0.69921875 0.0546875 0.0546875
21 0.521875 0.69921875 0.06240234375 0.0609375
21 0.3953125 0.70078125 0.06875 0.05625
21 0.18515625 0.7046875 0.0703125 0.04697265625
21 0.4578125 0.70546875 0.0529296875 0.053125
21 0.490625 0.8125 0.040625 0.025
21 0.57109375 0.8140625 0.03125 0.025
21 0.5328125 0.8140625 0.0283203125 0.025
21 0.57109375 0.85703125 0.0390625 0.025
21 0.53125 0.8578125 0.03115234375 0.02822265625
21 0.49140625 0.8609375 0.0359375 0.034375
21 0.6140625 0.896875 0.059375 0.059375
21 0.68125 0.89921875 0.06240234375 0.059375
21 0.7515625 0.9 0.0625 0.059375
21 0.48828125 0.90859375 0.03125 0.0296875
21 0.5296875 0.90859375 0.034375 0.0296875
21 0.5671875 0.90859375 0.03125 0.0296875
21 0.0765625 0.41796875 0.04052734375 0.0828125
21 0.2328125 0.42421875 0.05302734375 0.0765625
21 0.29296875 0.42578125 0.05625 0.0765625
21 0.47734375 0.42578125 0.053125 0.0765625
21 0.5359375 0.42578125 0.059375 0.0765625
21 0.353125 0.42578125 0.05009765625 0.078125
21 0.59609375 0.42578125 0.0515625 0.078125
21 0.41328125 0.4265625 0.053125 0.078125
21 0.17890625 0.4328125 0.0328125 0.05625
21 0.1296875 0.43515625 0.0375 0.0609375
21 0.3921875 0.553125 0.075 0.08759765625
21 0.47734375 0.55625 0.071875 0.08115234375
21 0.55546875 0.5578125 0.078125 0.07822265625
21 0.13828125 0.55859375 0.0515625 0.071875
21 0.1984375 0.56015625 0.05302734375 0.071875
21 0.08203125 0.5609375 0.0515625 0.06875
21 0.25 0.56953125 0.040625 0.0546875