21 0.17578125 0.24296875 0.1078125 0.0640625
21 0.05390625 0.24140625 0.10625 0.0671875
21 0.29921875 0.24375 0.1109375 0.06875
21 0.428125 0.24609375 0.11240234375 0.0671875
21 0.5484375 0.2484375 0.10625 0.06572265625
21 0.66484375 0.25 0.1078125 0.065625
21 0.7875 0.25 0.1126953125 0.0626953125
21 0.9109375 0.25234375 0.10947265625 0.0609375
21 0.4484375 0.396875 0.05322265625 0.03115234375
21 0.12109375 0.40859375 0.0828125 0.08125
21 0.21015625 0.41015625 0.0765625 0.08125
21 0.6046875 0.4109375 0.08125 0.0783203125
21 0.5203125 0.4125 0.07802734375 0.08115234375
21 0.2921875 0.41953125 0.07177734375 0.05625
21 0.36875 0.4203125 0.06259765625 0.05927734375
21 0.6859375 0.4234375 0.065625 0.059375
21 0.43984375 0.43359375 0.0578125 0.0328125
21 0.23046875 0.58046875 0.11875 0.0953125
21 0.08984375 0.584375 0.115625 0.090625
21 0.3546875 0.5875 0.11875 0.075
21 0.4796875 0.5890625 0.11552734375 0.071875
21 0.83515625 0.58984375 0.1078125 0.0671875
21 0.6 0.59375 0.1064453125 0.065625
21 0.94609375 0.59375 0.103125 0.0623046875
21 0.71875 0.59140625 0.11240234375 0.0671875
21 0.18359375 0.0625 0.11875 0.065625
21 0.3125 0.0625 0.11875 0.071875
21 0.0625 0.0609375 0.11259765625 0.06552734375
21 0.4375 0.06484375 0.11875 0.0625
21 0.5625 0.06953125 0.1125 0.0625
21 0.68359375 0.06875 0.1078125 0.06259765625
21 0.93125 0.071875 0.115625 0.06259765625
21 0.80390625 0.06875 0.1109375 0.06865234375
21 0.928125 0.74296875 0.07509765625 0.1015625
21 0.83984375 0.74296875 0.078125 0.1015625
21 0.7484375 0.74375 0.07802734375 0.103125
21 0.6578125 0.74375 0.07802734375 0.10009765625
21 0.58046875 0.765625 0.05625 0.06240234375
21 0.4546875 0.765625 0.05625 0.06240234375
21 0.51796875 0.7671875 0.05625 0.0595703125
21 0.17578125 0.7671875 0.1015625 0.075
21 0.32421875 0.76953125 0.05625 0.0609375
21 0.3890625 0.76953125 0.05322265625 0.059375
21 0.2609375 0.7703125 0.05302734375 0.05947265625
21 0.05625 0.771875 0.10625 0.07490234375