21 0.5453125 0.290625 0.07802734375 0.08134765625
21 0.29296875 0.2921875 0.06875 0.0875
21 0.38125 0.29296875 0.0751953125 0.084375
21 0.22265625 0.2984375 0.075 0.0875
21 0.4640625 0.2984375 0.07197265625 0.075
21 0.14453125 0.2984375 0.078125 0.08447265625
21 0.46640625 0.4546875 0.0546875 0.078125
21 0.40625 0.45546875 0.053125 0.078125
21 0.34765625 0.45546875 0.05625 0.0765625
21 0.2859375 0.4578125 0.05322265625 0.07802734375
21 0.2296875 0.459375 0.053125 0.075
21 0.1703125 0.46015625 0.059375 0.075
21 0.27265625 0.53828125 0.0265625 0.0234375
21 0.30625 0.53984375 0.025 0.0234375
21 0.33984375 0.53984375 0.03125 0.0234375
21 0.23671875 0.53984375 0.0265625 0.021875
21 0.225 0.578125 0.034375 0.03115234375
21 0.33515625 0.578125 0.0359375 0.03115234375
21 0.2984375 0.5796875 0.03447265625 0.02822265625
21 0.26171875 0.5796875 0.0328125 0.028125
21 0.4 0.61171875 0.040625 0.0546875
21 0.44453125 0.61171875 0.0421875 0.0546875
21 0.49296875 0.6109375 0.0421875 0.05625
21 0.23828125 0.62109375 0.0359375 0.0359375
21 0.19921875 0.62265625 0.0359375 0.0359375
21 0.27734375 0.62265625 0.0375 0.0375
21 0.3140625 0.62265625 0.03427734375 0.0359375