21 0.66484375 0.36171875 0.0703125 0.115625
21 0.58984375 0.36171875 0.0671875 0.1171875
21 0.4546875 0.3734375 0.05927734375 0.09677734375
21 0.5203125 0.3734375 0.05625 0.09072265625
21 0.9578125 0.37890625 0.05625 0.06875
21 0.3109375 0.3796875 0.10302734375 0.08447265625
21 0.9 0.38125 0.0625 0.075
21 0.84140625 0.38359375 0.0421875 0.0640625
21 0.79921875 0.384375 0.0390625 0.06259765625
21 0.39296875 0.38671875 0.0515625 0.071875
21 0.2046875 0.55546875 0.103125 0.1046875
21 0.103125 0.5671875 0.09990234375 0.09052734375