21 0.2859375 0.2546875 0.059375 0.0908203125
21 0.225 0.2546875 0.05634765625 0.09072265625
21 0.34609375 0.25625 0.0546875 0.090625
21 0.4515625 0.265625 0.0529296875 0.071875
21 0.4 0.265625 0.04384765625 0.06884765625
21 0.54453125 0.275 0.0375 0.05625
21 0.5015625 0.2765625 0.040625 0.05322265625
21 0.58203125 0.28359375 0.0328125 0.0328125
21 0.61640625 0.28359375 0.034375 0.0359375
21 0.36171875 0.37734375 0.0625 0.071875
21 0.2953125 0.3765625 0.0625 0.07177734375
21 0.228125 0.37890625 0.06240234375 0.071875
21 0.41796875 0.3890625 0.046875 0.05322265625
21 0.73671875 0.47734375 0.0359375 0.0453125
21 0.6984375 0.47578125 0.03447265625 0.0453125
21 0.3015625 0.51171875 0.0595703125 0.0765625
21 0.2359375 0.51328125 0.065625 0.0765625
21 0.3640625 0.51328125 0.05947265625 0.0765625
21 0.49296875 0.5171875 0.059375 0.07177734375
21 0.43046875 0.51796875 0.059375 0.06875
21 0.55546875 0.51796875 0.059375 0.071875
21 0.73828125 0.5296875 0.0359375 0.04697265625
21 0.609375 0.52734375 0.04375 0.0515625
21 0.6984375 0.53125 0.034375 0.05
21 0.6578125 0.52890625 0.05 0.05625
21 0.47265625 0.87734375 0.0515625 0.075
21 0.25390625 0.87734375 0.05 0.075
21 0.3078125 0.87734375 0.05322265625 0.0765625
21 0.36328125 0.87734375 0.0546875 0.0765625
21 0.41796875 0.87734375 0.053125 0.0734375
21 0.6 0.88359375 0.059375 0.0703125
21 0.725 0.884375 0.059375 0.065625
21 0.6625 0.88671875 0.059375 0.0609375
21 0.51796875 0.89453125 0.0359375 0.0453125
21 0.55390625 0.89453125 0.028125 0.04375