21 0.1625 0.91796875 0.071875 0.0703125
21 0.31640625 0.91484375 0.071875 0.0734375
21 0.3953125 0.915625 0.07177734375 0.084375
21 0.81953125 0.91796875 0.0671875 0.065625
21 0.47265625 0.91796875 0.075 0.0796875
21 0.2359375 0.91953125 0.0716796875 0.06875
21 0.64921875 0.9234375 0.0703125 0.0658203125
21 0.7296875 0.92578125 0.07177734375 0.0671875
21 0.55859375 0.92578125 0.071875 0.06875
21 0.75234375 0.490625 0.0421875 0.03740234375
21 0.80078125 0.49140625 0.0390625 0.0390625
21 0.8421875 0.49140625 0.04375 0.0359375
21 0.1984375 0.4953125 0.075 0.103125
21 0.34765625 0.49609375 0.0734375 0.103125
21 0.271875 0.49765625 0.07490234375 0.103125
21 0.4203125 0.509375 0.059375 0.084375
21 0.5453125 0.5109375 0.059375 0.084375
21 0.48203125 0.5109375 0.059375 0.08447265625
21 0.60703125 0.521875 0.046875 0.059375
21 0.65390625 0.521875 0.046875 0.0623046875
21 0.7078125 0.52265625 0.046875 0.0609375
21 0.8453125 0.53125 0.03447265625 0.0375
21 0.75859375 0.5328125 0.040625 0.040625
21 0.803125 0.53359375 0.03740234375 0.0359375
21 0.66328125 0.634375 0.071875 0.05615234375
21 0.584375 0.63828125 0.075 0.0578125
21 0.43359375 0.696875 0.08125 0.090625
21 0.515625 0.6984375 0.08134765625 0.090625
21 0.34765625 0.6984375 0.08125 0.084375
21 0.26171875 0.6984375 0.0875 0.0875
21 0.1734375 0.69921875 0.08447265625 0.090625
21 0.7703125 0.7015625 0.07822265625 0.078125
21 0.6921875 0.703125 0.07822265625 0.084375
21 0.6 0.7078125 0.078125 0.071875
21 0.8453125 0.71015625 0.05625 0.0703125