21 0.7234375 0.2921875 0.0841796875 0.0908203125
21 0.20078125 0.29296875 0.059375 0.0796875
21 0.26328125 0.29296875 0.05625 0.0828125
21 0.640625 0.3015625 0.0751953125 0.0779296875
21 0.80625 0.303125 0.06884765625 0.08115234375
21 0.8859375 0.30390625 0.075 0.0765625
21 0.321875 0.30546875 0.04990234375 0.05625
21 0.37109375 0.30625 0.0453125 0.05625
21 0.4671875 0.3078125 0.04677734375 0.059375
21 0.571875 0.3078125 0.05009765625 0.05947265625
21 0.51953125 0.3078125 0.0515625 0.05947265625
21 0.41796875 0.3171875 0.040625 0.03427734375