21 0.0453125 0.421875 0.090625 0.05009765625
21 0.14765625 0.42421875 0.1046875 0.053125
21 0.23203125 0.428125 0.0625 0.04375
21 0.2921875 0.42890625 0.05322265625 0.04375
21 0.79921875 0.4359375 0.0578125 0.04697265625
21 0.7234375 0.4390625 0.046875 0.040625
21 0.634375 0.4421875 0.03125 0.021875
21 0.67578125 0.44375 0.0359375 0.0248046875
21 0.19921875 0.50703125 0.0984375 0.0515625
21 0.29453125 0.50859375 0.090625 0.0484375
21 0.3890625 0.509375 0.0875 0.046875
21 0.63203125 0.51171875 0.0390625 0.04375
21 0.68046875 0.51171875 0.0390625 0.040625
21 0.265625 0.59765625 0.08134765625 0.071875
21 0.55546875 0.60234375 0.0640625 0.0546875
21 0.484375 0.603125 0.06884765625 0.053125
21 0.3421875 0.6046875 0.0625 0.0529296875
21 0.4125 0.6046875 0.0623046875 0.053125