21 0.790625 0.10234375 0.07490234375 0.0984375
21 0.41484375 0.1046875 0.0671875 0.12177734375
21 0.4890625 0.1046875 0.059375 0.1091796875
21 0.8703125 0.1046875 0.078125 0.090625
21 0.946875 0.109375 0.06875 0.07509765625
21 0.3375 0.11875 0.08115234375 0.0875
21 0.625 0.11796875 0.06240234375 0.075
21 0.25703125 0.1203125 0.075 0.090625
21 0.55859375 0.12109375 0.0609375 0.0734375
21 0.72109375 0.1234375 0.04375 0.05625
21 0.67578125 0.125 0.0375 0.05634765625
21 0.17890625 0.12734375 0.071875 0.0828125
21 0.103125 0.13125 0.065625 0.0814453125
21 0.525 0.25625 0.034375 0.0310546875
21 0.4859375 0.25859375 0.03447265625 0.03125
21 0.4390625 0.259375 0.0341796875 0.0314453125
21 0.90625 0.2609375 0.07509765625 0.09697265625
21 0.4015625 0.2609375 0.034375 0.0341796875
21 0.8234375 0.26328125 0.075 0.0953125
21 0.2484375 0.275 0.0625 0.10634765625
21 0.18125 0.27890625 0.0623046875 0.1015625
21 0.11640625 0.2796875 0.0609375 0.10302734375
21 0.76328125 0.2828125 0.0359375 0.06552734375
21 0.7203125 0.28359375 0.0375 0.0640625
21 0.31015625 0.28359375 0.053125 0.084375
21 0.36328125 0.29296875 0.0421875 0.0609375
21 0.48828125 0.3015625 0.0359375 0.0375
21 0.52890625 0.303125 0.0296875 0.03134765625
21 0.446875 0.303125 0.0375 0.03740234375
21 0.40390625 0.30390625 0.0359375 0.0375