21 0.0921875 0.06640625 0.103125 0.11875
21 0.2015625 0.06640625 0.10322265625 0.1234375
21 0.3125 0.06640625 0.10615234375 0.1203125
21 0.41796875 0.06875 0.1 0.121875
21 0.5296875 0.071875 0.09697265625 0.11865234375
21 0.63359375 0.07421875 0.1 0.1078125
21 0.74296875 0.078125 0.1015625 0.103125
21 0.85703125 0.078125 0.1015625 0.103125
21 0.703125 0.228125 0.071875 0.0751953125
21 0.62734375 0.23203125 0.065625 0.06875
21 0.77890625 0.24140625 0.0609375 0.05
21 0.0953125 0.3484375 0.03125 0.08427734375
21 0.14765625 0.35 0.053125 0.08115234375
21 0.20546875 0.35078125 0.046875 0.08125
21 0.31640625 0.35078125 0.0515625 0.0828125
21 0.259375 0.35234375 0.0498046875 0.0828125
21 0.459375 0.36171875 0.040625 0.0640625
21 0.7046875 0.365625 0.04072265625 0.06240234375
21 0.75625 0.365625 0.05 0.06240234375
21 0.5015625 0.37265625 0.0375 0.0453125
21 0.54296875 0.3734375 0.0328125 0.04375
21 0.84765625 0.3765625 0.0375 0.04375
21 0.8015625 0.37734375 0.0375 0.040625
21 0.8890625 0.3859375 0.034375 0.02197265625
21 0.921875 0.38671875 0.0248046875 0.0203125
21 0.36796875 0.47734375 0.053125 0.0765625
21 0.49140625 0.47734375 0.0515625 0.0796875
21 0.43125 0.47734375 0.05009765625 0.0765625
21 0.5515625 0.478125 0.053125 0.0751953125
21 0.6140625 0.4796875 0.0595703125 0.078125
21 0.67421875 0.4890625 0.0484375 0.05927734375
21 0.72578125 0.4890625 0.0515625 0.05947265625
21 0.78125 0.490625 0.04990234375 0.06240234375
21 0.8296875 0.49765625 0.0375 0.04375
21 0.87265625 0.5 0.0359375 0.0439453125
21 0.91796875 0.50234375 0.0375 0.040625
21 0.69921875 0.60234375 0.0640625 0.0703125
21 0.76796875 0.603125 0.0640625 0.06865234375
21 0.8390625 0.61328125 0.0529296875 0.0515625