21 0.49296875 0.6296875 0.0734375 0.14072265625
21 0.57109375 0.62734375 0.075 0.14375
21 0.6453125 0.6421875 0.0625 0.12822265625
21 0.1109375 0.6453125 0.07197265625 0.11552734375
21 0.5328125 0.078125 0.040625 0.15625
21 0.58515625 0.0796875 0.04375 0.159375
21 0.10546875 0.8421875 0.0484375 0.1625
21 0.26328125 0.8609375 0.0515625 0.13427734375
21 0.321875 0.86171875 0.053125 0.1234375
21 0.37734375 0.86171875 0.0515625 0.1265625
21 0.21171875 0.87734375 0.0421875 0.0984375
21 0.16484375 0.87734375 0.0453125 0.096875
21 0.43125 0.89453125 0.03740234375 0.059375
21 0.4734375 0.8953125 0.0404296875 0.0595703125
21 0.36640625 0.0984375 0.0375 0.11875
21 0.321875 0.1 0.03759765625 0.12490234375