21 0.19375 0.3921875 0.0439453125 0.059375
21 0.1421875 0.39296875 0.05302734375 0.053125
21 0.084375 0.39453125 0.04990234375 0.0546875
21 0.26171875 0.4421875 0.103125 0.09052734375
21 0.36796875 0.4421875 0.1015625 0.090625
21 0.48046875 0.446875 0.0984375 0.07509765625
21 0.834375 0.446875 0.08134765625 0.08115234375
21 0.17890625 0.453125 0.05625 0.059375
21 0.1265625 0.453125 0.05625 0.0623046875
21 0.0640625 0.453125 0.05302734375 0.06259765625
21 0.5640625 0.45546875 0.0625 0.059375
21 0.69140625 0.45703125 0.0625 0.05625
21 0.75625 0.4578125 0.065625 0.059375
21 0.9109375 0.4578125 0.05625 0.05625
21 0.62890625 0.4578125 0.0609375 0.05927734375
21 0.9734375 0.4703125 0.053125 0.0375
21 0.390625 0.59140625 0.09365234375 0.103125
21 0.2015625 0.59140625 0.0970703125 0.103125
21 0.296875 0.59140625 0.09990234375 0.103125
21 0.10703125 0.5921875 0.0921875 0.1
21 0.92578125 0.6 0.109375 0.0875
21 0.81953125 0.60078125 0.0984375 0.0890625
21 0.47265625 0.60703125 0.0765625 0.06875
21 0.55625 0.60703125 0.07509765625 0.06875
21 0.6390625 0.6078125 0.071875 0.06572265625
21 0.72578125 0.6109375 0.0734375 0.06572265625
21 0.171875 0.74296875 0.0875 0.0890625
21 0.3453125 0.74296875 0.08447265625 0.0953125
21 0.259375 0.74296875 0.0876953125 0.0921875
21 0.08515625 0.74296875 0.0828125 0.090625
21 0.50234375 0.7546875 0.06875 0.0716796875
21 0.5734375 0.7546875 0.078125 0.07177734375
21 0.4265625 0.75625 0.071875 0.071875