21 0.6140625 0.2640625 0.05927734375 0.04697265625
21 0.49296875 0.2640625 0.046875 0.04697265625
21 0.5515625 0.2640625 0.05302734375 0.04697265625
21 0.8140625 0.27890625 0.0375 0.0234375
21 0.8578125 0.2796875 0.0283203125 0.025
21 0.9359375 0.2796875 0.02822265625 0.021875
21 0.89921875 0.2796875 0.0296875 0.02197265625
21 0.6734375 0.28515625 0.0345703125 0.0390625
21 0.71875 0.28515625 0.040625 0.040625
21 0.7671875 0.2859375 0.03447265625 0.0375
21 0.83203125 0.30546875 0.0359375 0.0234375
21 0.921875 0.30546875 0.03740234375 0.021875
21 0.8734375 0.30625 0.0345703125 0.0248046875
21 0.9640625 0.30625 0.0341796875 0.0248046875
21 0.35 0.3125 0.06884765625 0.0875
21 0.4265625 0.3125 0.07177734375 0.0875
21 0.49765625 0.321875 0.0578125 0.0623046875
21 0.6296875 0.321875 0.05927734375 0.0625
21 0.56484375 0.3234375 0.0625 0.0625
21 0.23828125 0.3296875 0.04375 0.05302734375
21 0.2875 0.3296875 0.0375 0.0529296875
21 0.790625 0.33046875 0.040625 0.0484375
21 0.68984375 0.33203125 0.04375 0.0484375
21 0.740625 0.33203125 0.0439453125 0.05
21 0.83203125 0.3390625 0.0296875 0.02822265625
21 0.875 0.3390625 0.0373046875 0.0283203125
21 0.9578125 0.34140625 0.0375 0.028125
21 0.91796875 0.33984375 0.0390625 0.0296875
21 0.8390625 0.3953125 0.0345703125 0.0408203125
21 0.88203125 0.3953125 0.0359375 0.040625
21 0.9265625 0.3953125 0.0345703125 0.040625
21 0.47109375 0.42890625 0.08125 0.071875
21 0.3890625 0.42890625 0.08427734375 0.071875
21 0.078125 0.43125 0.075 0.06865234375
21 0.16328125 0.43125 0.08125 0.06875
21 0.63671875 0.4328125 0.0765625 0.05927734375
21 0.55546875 0.43515625 0.071875 0.0609375
21 0.7125 0.4375 0.059375 0.05
21 0.31015625 0.4390625 0.071875 0.05625
21 0.23671875 0.4390625 0.0703125 0.05625
21 0.790625 0.43984375 0.078125 0.0515625
21 0.90234375 0.43984375 0.0390625 0.0421875
21 0.9484375 0.44140625 0.03447265625 0.0453125
21 0.85546875 0.4421875 0.0359375 0.04677734375
21 0.5015625 0.77265625 0.065625 0.0515625
21 0.56875 0.77265625 0.0685546875 0.0484375
21 0.13671875 0.77265625 0.071875 0.05625
21 0.2125 0.775 0.0685546875 0.05625
21 0.359375 0.7765625 0.071875 0.05322265625
21 0.43125 0.77890625 0.06875 0.040625
21 0.2859375 0.7796875 0.071875 0.053125