21 0.64765625 0.08984375 0.1140625 0.11875
21 0.75 0.12109375 0.07490234375 0.0609375
21 0.83046875 0.12109375 0.0765625 0.0609375
21 0.9203125 0.2453125 0.034375 0.046875
21 0.87734375 0.2453125 0.034375 0.04697265625
21 0.96640625 0.24609375 0.0390625 0.0453125
21 0.22734375 0.2640625 0.0515625 0.0875
21 0.28828125 0.2640625 0.0546875 0.0875
21 0.1 0.2640625 0.05009765625 0.08447265625
21 0.16328125 0.265625 0.059375 0.0875
21 0.0375 0.265625 0.059375 0.084375
21 0.41484375 0.265625 0.0546875 0.09365234375
21 0.353125 0.2671875 0.05615234375 0.090625
21 0.8296875 0.27734375 0.04072265625 0.06875
21 0.78359375 0.27890625 0.0359375 0.0703125
21 0.8765625 0.2921875 0.03447265625 0.04052734375
21 0.91953125 0.29296875 0.040625 0.040625
21 0.96484375 0.29296875 0.0453125 0.0390625
21 0.8265625 0.41484375 0.0341796875 0.0328125
21 0.9078125 0.41484375 0.034375 0.034375
21 0.86875 0.415625 0.03740234375 0.03134765625
21 0.94921875 0.4171875 0.0359375 0.0345703125
21 0.37109375 0.42421875 0.0515625 0.0578125
21 0.31015625 0.42421875 0.0515625 0.05625
21 0.42890625 0.42578125 0.0515625 0.059375
21 0.4859375 0.42578125 0.05302734375 0.0609375
21 0.54296875 0.4265625 0.0484375 0.05947265625
21 0.64453125 0.4359375 0.0375 0.04052734375
21 0.59375 0.4375 0.040625 0.0375
21 0.69140625 0.4375 0.040625 0.0375
21 0.7390625 0.4375 0.04375 0.0375
21 0.7859375 0.4390625 0.0375 0.04052734375
21 0.74140625 0.53515625 0.0515625 0.05625
21 0.68359375 0.5359375 0.05 0.05625
21 0.79921875 0.5359375 0.0546875 0.059375
21 0.33671875 0.53828125 0.0640625 0.040625
21 0.259375 0.53828125 0.07490234375 0.0453125
21 0.41484375 0.53984375 0.065625 0.04375
21 0.48828125 0.53984375 0.0609375 0.04375
21 0.89765625 0.5453125 0.040625 0.0375
21 0.85234375 0.5484375 0.0359375 0.040625
21 0.94921875 0.5484375 0.046875 0.04052734375
21 0.1453125 0.678125 0.05625 0.071875
21 0.0796875 0.67578125 0.05947265625 0.0734375
21 0.21171875 0.678125 0.053125 0.0689453125
21 0.58984375 0.6859375 0.071875 0.06572265625
21 0.6703125 0.6890625 0.0658203125 0.0658203125
21 0.8328125 0.696875 0.06572265625 0.0875
21 0.91484375 0.696875 0.075 0.08740234375
21 0.75 0.69921875 0.07509765625 0.084375