21 0.6984375 0.88671875 0.0533203125 0.034375
21 0.578125 0.88828125 0.046875 0.0375
21 0.63828125 0.88828125 0.0515625 0.034375
21 0.05390625 0.90859375 0.071875 0.071875
21 0.134375 0.91015625 0.078125 0.071875
21 0.47578125 0.9109375 0.08125 0.07802734375
21 0.2203125 0.9109375 0.078125 0.071875
21 0.30078125 0.91328125 0.075 0.0703125
21 0.384375 0.91328125 0.07509765625 0.071875
21 0.546875 0.9328125 0.04990234375 0.0375
21 0.59765625 0.9328125 0.0453125 0.0345703125
21 0.71875 0.93359375 0.05625 0.0359375
21 0.6546875 0.93359375 0.0529296875 0.0375
21 0.490625 0.68984375 0.0875 0.1015625
21 0.59375 0.69140625 0.09384765625 0.0828125
21 0.8171875 0.69609375 0.10625 0.0921875
21 0.928125 0.69609375 0.103125 0.0875
21 0.70546875 0.69609375 0.1078125 0.0875
21 0.41015625 0.69921875 0.075 0.075
21 0.334375 0.70078125 0.06875 0.0765625
21 0.25703125 0.709375 0.0671875 0.05625
21 0.18984375 0.71171875 0.05625 0.059375
21 0.0671875 0.71171875 0.05947265625 0.059375
21 0.1296875 0.71171875 0.05625 0.059375