21 0.18125 0.24296875 0.05009765625 0.0515625
21 0.24140625 0.24296875 0.0515625 0.0515625
21 0.30390625 0.24375 0.0546875 0.04990234375
21 0.3640625 0.2453125 0.05322265625 0.05
21 0.42890625 0.24765625 0.059375 0.05
21 0.48828125 0.24765625 0.0578125 0.0515625
21 0.5484375 0.24765625 0.05302734375 0.0515625
21 0.7046875 0.25625 0.04677734375 0.0375
21 0.60078125 0.25625 0.0390625 0.03740234375
21 0.65234375 0.25625 0.046875 0.03740234375
21 0.75625 0.25703125 0.04365234375 0.0359375
21 0.80546875 0.25859375 0.0515625 0.0375
21 0.3234375 0.34609375 0.03447265625 0.0515625
21 0.3609375 0.34609375 0.02822265625 0.0484375
21 0.4421875 0.34765625 0.040625 0.053125
21 0.40234375 0.34765625 0.040625 0.053125
21 0.4828125 0.35 0.028125 0.0560546875
21 0.51796875 0.35 0.03125 0.053125
21 0.18984375 0.35078125 0.0453125 0.0390625
21 0.55625 0.35078125 0.03759765625 0.0546875
21 0.5984375 0.35078125 0.03125 0.053125
21 0.6734375 0.35078125 0.0345703125 0.053125
21 0.6359375 0.35078125 0.03125 0.053125
21 0.2359375 0.35234375 0.03447265625 0.0359375
21 0.7140625 0.35234375 0.04072265625 0.0546875
21 0.2828125 0.353125 0.04052734375 0.03740234375
21 0.21171875 0.43046875 0.0640625 0.040625
21 0.2828125 0.43515625 0.06572265625 0.0375
21 0.3640625 0.4359375 0.0658203125 0.0404296875
21 0.4484375 0.4375 0.075 0.03759765625
21 0.50859375 0.43984375 0.0359375 0.0390625
21 0.55078125 0.44140625 0.0359375 0.0390625
21 0.58984375 0.44140625 0.040625 0.0375
21 0.6359375 0.4421875 0.04052734375 0.0375
21 0.5140625 0.484375 0.07197265625 0.03115234375
21 0.5875 0.484375 0.071875 0.03115234375
21 0.665625 0.4859375 0.071875 0.028125
21 0.74296875 0.48828125 0.0703125 0.0296875
21 0.82578125 0.490625 0.0765625 0.028125
21 0.2765625 0.50703125 0.07177734375 0.0515625
21 0.19609375 0.50703125 0.075 0.0515625
21 0.3546875 0.5109375 0.07197265625 0.05302734375
21 0.43125 0.51171875 0.06865234375 0.0546875
21 0.50703125 0.51953125 0.075 0.0421875
21 0.5921875 0.521875 0.07197265625 0.03759765625
21 0.74296875 0.525 0.0703125 0.04365234375
21 0.665625 0.525 0.07509765625 0.03759765625
21 0.82421875 0.5265625 0.071875 0.04072265625
21 0.1671875 0.5734375 0.0375 0.0216796875
21 0.20546875 0.57578125 0.028125 0.0203125
21 0.25 0.5953125 0.05625 0.0375
21 0.3109375 0.59609375 0.05322265625 0.0359375
21 0.37109375 0.59765625 0.0578125 0.0390625
21 0.1625 0.6 0.03134765625 0.01865234375
21 0.4359375 0.6 0.05625 0.0375
21 0.19921875 0.60078125 0.0328125 0.0203125
21 0.5046875 0.60078125 0.05947265625 0.0390625
21 0.5671875 0.603125 0.0591796875 0.0373046875
21 0.6359375 0.60546875 0.0625 0.0359375