21 0.8890625 0.1109375 0.075 0.090625
21 0.79296875 0.1109375 0.0796875 0.09697265625
21 0.6921875 0.11328125 0.08125 0.0921875
21 0.5984375 0.11640625 0.07822265625 0.09375
21 0.50390625 0.11796875 0.0796875 0.0921875
21 0.41015625 0.12109375 0.0765625 0.0921875
21 0.3171875 0.12265625 0.07802734375 0.090625
21 0.2296875 0.125 0.0658203125 0.090625
21 0.140625 0.1265625 0.078125 0.09072265625
21 0.8703125 0.3265625 0.09375 0.07822265625
21 0.76796875 0.328125 0.103125 0.07509765625
21 0.65625 0.328125 0.09990234375 0.078125
21 0.1625 0.3296875 0.06240234375 0.071875
21 0.09140625 0.33046875 0.0609375 0.0734375
21 0.2296875 0.33984375 0.05302734375 0.0546875
21 0.290625 0.33984375 0.046875 0.05625
21 0.35546875 0.33984375 0.05 0.0515625
21 0.4125 0.34140625 0.05009765625 0.0515625
21 0.58515625 0.35078125 0.05 0.0359375
21 0.52890625 0.35234375 0.046875 0.0328125
21 0.47578125 0.35234375 0.0453125 0.0328125
21 0.1671875 0.5109375 0.08125 0.078125
21 0.071875 0.51171875 0.0875 0.0828125
21 0.265625 0.51171875 0.0875 0.0765625
21 0.36328125 0.51171875 0.0984375 0.08125
21 0.46015625 0.5140625 0.0984375 0.0875
21 0.56015625 0.515625 0.096875 0.0875
21 0.76328125 0.51796875 0.103125 0.090625
21 0.66015625 0.51953125 0.0984375 0.0875
21 0.8734375 0.51953125 0.10322265625 0.090625