21 0.25625 0.75234375 0.025 0.0484375
21 0.225 0.7546875 0.02490234375 0.04677734375
21 0.2828125 0.75390625 0.025 0.0484375
21 0.3109375 0.7546875 0.02802734375 0.04677734375
21 0.34375 0.75625 0.028125 0.04384765625
21 0.3765625 0.75625 0.025 0.04384765625
21 0.4078125 0.75625 0.025 0.04384765625
21 0.2328125 0.86171875 0.025 0.0203125
21 0.2609375 0.86328125 0.025 0.0203125
21 0.35546875 0.884375 0.05 0.0560546875
21 0.4078125 0.88671875 0.04697265625 0.053125
21 0.46171875 0.88828125 0.05 0.05
21 0.23046875 0.896875 0.0234375 0.01884765625
21 0.2609375 0.9015625 0.028125 0.02177734375
21 0.26171875 0.22265625 0.05625 0.09375
21 0.3265625 0.22265625 0.05947265625 0.090625
21 0.38671875 0.2234375 0.05625 0.090625
21 0.20546875 0.22734375 0.053125 0.090625
21 0.30390625 0.36171875 0.046875 0.0953125
21 0.3921875 0.37265625 0.04052734375 0.071875
21 0.475 0.37265625 0.0375 0.0734375
21 0.35 0.37265625 0.03759765625 0.071875
21 0.4328125 0.3734375 0.0404296875 0.071875
21 0.3078125 0.4890625 0.040625 0.0875
21 0.2640625 0.4890625 0.0375 0.09052734375
21 0.35 0.4890625 0.0376953125 0.0875
21 0.60234375 0.49765625 0.0296875 0.0796875
21 0.6359375 0.49765625 0.028125 0.0765625
21 0.6671875 0.49609375 0.0283203125 0.0765625
21 0.2234375 0.4890625 0.040625 0.0875
21 0.56875 0.49765625 0.028125 0.0765625
21 0.390625 0.490625 0.0373046875 0.0875
21 0.4328125 0.4890625 0.0404296875 0.0875
21 0.5359375 0.49765625 0.02822265625 0.0765625
21 0.7015625 0.49765625 0.028125 0.075
21 0.4703125 0.49765625 0.02822265625 0.075
21 0.50234375 0.49765625 0.0296875 0.075
21 0.3953125 0.6109375 0.04697265625 0.06875