21 0.74140625 0.24375 0.0546875 0.103125
21 0.8078125 0.24765625 0.05302734375 0.1
21 0.8734375 0.25 0.05302734375 0.10009765625
21 0.93515625 0.2546875 0.053125 0.10302734375
21 0.0890625 0.3578125 0.1125 0.1
21 0.2078125 0.3609375 0.10302734375 0.09697265625
21 0.32578125 0.3609375 0.1078125 0.1029296875
21 0.44609375 0.36171875 0.103125 0.103125
21 0.5515625 0.37109375 0.08447265625 0.0828125
21 0.64921875 0.375 0.0828125 0.078125
21 0.73203125 0.37890625 0.0828125 0.0828125
21 0.8078125 0.38125 0.046875 0.071875
21 0.86171875 0.38203125 0.0484375 0.071875
21 0.9171875 0.3859375 0.046875 0.071875
21 0.1109375 0.4984375 0.103125 0.12177734375
21 0.69453125 0.4984375 0.0546875 0.040625
21 0.21875 0.5 0.09384765625 0.11875
21 0.81015625 0.5 0.05 0.0373046875
21 0.75390625 0.5015625 0.0484375 0.0375
21 0.3171875 0.5015625 0.084375 0.11875
21 0.4109375 0.51171875 0.07822265625 0.09375
21 0.49609375 0.51328125 0.078125 0.0953125
21 0.56953125 0.52734375 0.053125 0.06875
21 0.9 0.52734375 0.08759765625 0.065625
21 0.63125 0.52890625 0.05615234375 0.0671875
21 0.69140625 0.5421875 0.05 0.04052734375
21 0.7515625 0.5421875 0.046875 0.04052734375
21 0.80546875 0.54296875 0.0484375 0.0390625