21 0.18125 0.7828125 0.0751953125 0.040625
21 0.34375 0.78359375 0.06259765625 0.0421875
21 0.4953125 0.78359375 0.06552734375 0.0390625
21 0.26796875 0.7859375 0.0640625 0.040625
21 0.4375 0.49375 0.0814453125 0.06875
21 0.35078125 0.4953125 0.0828125 0.06875
21 0.521875 0.4953125 0.0873046875 0.06875
21 0.1234375 0.50703125 0.04375 0.0390625
21 0.1765625 0.50859375 0.04677734375 0.0390625
21 0.2828125 0.50859375 0.04375 0.0359375
21 0.2296875 0.509375 0.04697265625 0.03759765625
21 0.3390625 0.58515625 0.0783203125 0.059375
21 0.25390625 0.58671875 0.08125 0.05625
21 0.4203125 0.5875 0.07822265625 0.05625
21 0.1671875 0.5890625 0.08447265625 0.053125
21 0.50703125 0.5890625 0.0796875 0.0533203125
21 0.22265625 0.68046875 0.065625 0.04375
21 0.30078125 0.68046875 0.059375 0.04375
21 0.44921875 0.68046875 0.0625 0.040625
21 0.60703125 0.68125 0.065625 0.03759765625
21 0.375 0.68125 0.0625 0.04375
21 0.52421875 0.68125 0.065625 0.040625
21 0.15 0.68125 0.0625 0.04384765625
21 0.56953125 0.7703125 0.0640625 0.04052734375
21 0.4203125 0.78125 0.0625 0.0435546875