21 0.59375 0.5453125 0.04384765625 0.040625
21 0.64453125 0.54453125 0.0515625 0.040625
21 0.5359375 0.54453125 0.05302734375 0.040625
21 0.48203125 0.5453125 0.05 0.040625
21 0.5453125 0.65859375 0.0470703125 0.0421875
21 0.7640625 0.65625 0.04697265625 0.04365234375
21 0.65390625 0.6578125 0.053125 0.040625
21 0.81640625 0.6578125 0.0453125 0.040625
21 0.87109375 0.65625 0.0453125 0.040625
21 0.709375 0.6578125 0.05 0.040625
21 0.6 0.65859375 0.04375 0.0421875
21 0.49140625 0.66015625 0.040625 0.0421875
21 0.43359375 0.65859375 0.0453125 0.040625
21 0.38125 0.66015625 0.04384765625 0.040625
21 0.3234375 0.66015625 0.04677734375 0.040625
21 0.2703125 0.66796875 0.04697265625 0.025
21 0.22109375 0.66796875 0.0453125 0.025
21 0.17578125 0.66953125 0.0484375 0.025
21 0.1234375 0.6703125 0.040625 0.02197265625