21 0.5328125 0.6703125 0.0345703125 0.03125
21 0.66328125 0.671875 0.0328125 0.0251953125
21 0.60078125 0.6734375 0.028125 0.02802734375
21 0.63359375 0.6734375 0.028125 0.025
21 0.69609375 0.6734375 0.028125 0.025
21 0.56875 0.67421875 0.0310546875 0.025
21 0.728125 0.6765625 0.03115234375 0.01875
21 0.36796875 0.69140625 0.0609375 0.0578125
21 0.2359375 0.69375 0.059375 0.05625
21 0.1734375 0.69375 0.0654296875 0.05625
21 0.303125 0.69453125 0.05634765625 0.05625
21 0.7921875 0.70078125 0.028125 0.025
21 0.69453125 0.70078125 0.028125 0.028125
21 0.72578125 0.70078125 0.028125 0.025
21 0.75859375 0.70078125 0.028125 0.025
21 0.53515625 0.7015625 0.0296875 0.028125
21 0.56875 0.703125 0.028125 0.028125
21 0.66328125 0.703125 0.028125 0.028125
21 0.63359375 0.7046875 0.028125 0.025
21 0.60078125 0.70546875 0.028125 0.028125
21 0.146875 0.84375 0.0626953125 0.0560546875
21 0.21640625 0.8453125 0.0609375 0.05927734375
21 0.28828125 0.84765625 0.0640625 0.0609375
21 0.1296875 0.23828125 0.0408203125 0.0859375
21 0.1703125 0.240625 0.04375 0.084375
21 0.2171875 0.240625 0.0408203125 0.0814453125
21 0.259375 0.240625 0.040625 0.08134765625
21 0.640625 0.24296875 0.053125 0.0984375
21 0.85546875 0.24296875 0.0515625 0.0953125
21 0.7484375 0.24296875 0.0529296875 0.09375
21 0.8015625 0.24296875 0.0529296875 0.0953125
21 0.69609375 0.2453125 0.0453125 0.09052734375
21 0.14765625 0.37734375 0.0421875 0.0515625
21 0.1921875 0.37734375 0.04072265625 0.0515625
21 0.234375 0.37890625 0.0375 0.053125
21 0.83203125 0.3796875 0.046875 0.0716796875
21 0.78125 0.3796875 0.05009765625 0.06875
21 0.275 0.38125 0.0376953125 0.05
21 0.32109375 0.38203125 0.0359375 0.0515625
21 0.35546875 0.49765625 0.0484375 0.0625
21 0.2046875 0.4984375 0.046875 0.065625
21 0.30625 0.5 0.0439453125 0.0626953125
21 0.25703125 0.5 0.0453125 0.0626953125
21 0.15390625 0.5 0.0453125 0.06240234375
21 0.4125 0.50390625 0.059375 0.0546875
21 0.478125 0.5046875 0.0564453125 0.0533203125
21 0.203125 0.59609375 0.0373046875 0.05
21 0.1625 0.59609375 0.040625 0.04375
21 0.24140625 0.59609375 0.0375 0.05
21 0.28125 0.59609375 0.040625 0.0515625
21 0.82109375 0.59765625 0.028125 0.0484375
21 0.32109375 0.59765625 0.0359375 0.05
21 0.71640625 0.59765625 0.028125 0.0453125
21 0.7515625 0.59765625 0.028125 0.0453125
21 0.7859375 0.5984375 0.028125 0.04677734375