21 0.27421875 0.78984375 0.0484375 0.0765625
21 0.22109375 0.790625 0.0546875 0.075
21 0.16796875 0.790625 0.0515625 0.07490234375
21 0.321875 0.796875 0.04375 0.05634765625
21 0.453125 0.79921875 0.04384765625 0.059375
21 0.36640625 0.7984375 0.0390625 0.05625
21 0.41015625 0.7984375 0.04375 0.05625
21 0.5 0.80078125 0.04375 0.059375
21 0.5453125 0.79921875 0.04375 0.059375
21 0.58671875 0.80625 0.034375 0.04384765625
21 0.73046875 0.8078125 0.040625 0.04375
21 0.69453125 0.80859375 0.0390625 0.0453125
21 0.62265625 0.80859375 0.0359375 0.046875
21 0.65859375 0.80859375 0.0328125 0.0453125
21 0.84609375 0.81015625 0.0375 0.0453125
21 0.7703125 0.81015625 0.03447265625 0.0453125
21 0.8078125 0.8109375 0.0375 0.0466796875
21 0.665625 0.3453125 0.090625 0.115625
21 0.74765625 0.3640625 0.059375 0.0658203125
21 0.80625 0.37265625 0.05009765625 0.0515625
21 0.865625 0.3734375 0.0560546875 0.0529296875
21 0.43359375 0.46640625 0.04375 0.078125
21 0.5890625 0.47109375 0.03447265625 0.0671875
21 0.625 0.47109375 0.03740234375 0.0671875
21 0.55078125 0.4703125 0.0390625 0.065625
21 0.51328125 0.47109375 0.0359375 0.0671875
21 0.66015625 0.4796875 0.03125 0.04697265625
21 0.69375 0.4796875 0.028125 0.04677734375
21 0.49609375 0.5765625 0.0484375 0.05947265625
21 0.58671875 0.5765625 0.0484375 0.05947265625
21 0.63203125 0.5765625 0.04375 0.0595703125
21 0.453125 0.578125 0.046875 0.0625
21 0.36171875 0.578125 0.0484375 0.06240234375
21 0.31640625 0.578125 0.0484375 0.059375
21 0.40625 0.578125 0.046875 0.06259765625
21 0.540625 0.578125 0.04375 0.0625
21 0.2703125 0.578125 0.04072265625 0.06240234375
21 0.74609375 0.58671875 0.0375 0.046875
21 0.71015625 0.58671875 0.0359375 0.0453125
21 0.6734375 0.58671875 0.0345703125 0.046875
21 0.78359375 0.5921875 0.0328125 0.02822265625
21 0.8171875 0.5921875 0.02822265625 0.02822265625
21 0.8484375 0.59375 0.0345703125 0.028125
21 0.61640625 0.69140625 0.0578125 0.071875
21 0.67578125 0.6921875 0.059375 0.075
21 0.7453125 0.703125 0.05927734375 0.05615234375