21 0.07578125 0.8921875 0.040625 0.0625
21 0.23046875 0.89453125 0.046875 0.0625
21 0.28125 0.8953125 0.04384765625 0.05947265625
21 0.12265625 0.8953125 0.0421875 0.05625
21 0.17578125 0.89765625 0.04375 0.0609375
21 0.9203125 0.928125 0.06572265625 0.10634765625
21 0.85234375 0.92890625 0.0609375 0.1046875
21 0.41953125 0.93125 0.0609375 0.10625
21 0.4890625 0.93125 0.0625 0.103125
21 0.7078125 0.9328125 0.065625 0.1
21 0.5640625 0.93359375 0.065625 0.103125
21 0.6359375 0.93359375 0.065625 0.103125
21 0.78125 0.93359375 0.06884765625 0.1015625
21 0.34765625 0.9359375 0.0671875 0.10302734375
21 0.12734375 0.959375 0.0453125 0.06259765625
21 0.078125 0.959375 0.04384765625 0.0625
21 0.2828125 0.96015625 0.0466796875 0.0578125
21 0.2296875 0.96171875 0.04677734375 0.0609375
21 0.1734375 0.9625 0.04072265625 0.06259765625
21 0.796875 0.44453125 0.065625 0.0921875
21 0.728125 0.44609375 0.065625 0.0921875
21 0.8640625 0.44453125 0.0625 0.0921875
21 0.52734375 0.45078125 0.0625 0.0890625
21 0.6625 0.4484375 0.059375 0.09072265625
21 0.5953125 0.4484375 0.0625 0.0908203125
21 0.39453125 0.44921875 0.0625 0.09375
21 0.4625 0.44921875 0.06240234375 0.090625
21 0.3265625 0.4515625 0.06552734375 0.09072265625
21 0.25859375 0.4515625 0.065625 0.090625
21 0.1875 0.4546875 0.059375 0.0904296875
21 0.11875 0.4546875 0.05625 0.0875
21 0.78828125 0.5796875 0.0390625 0.034375
21 0.74296875 0.58203125 0.0359375 0.0328125
21 0.7078125 0.58203125 0.03125 0.034375
21 0.6671875 0.58203125 0.0404296875 0.034375
21 0.21484375 0.59765625 0.075 0.0828125
21 0.3734375 0.5921875 0.07802734375 0.09052734375
21 0.2953125 0.59765625 0.071875 0.084375
21 0.56484375 0.6 0.0515625 0.078125
21 0.0578125 0.5953125 0.0779296875 0.0875
21 0.446875 0.5984375 0.053125 0.07802734375
21 0.62265625 0.60078125 0.05 0.075
21 0.140625 0.5984375 0.075 0.08125
21 0.509375 0.6 0.05009765625 0.078125
21 0.6703125 0.62109375 0.034375 0.0375
21 0.709375 0.62265625 0.034375 0.0375
21 0.7484375 0.62265625 0.0375 0.0375
21 0.83515625 0.69609375 0.0359375 0.0546875
21 0.74609375 0.69921875 0.0359375 0.0578125
21 0.79296875 0.70078125 0.0453125 0.05625
21 0.703125 0.703125 0.040625 0.053125
21 0.65625 0.703125 0.040625 0.05625
21 0.5609375 0.7046875 0.040625 0.0591796875
21 0.60703125 0.7046875 0.040625 0.05625
21 0.41796875 0.7078125 0.040625 0.053125
21 0.37265625 0.709375 0.0390625 0.05625
21 0.46484375 0.709375 0.0375 0.04990234375
21 0.509375 0.709375 0.040625 0.05
21 0.30078125 0.75 0.06875 0.059375
21 0.2078125 0.75625 0.0658203125 0.059375
21 0.11640625 0.75625 0.06875 0.05634765625
21 0.7984375 0.76171875 0.040625 0.0609375
21 0.84375 0.76328125 0.040625 0.059375
21 0.70078125 0.7640625 0.040625 0.0595703125
21 0.7484375 0.765625 0.04375 0.0623046875
21 0.890625 0.765625 0.040625 0.059375
21 0.6546875 0.765625 0.04375 0.06240234375
21 0.60546875 0.7671875 0.0421875 0.059375
21 0.55546875 0.76953125 0.0390625 0.0609375
21 0.509375 0.76953125 0.040625 0.0640625
21 0.3640625 0.771875 0.040625 0.059375
21 0.459375 0.771875 0.04375 0.06240234375
21 0.4109375 0.77265625 0.0375 0.059375