21 0.33203125 0.8640625 0.03125 0.03447265625
21 0.26171875 0.86640625 0.0296875 0.0421875
21 0.2953125 0.86640625 0.03427734375 0.034375
21 0.2296875 0.86796875 0.028125 0.0515625
21 0.38671875 0.86875 0.0359375 0.059375
21 0.0953125 0.8734375 0.028125 0.040625
21 0.16484375 0.875 0.0359375 0.04384765625
21 0.12890625 0.8765625 0.0359375 0.040625
21 0.10546875 0.0953125 0.040625 0.07802734375
21 0.18515625 0.0953125 0.0375 0.0779296875
21 0.0671875 0.09609375 0.04052734375 0.075
21 0.2234375 0.09609375 0.0404296875 0.075
21 0.146875 0.09609375 0.0375 0.0734375
21 0.26328125 0.0984375 0.0390625 0.071875
21 0.3015625 0.1 0.03447265625 0.06875
21 0.37890625 0.10078125 0.0375 0.0703125
21 0.41796875 0.10078125 0.040625 0.0703125
21 0.3390625 0.10234375 0.04052734375 0.065625
21 0.19453125 0.31484375 0.0234375 0.0859375
21 0.07109375 0.31484375 0.025 0.0875
21 0.10078125 0.31484375 0.025 0.0875
21 0.16328125 0.31484375 0.025 0.0859375
21 0.13203125 0.31484375 0.025 0.0875
21 0.35234375 0.321875 0.0390625 0.06865234375
21 0.3125 0.321875 0.03740234375 0.06884765625
21 0.2359375 0.32421875 0.040625 0.0671875
21 0.27421875 0.3265625 0.0359375 0.05947265625
21 0.14453125 0.49375 0.0203125 0.0748046875
21 0.06953125 0.49375 0.021875 0.07490234375
21 0.0953125 0.49375 0.02197265625 0.07490234375
21 0.1203125 0.49375 0.02197265625 0.075
21 0.35703125 0.4953125 0.028125 0.06572265625
21 0.2984375 0.4953125 0.02802734375 0.06875
21 0.26953125 0.4953125 0.0296875 0.06875
21 0.384375 0.49609375 0.0251953125 0.0671875
21 0.328125 0.49609375 0.025 0.065625
21 0.20703125 0.49609375 0.0265625 0.065625
21 0.1734375 0.49609375 0.028125 0.0671875
21 0.23671875 0.49765625 0.0265625 0.0671875
21 0.3296875 0.66953125 0.0220703125 0.05
21 0.2796875 0.6703125 0.02197265625 0.04697265625
21 0.30390625 0.6703125 0.021875 0.04697265625
21 0.2546875 0.6703125 0.02197265625 0.04697265625
21 0.23203125 0.671875 0.021875 0.0498046875
21 0.1578125 0.6734375 0.0158203125 0.0529296875
21 0.2078125 0.6734375 0.02177734375 0.05
21 0.1359375 0.6734375 0.01572265625 0.05302734375
21 0.1140625 0.6734375 0.01875 0.05302734375
21 0.071875 0.67421875 0.0185546875 0.0515625
21 0.1828125 0.67421875 0.021875 0.053125
21 0.0921875 0.67421875 0.02177734375 0.0515625
21 0.39921875 0.678125 0.0171875 0.028125
21 0.35546875 0.678125 0.01875 0.028125
21 0.41953125 0.678125 0.0203125 0.028125
21 0.459375 0.67890625 0.01865234375 0.03125
21 0.44140625 0.67890625 0.0171875 0.028125
21 0.3796875 0.67890625 0.01875 0.0296875