21 0.41796875 0.27421875 0.0828125 0.090625
21 0.7484375 0.275 0.07197265625 0.084375
21 0.50234375 0.275 0.08125 0.08115234375
21 0.671875 0.2765625 0.071875 0.084375
21 0.58203125 0.2765625 0.075 0.08427734375
21 0.821875 0.27890625 0.071875 0.0796875
21 0.515625 0.42890625 0.07509765625 0.0890625
21 0.82421875 0.43125 0.0703125 0.084375
21 0.271875 0.43125 0.0625 0.1001953125
21 0.6734375 0.43125 0.075 0.084375
21 0.2015625 0.4328125 0.0595703125 0.096875
21 0.5953125 0.4328125 0.0720703125 0.0904296875
21 0.7484375 0.4328125 0.071875 0.084375
21 0.43359375 0.43515625 0.0765625 0.0859375
21 0.34609375 0.4375 0.0765625 0.0875
21 0.38125 0.59609375 0.0501953125 0.071875
21 0.6140625 0.59765625 0.0345703125 0.053125
21 0.66796875 0.59765625 0.0375 0.053125
21 0.32578125 0.5984375 0.0515625 0.06875
21 0.5671875 0.5984375 0.0375 0.053125
21 0.52265625 0.60078125 0.0375 0.053125
21 0.26796875 0.60078125 0.0515625 0.06875
21 0.2078125 0.603125 0.053125 0.0748046875
21 0.478125 0.603125 0.0375 0.05615234375
21 0.43125 0.6046875 0.040625 0.05322265625