21 0.14296875 0.2765625 0.0390625 0.05625
21 0.10234375 0.2765625 0.040625 0.05625
21 0.68046875 0.39296875 0.0453125 0.09375
21 0.6265625 0.390625 0.05 0.0935546875
21 0.73671875 0.41015625 0.0640625 0.059375
21 0.80625 0.4109375 0.059375 0.059375
21 0.8765625 0.4109375 0.059375 0.05947265625
21 0.2296875 0.50703125 0.07177734375 0.0828125
21 0.30546875 0.50859375 0.06875 0.0859375
21 0.38125 0.509375 0.071875 0.0875
21 0.15 0.51171875 0.071875 0.071875
21 0.6390625 0.52265625 0.05302734375 0.0671875
21 0.69375 0.52265625 0.04384765625 0.0671875
21 0.74609375 0.52421875 0.0453125 0.0671875
21 0.8015625 0.52421875 0.05302734375 0.0703125
21 0.4546875 0.52890625 0.040625 0.0515625
21 0.4984375 0.52890625 0.034375 0.05
21 0.5875 0.52890625 0.0375 0.0515625
21 0.540625 0.5296875 0.0375 0.05302734375
21 0.71171875 0.75390625 0.0328125 0.0296875
21 0.74765625 0.75390625 0.028125 0.0296875
21 0.79453125 0.77265625 0.0484375 0.0546875
21 0.71015625 0.7859375 0.028125 0.028125
21 0.74609375 0.7859375 0.034375 0.028125