21 0.7125 0.15 0.04365234375 0.08759765625
21 0.75703125 0.16484375 0.0390625 0.0625
21 0.5515625 0.1671875 0.071875 0.06552734375
21 0.61171875 0.16796875 0.040625 0.0609375
21 0.65625 0.16796875 0.0439453125 0.0578125
21 0.696875 0.27890625 0.04384765625 0.0296875
21 0.7609375 0.2984375 0.07177734375 0.075
21 0.6265625 0.30546875 0.07177734375 0.0671875
21 0.54921875 0.3078125 0.071875 0.05947265625
21 0.69921875 0.31953125 0.0390625 0.0375
21 0.1296875 0.4484375 0.06875 0.0779296875
21 0.27265625 0.4484375 0.0703125 0.078125
21 0.19921875 0.44921875 0.0671875 0.0703125
21 0.828125 0.44921875 0.06240234375 0.09375
21 0.90234375 0.45078125 0.0640625 0.09375
21 0.48203125 0.45703125 0.05 0.071875
21 0.5875 0.45703125 0.05009765625 0.071875
21 0.53359375 0.4578125 0.0453125 0.07177734375
21 0.4265625 0.45546875 0.05302734375 0.071875
21 0.37734375 0.4625 0.0390625 0.05625
21 0.334375 0.4640625 0.03759765625 0.05302734375