21 0.0875 0.3171875 0.078125 0.096875
21 0.18046875 0.31875 0.0796875 0.09365234375
21 0.259375 0.3296875 0.059375 0.071875
21 0.3328125 0.3328125 0.0595703125 0.0720703125
21 0.72109375 0.33515625 0.090625 0.078125
21 0.6265625 0.33671875 0.08427734375 0.071875
21 0.53359375 0.33515625 0.090625 0.0703125
21 0.82109375 0.34140625 0.0921875 0.078125
21 0.39921875 0.3421875 0.0515625 0.05302734375
21 0.9015625 0.35078125 0.071875 0.0640625
21 0.4546875 0.3546875 0.04677734375 0.03125
21 0.071875 0.49375 0.084375 0.0814453125
21 0.165625 0.49609375 0.08134765625 0.075
21 0.25703125 0.49609375 0.0796875 0.0765625
21 0.353125 0.5 0.08134765625 0.07509765625
21 0.44453125 0.50390625 0.0921875 0.0703125
21 0.546875 0.50703125 0.0875 0.0671875
21 0.640625 0.5109375 0.08125 0.06572265625
21 0.74609375 0.515625 0.075 0.059375
21 0.83984375 0.51953125 0.0796875 0.05625