21 0.921875 0.24609375 0.03759765625 0.0453125
21 0.87734375 0.24765625 0.0421875 0.046875
21 0.04296875 0.2546875 0.0859375 0.115625
21 0.70546875 0.2546875 0.053125 0.13125
21 0.13125 0.2609375 0.078125 0.09697265625
21 0.55546875 0.26328125 0.078125 0.1140625
21 0.21484375 0.2671875 0.078125 0.0875
21 0.81953125 0.26953125 0.0546875 0.0984375
21 0.63359375 0.27421875 0.0671875 0.096875
21 0.2875 0.2765625 0.053125 0.07802734375
21 0.7609375 0.28359375 0.046875 0.0765625
21 0.915625 0.2984375 0.0376953125 0.0470703125
21 0.87109375 0.29921875 0.0375 0.0453125