21 0.15390625 0.109375 0.075 0.1376953125
21 0.23046875 0.11328125 0.071875 0.134375
21 0.68984375 0.134375 0.09375 0.1126953125
21 0.5296875 0.13671875 0.071875 0.1046875
21 0.603125 0.1390625 0.0751953125 0.1
21 0.78515625 0.14296875 0.0921875 0.103125
21 0.4484375 0.30390625 0.040625 0.0671875
21 0.49296875 0.30546875 0.040625 0.06875
21 0.271875 0.35703125 0.053125 0.1015625
21 0.33203125 0.3578125 0.05625 0.1
21 0.4390625 0.3765625 0.04677734375 0.07177734375
21 0.490625 0.37890625 0.0435546875 0.0703125
21 0.5890625 0.3796875 0.053125 0.06572265625
21 0.6453125 0.38125 0.05302734375 0.06875
21 0.703125 0.38203125 0.05009765625 0.065625
21 0.75234375 0.39453125 0.04375 0.040625
21 0.4078125 0.55625 0.04052734375 0.08759765625
21 0.44921875 0.55859375 0.0390625 0.09375
21 0.49296875 0.55859375 0.040625 0.09375
21 0.25234375 0.56953125 0.0765625 0.075
21 0.3421875 0.56953125 0.075 0.075
21 0.165625 0.56875 0.08125 0.071875