21 0.06015625 0.3140625 0.0484375 0.20322265625
21 0.109375 0.31484375 0.04384765625 0.2046875
21 0.16015625 0.31875 0.04375 0.203125
21 0.43984375 0.32578125 0.0609375 0.203125
21 0.5015625 0.34375 0.05625 0.18125
21 0.6140625 0.34375 0.053125 0.17509765625
21 0.5578125 0.3453125 0.05302734375 0.17802734375
21 0.20703125 0.35 0.0375 0.14990234375
21 0.66328125 0.37265625 0.0375 0.1359375
21 0.8328125 0.375 0.05625 0.13759765625
21 0.70078125 0.39453125 0.0359375 0.0859375
21 0.7390625 0.396875 0.03447265625 0.0875
21 0.77890625 0.4015625 0.0359375 0.08427734375
21 0.09140625 0.5609375 0.0765625 0.1625
21 0.16796875 0.5625 0.0765625 0.165625
21 0.24375 0.5640625 0.07490234375 0.15947265625
21 0.31953125 0.5671875 0.0703125 0.15947265625
21 0.390625 0.5671875 0.06875 0.15625
21 0.45546875 0.571875 0.0515625 0.16240234375
21 0.50859375 0.571875 0.0515625 0.1625
21 0.6515625 0.58671875 0.05625 0.125
21 0.7203125 0.58671875 0.059375 0.1234375
21 0.59765625 0.5953125 0.0390625 0.12177734375
21 0.55546875 0.59609375 0.0375 0.1171875