21 0.59140625 0.521875 0.0828125 0.075
21 0.421875 0.521875 0.08134765625 0.075
21 0.5046875 0.52265625 0.0904296875 0.0765625
21 0.33515625 0.52265625 0.0828125 0.078125
21 0.07109375 0.52265625 0.0859375 0.0796875
21 0.24765625 0.52421875 0.0828125 0.078125
21 0.66796875 0.52421875 0.0609375 0.0671875
21 0.1625 0.52421875 0.08134765625 0.078125
21 0.83984375 0.5328125 0.0515625 0.046875
21 0.728125 0.53359375 0.05615234375 0.05
21 0.7859375 0.53359375 0.0533203125 0.0484375
21 0.7140625 0.60703125 0.04697265625 0.04375
21 0.546875 0.6078125 0.05615234375 0.04697265625
21 0.66015625 0.609375 0.0515625 0.04375
21 0.60546875 0.609375 0.046875 0.0439453125
21 0.48046875 0.6109375 0.059375 0.04697265625
21 0.3546875 0.61171875 0.05927734375 0.0484375
21 0.41953125 0.61171875 0.0546875 0.046875
21 0.22578125 0.61328125 0.059375 0.0515625
21 0.28828125 0.61328125 0.0625 0.05
21 0.15859375 0.6140625 0.0625 0.05
21 0.09140625 0.61640625 0.059375 0.0484375
21 0.68984375 0.68515625 0.05625 0.0421875
21 0.63203125 0.68515625 0.0546875 0.0421875
21 0.5734375 0.6859375 0.059375 0.04375
21 0.51171875 0.6890625 0.0625 0.04375
21 0.2390625 0.69140625 0.07802734375 0.05
21 0.31640625 0.69140625 0.0734375 0.0484375
21 0.44921875 0.69140625 0.0625 0.0421875
21 0.3890625 0.69140625 0.05625 0.040625
21 0.1609375 0.6921875 0.08427734375 0.046875
21 0.0796875 0.69375 0.075 0.0439453125