21 0.7859375 0.290625 0.04052734375 0.025
21 0.87265625 0.29296875 0.0390625 0.0296875
21 0.9171875 0.29453125 0.04072265625 0.0296875
21 0.83046875 0.29453125 0.0421875 0.028125
21 0.3796875 0.29921875 0.075 0.0828125
21 0.30546875 0.303125 0.071875 0.08134765625
21 0.1421875 0.30859375 0.078125 0.0703125
21 0.05859375 0.30859375 0.06875 0.0671875
21 0.5171875 0.31015625 0.06552734375 0.0640625
21 0.58203125 0.31015625 0.0625 0.0640625
21 0.4515625 0.31015625 0.05927734375 0.0671875
21 0.2203125 0.3109375 0.078125 0.06552734375
21 0.74375 0.3171875 0.04375 0.04697265625
21 0.69453125 0.31953125 0.046875 0.05
21 0.6421875 0.31953125 0.046875 0.046875
21 0.8328125 0.328125 0.0375 0.025
21 0.875 0.328125 0.04375 0.025
21 0.790625 0.328125 0.0375 0.025
21 0.9203125 0.328125 0.0404296875 0.025
21 0.6625 0.38125 0.071875 0.0314453125
21 0.74609375 0.38203125 0.071875 0.0390625
21 0.33671875 0.41796875 0.0734375 0.0734375
21 0.41796875 0.41796875 0.0828125 0.071875
21 0.09140625 0.41796875 0.0734375 0.06875
21 0.25625 0.41953125 0.08115234375 0.0703125
21 0.025 0.41875 0.05 0.06875
21 0.171875 0.4203125 0.0751953125 0.0716796875
21 0.50234375 0.4203125 0.075 0.065625
21 0.584375 0.42421875 0.08134765625 0.0625
21 0.66953125 0.4265625 0.08125 0.05302734375
21 0.7515625 0.428125 0.078125 0.05
21 0.8640625 0.43046875 0.05302734375 0.04375
21 0.81640625 0.43125 0.04375 0.04375
21 0.915625 0.43125 0.04375 0.04365234375
21 0.1359375 0.7640625 0.065625 0.0591796875
21 0.0640625 0.7640625 0.0720703125 0.05625
21 0.20078125 0.76796875 0.0703125 0.0609375
21 0.3453125 0.77265625 0.07197265625 0.0546875
21 0.71875 0.77265625 0.071875 0.0546875
21 0.27265625 0.77421875 0.0703125 0.053125
21 0.64453125 0.77421875 0.071875 0.0578125
21 0.56953125 0.77421875 0.071875 0.0609375
21 0.41796875 0.77421875 0.0703125 0.0578125
21 0.790625 0.77421875 0.06865234375 0.0515625
21 0.859375 0.775 0.06884765625 0.05009765625
21 0.49296875 0.775 0.0671875 0.059375