21 0.08984375 0.34765625 0.084375 0.096875
21 0.18046875 0.3484375 0.084375 0.09697265625
21 0.27890625 0.35234375 0.0984375 0.0828125
21 0.38203125 0.353125 0.0984375 0.0810546875
21 0.4890625 0.3546875 0.09072265625 0.075
21 0.59140625 0.35703125 0.096875 0.075
21 0.75234375 0.36328125 0.0671875 0.071875
21 0.82578125 0.36328125 0.0671875 0.075
21 0.9015625 0.3640625 0.071875 0.07197265625
21 0.6765625 0.36640625 0.075 0.0609375
21 0.2546875 0.5296875 0.09072265625 0.084375
21 0.3546875 0.53359375 0.0966796875 0.0828125
21 0.44921875 0.5359375 0.0953125 0.07802734375
21 0.546875 0.53984375 0.08134765625 0.0609375
21 0.1296875 0.5453125 0.05302734375 0.05322265625
21 0.06875 0.5453125 0.05009765625 0.05625
21 0.1828125 0.55625 0.040625 0.034375