21 0.5984375 0.240625 0.04375 0.0373046875
21 0.54921875 0.2453125 0.046875 0.0375
21 0.50234375 0.2453125 0.0359375 0.03125
21 0.73828125 0.2546875 0.0765625 0.0845703125
21 0.81953125 0.25703125 0.0765625 0.084375
21 0.23046875 0.25703125 0.0734375 0.1078125
21 0.15234375 0.25703125 0.078125 0.10625
21 0.65859375 0.2640625 0.065625 0.07197265625
21 0.3015625 0.2640625 0.05947265625 0.0875
21 0.46015625 0.2765625 0.0453125 0.05947265625
21 0.359375 0.27734375 0.046875 0.0625
21 0.41015625 0.27734375 0.0453125 0.0609375
21 0.51171875 0.2859375 0.0453125 0.03447265625
21 0.55390625 0.2875 0.0375 0.03740234375
21 0.60078125 0.2875 0.0390625 0.03759765625
21 0.29453125 0.44140625 0.078125 0.103125
21 0.21875 0.4421875 0.06875 0.103125
21 0.553125 0.4421875 0.075 0.09375
21 0.14765625 0.44375 0.06875 0.10615234375
21 0.484375 0.4484375 0.05634765625 0.08125
21 0.42421875 0.44921875 0.059375 0.078125
21 0.36171875 0.4515625 0.0609375 0.07822265625
21 0.8328125 0.4515625 0.05625 0.0658203125
21 0.70078125 0.453125 0.0640625 0.06865234375
21 0.76796875 0.453125 0.059375 0.06240234375
21 0.6234375 0.45546875 0.06572265625 0.065625
21 0.62109375 0.7765625 0.040625 0.059375
21 0.78828125 0.77734375 0.0390625 0.0578125
21 0.70546875 0.77890625 0.040625 0.0578125
21 0.66328125 0.77890625 0.0375 0.059375
21 0.58203125 0.77890625 0.0375 0.0609375
21 0.74765625 0.7796875 0.0390625 0.05947265625
21 0.38203125 0.92578125 0.071875 0.0953125
21 0.525 0.92578125 0.075 0.09375
21 0.3109375 0.92578125 0.07177734375 0.09375
21 0.4515625 0.92578125 0.071875 0.0984375
21 0.1703125 0.92578125 0.06572265625 0.09375
21 0.2390625 0.928125 0.07177734375 0.09375
21 0.59375 0.9375 0.06240234375 0.071875
21 0.6515625 0.9390625 0.059375 0.071875