21 0.48046875 0.2546875 0.0796875 0.05625
21 0.23828125 0.2640625 0.0765625 0.05625
21 0.1546875 0.265625 0.07822265625 0.05625
21 0.56015625 0.32109375 0.0765625 0.0953125
21 0.47578125 0.32421875 0.0828125 0.0828125
21 0.62265625 0.32421875 0.034375 0.090625
21 0.321875 0.32578125 0.06875 0.0703125
21 0.1421875 0.32578125 0.075 0.0671875
21 0.23046875 0.32578125 0.075 0.0671875
21 0.6625 0.32578125 0.0375 0.0875
21 0.703125 0.32578125 0.03740234375 0.090625
21 0.390625 0.3265625 0.065625 0.06875
21 0.74375 0.3265625 0.0375 0.090625
21 0.78515625 0.328125 0.0359375 0.090625
21 0.82421875 0.3296875 0.0359375 0.09052734375
21 0.865625 0.33046875 0.0375 0.0890625
21 0.90625 0.33046875 0.0373046875 0.0890625
21 0.40859375 0.4359375 0.0359375 0.0591796875
21 0.36796875 0.44140625 0.0359375 0.0453125
21 0.56015625 0.484375 0.053125 0.09990234375
21 0.109375 0.4859375 0.059375 0.07822265625
21 0.62109375 0.4859375 0.053125 0.0970703125
21 0.17421875 0.4859375 0.05625 0.08125
21 0.23828125 0.48828125 0.059375 0.0796875
21 0.68125 0.48828125 0.0501953125 0.0984375
21 0.31015625 0.4890625 0.059375 0.078125
21 0.7453125 0.4890625 0.05322265625 0.1
21 0.5015625 0.490625 0.04375 0.08134765625
21 0.81015625 0.490625 0.053125 0.1
21 0.86875 0.49296875 0.05009765625 0.1
21 0.3640625 0.5 0.03447265625 0.059375
21 0.4046875 0.5015625 0.03447265625 0.059375