21 0.40234375 0.16015625 0.0359375 0.0703125
21 0.31953125 0.16015625 0.0359375 0.06875
21 0.36328125 0.15859375 0.0375 0.0703125
21 0.671875 0.446875 0.06865234375 0.0875
21 0.6 0.4484375 0.06865234375 0.090625
21 0.4546875 0.45078125 0.06572265625 0.09375
21 0.5265625 0.44921875 0.07177734375 0.090625
21 0.8140625 0.4484375 0.06875 0.07822265625
21 0.88828125 0.45078125 0.065625 0.078125
21 0.74296875 0.44921875 0.0671875 0.0828125
21 0.38125 0.453125 0.06865234375 0.090625
21 0.4625 0.56015625 0.028125 0.0234375
21 0.49609375 0.56015625 0.0328125 0.025
21 0.428125 0.5609375 0.0373046875 0.025
21 0.8578125 0.5828125 0.05302734375 0.07177734375
21 0.696875 0.58515625 0.04990234375 0.075
21 0.91328125 0.5828125 0.0578125 0.071875
21 0.540625 0.58671875 0.04375 0.075
21 0.6453125 0.5875 0.05 0.0751953125
21 0.80390625 0.584375 0.0546875 0.071875
21 0.59375 0.5890625 0.04990234375 0.075
21 0.7484375 0.58671875 0.053125 0.0703125
21 0.3328125 0.5890625 0.05 0.078125
21 0.384375 0.5890625 0.04384765625 0.07802734375
21 0.2796875 0.58984375 0.04697265625 0.0765625
21 0.2296875 0.60078125 0.0375 0.05625
21 0.1890625 0.60234375 0.04052734375 0.05625
21 0.10234375 0.60234375 0.0359375 0.05625
21 0.14296875 0.5984375 0.0375 0.05927734375
21 0.49765625 0.6109375 0.0296875 0.0220703125
21 0.46015625 0.61171875 0.028125 0.021875
21 0.42421875 0.61328125 0.0296875 0.0234375
21 0.8890625 0.7234375 0.065625 0.084375
21 0.75703125 0.72265625 0.0640625 0.0890625
21 0.8234375 0.7234375 0.06572265625 0.08427734375
21 0.69140625 0.725 0.065625 0.08115234375
21 0.446875 0.7328125 0.025 0.078125
21 0.54296875 0.7328125 0.025 0.075
21 0.60546875 0.7328125 0.025 0.0720703125
21 0.57421875 0.7328125 0.0265625 0.075
21 0.41796875 0.734375 0.0234375 0.078125
21 0.51171875 0.734375 0.028125 0.075
21 0.6390625 0.734375 0.028125 0.075
21 0.478125 0.7359375 0.028125 0.07802734375