21 0.478125 0.16328125 0.04375 0.0734375
21 0.5265625 0.165625 0.04375 0.071875
21 0.578125 0.16796875 0.04375 0.075
21 0.62734375 0.16953125 0.040625 0.0734375
21 0.67578125 0.1734375 0.04375 0.0779296875
21 0.41484375 0.4640625 0.0703125 0.078125
21 0.49375 0.46484375 0.075 0.0796875
21 0.8140625 0.4734375 0.075 0.09072265625
21 0.6578125 0.475 0.08125 0.0810546875
21 0.578125 0.475 0.071875 0.0810546875
21 0.73671875 0.475 0.075 0.0875
21 0.89765625 0.478125 0.08125 0.09365234375
21 0.9671875 0.48203125 0.065625 0.09375
21 0.43984375 0.5625 0.040625 0.03134765625
21 0.478125 0.56484375 0.03740234375 0.03125
21 0.5171875 0.56484375 0.040625 0.0328125
21 0.07421875 0.57578125 0.05625 0.071875
21 0.134375 0.578125 0.06240234375 0.071875
21 0.19453125 0.58203125 0.0578125 0.0703125
21 0.25390625 0.58203125 0.0578125 0.0734375
21 0.35 0.59609375 0.04365234375 0.0515625
21 0.303125 0.59609375 0.04375 0.0515625
21 0.5671875 0.59609375 0.05322265625 0.0703125
21 0.39765625 0.59765625 0.04375 0.0546875
21 0.6234375 0.5984375 0.05625 0.06572265625
21 0.68125 0.60234375 0.053125 0.0703125
21 0.73828125 0.6046875 0.05625 0.0716796875
21 0.796875 0.6078125 0.059375 0.06572265625
21 0.4390625 0.609375 0.0375 0.03134765625
21 0.8578125 0.6109375 0.059375 0.071875
21 0.478125 0.61171875 0.03759765625 0.0328125
21 0.9203125 0.61328125 0.0533203125 0.071875
21 0.51796875 0.61328125 0.040625 0.0359375
21 0.975 0.61796875 0.05 0.06875
21 0.4359375 0.72109375 0.06875 0.078125
21 0.58046875 0.7234375 0.071875 0.08125
21 0.50703125 0.7234375 0.0703125 0.075
21 0.6515625 0.728125 0.0658203125 0.0810546875
21 0.70703125 0.73203125 0.025 0.071875
21 0.7390625 0.7359375 0.0220703125 0.0716796875
21 0.77265625 0.73671875 0.025 0.0703125
21 0.8796875 0.7390625 0.025 0.07177734375
21 0.8453125 0.740625 0.025 0.071875
21 0.9484375 0.740625 0.025 0.071875
21 0.80859375 0.740625 0.0234375 0.071875
21 0.91484375 0.74140625 0.0265625 0.075