21 0.928125 0.23671875 0.065625 0.078125
21 0.86171875 0.24140625 0.046875 0.06875
21 0.05859375 0.24609375 0.0671875 0.0828125
21 0.71640625 0.24609375 0.05625 0.090625
21 0.65234375 0.24765625 0.05625 0.090625
21 0.5953125 0.24765625 0.05302734375 0.0890625
21 0.13125 0.25 0.06865234375 0.07509765625
21 0.20078125 0.25 0.0625 0.0751953125
21 0.2703125 0.25 0.06572265625 0.07509765625
21 0.53515625 0.2609375 0.0578125 0.05322265625
21 0.4734375 0.2609375 0.053125 0.05625
21 0.38125 0.2640625 0.0373046875 0.0529296875
21 0.4234375 0.265625 0.034375 0.05009765625
21 0.1578125 0.47734375 0.0375 0.021875
21 0.72734375 0.478125 0.0390625 0.08134765625
21 0.63125 0.4890625 0.0439453125 0.0595703125
21 0.57421875 0.490625 0.05625 0.0625
21 0.27734375 0.49140625 0.0421875 0.0609375
21 0.38125 0.49140625 0.04384765625 0.0625
21 0.43125 0.49140625 0.0439453125 0.0625
21 0.328125 0.49140625 0.0435546875 0.0625
21 0.22734375 0.49296875 0.0421875 0.0640625
21 0.47578125 0.49765625 0.034375 0.0484375
21 0.515625 0.4984375 0.0375 0.05
21 0.140625 0.50859375 0.03740234375 0.0296875
21 0.18359375 0.509375 0.03125 0.03115234375
21 0.703125 0.61796875 0.03115234375 0.05