21 0.3421875 0.1453125 0.01572265625 0.0625
21 0.3609375 0.14765625 0.01552734375 0.0625
21 0.39921875 0.15234375 0.0203125 0.059375
21 0.37890625 0.15 0.0203125 0.0623046875
21 0.41953125 0.15390625 0.0203125 0.059375
21 0.46171875 0.15390625 0.025 0.0609375
21 0.43984375 0.1546875 0.01875 0.05625
21 0.28828125 0.1546875 0.015625 0.0375
21 0.3234375 0.1578125 0.01572265625 0.0375
21 0.5140625 0.1578125 0.025 0.06552734375
21 0.4890625 0.15625 0.025 0.06240234375
21 0.30625 0.1546875 0.0185546875 0.0375
21 0.5375 0.15859375 0.021875 0.0625
21 0.56015625 0.1625 0.0234375 0.06240234375
21 0.35 0.25703125 0.025 0.065625
21 0.32578125 0.25703125 0.0234375 0.065625
21 0.3796875 0.259375 0.0220703125 0.0626953125
21 0.40390625 0.2609375 0.0234375 0.05947265625
21 0.33671875 0.33203125 0.0234375 0.0765625
21 0.38671875 0.33203125 0.025 0.0765625
21 0.36171875 0.33203125 0.025 0.0796875
21 0.2390625 0.3328125 0.028125 0.06552734375
21 0.4109375 0.334375 0.02197265625 0.075
21 0.2703125 0.33515625 0.034375 0.0625
21 0.3078125 0.33671875 0.0341796875 0.0671875
21 0.33671875 0.50625 0.028125 0.096875
21 0.3640625 0.50703125 0.0220703125 0.0984375
21 0.475 0.5109375 0.03115234375 0.08427734375
21 0.44453125 0.51171875 0.0296875 0.0875
21 0.4984375 0.5171875 0.01875 0.08125
21 0.51796875 0.5171875 0.0171875 0.078125
21 0.3453125 0.084375 0.015625 0.05625
21 0.36171875 0.08671875 0.0140625 0.0546875
21 0.38125 0.08984375 0.01884765625 0.059375
21 0.4203125 0.09140625 0.02177734375 0.059375
21 0.4 0.0921875 0.01884765625 0.05625