21 0.44140625 0.6578125 0.0265625 0.04072265625
21 0.40859375 0.65859375 0.0296875 0.040625
21 0.640625 0.6921875 0.053125 0.065625
21 0.3734375 0.69453125 0.03125 0.0640625
21 0.58046875 0.69453125 0.05625 0.0671875
21 0.3375 0.69609375 0.03134765625 0.0640625
21 0.2671875 0.69609375 0.0345703125 0.0609375
21 0.30390625 0.696875 0.0296875 0.0625
21 0.70546875 0.7046875 0.0515625 0.04677734375
21 0.40859375 0.7046875 0.0296875 0.04375
21 0.4390625 0.70546875 0.02822265625 0.046875
21 0.2390625 0.79453125 0.053125 0.075
21 0.1875 0.7953125 0.053125 0.07197265625
21 0.134375 0.7953125 0.053125 0.0720703125
21 0.50703125 0.8015625 0.0453125 0.05947265625
21 0.28515625 0.8015625 0.040625 0.059375
21 0.328125 0.8015625 0.0435546875 0.0591796875
21 0.46015625 0.803125 0.0453125 0.06240234375
21 0.41796875 0.80390625 0.040625 0.059375
21 0.3734375 0.80390625 0.04677734375 0.059375
21 0.54921875 0.80859375 0.03125 0.0453125
21 0.58515625 0.80859375 0.0328125 0.0453125
21 0.62109375 0.80859375 0.03125 0.0484375
21 0.65625 0.80859375 0.03134765625 0.05
21 0.6921875 0.81015625 0.0375 0.04375
21 0.7640625 0.8109375 0.03447265625 0.04677734375
21 0.7296875 0.8109375 0.0345703125 0.0466796875
21 0.8015625 0.8109375 0.04052734375 0.04375
21 0.625 0.35546875 0.084375 0.103125
21 0.6984375 0.37265625 0.059375 0.0640625
21 0.81015625 0.38125 0.0515625 0.04990234375
21 0.7515625 0.38359375 0.0470703125 0.0453125
21 0.55390625 0.58046875 0.0421875 0.059375
21 0.50859375 0.58203125 0.0453125 0.059375
21 0.4171875 0.58203125 0.04677734375 0.0578125
21 0.46015625 0.58203125 0.0421875 0.0578125
21 0.3296875 0.5828125 0.04677734375 0.05625
21 0.37265625 0.5828125 0.0421875 0.059375
21 0.28125 0.5828125 0.0439453125 0.0591796875
21 0.2390625 0.584375 0.0408203125 0.059375
21 0.6859375 0.5890625 0.03447265625 0.04072265625
21 0.6046875 0.5890625 0.03447265625 0.040625
21 0.646875 0.5890625 0.0375 0.04375
21 0.7203125 0.58984375 0.03427734375 0.0421875
21 0.82109375 0.59609375 0.0296875 0.028125
21 0.75625 0.59609375 0.03125 0.028125
21 0.78828125 0.59765625 0.03125 0.0296875