21 0.796875 0.38125 0.096875 0.12490234375
21 0.9015625 0.38125 0.09375 0.12490234375
21 0.68984375 0.38359375 0.0921875 0.121875
21 0.5875 0.384375 0.0998046875 0.1185546875
21 0.490625 0.3859375 0.09365234375 0.12177734375
21 0.40234375 0.3953125 0.0765625 0.10302734375
21 0.10234375 0.4125 0.0609375 0.06884765625
21 0.0375 0.4125 0.06884765625 0.06884765625
21 0.4859375 0.56015625 0.1033203125 0.115625
21 0.94140625 0.56015625 0.1109375 0.1203125
21 0.7078125 0.55859375 0.10625 0.1140625
21 0.82421875 0.56015625 0.1078125 0.11875
21 0.5984375 0.5609375 0.10302734375 0.1125
21 0.1921875 0.56875 0.09052734375 0.090625
21 0.2859375 0.56953125 0.0875 0.090625
21 0.37890625 0.56875 0.0921875 0.090625
21 0.0328125 0.5796875 0.065625 0.071875
21 0.10703125 0.5796875 0.075 0.06875