21 0.8125 0.4203125 0.02509765625 0.04375
21 0.85078125 0.4203125 0.0296875 0.04072265625
21 0.6109375 0.45078125 0.05625 0.075
21 0.8140625 0.46640625 0.034375 0.04375
21 0.8609375 0.4671875 0.02822265625 0.04375
21 0.85078125 0.58671875 0.0390625 0.025
21 0.8953125 0.58671875 0.03447265625 0.025
21 0.196875 0.5890625 0.08125 0.06875
21 0.11875 0.58984375 0.0810546875 0.06875
21 0.52890625 0.5921875 0.071875 0.06552734375
21 0.28359375 0.59140625 0.075 0.0671875
21 0.43046875 0.5921875 0.0359375 0.05625
21 0.46640625 0.5921875 0.0328125 0.059375
21 0.61328125 0.59375 0.0734375 0.065625
21 0.3890625 0.59375 0.03447265625 0.059375
21 0.6828125 0.6 0.05302734375 0.05625
21 0.796875 0.6 0.05009765625 0.05625
21 0.740625 0.6 0.05625 0.05625
21 0.34765625 0.603125 0.0421875 0.04375
21 0.8953125 0.6140625 0.034375 0.025
21 0.853125 0.615625 0.0373046875 0.025