21 0.74375 0.13125 0.07490234375 0.10634765625
21 0.82109375 0.13125 0.0765625 0.109375
21 0.66953125 0.13125 0.0703125 0.109375
21 0.31015625 0.134375 0.0625 0.10625
21 0.38125 0.134375 0.06865234375 0.10625
21 0.52265625 0.13359375 0.06875 0.1046875
21 0.23828125 0.134375 0.0703125 0.10625
21 0.4515625 0.134375 0.06875 0.10625
21 0.59609375 0.13125 0.071875 0.10634765625
21 0.16953125 0.13671875 0.0640625 0.10625
21 0.10078125 0.1390625 0.0734375 0.10927734375
21 0.953125 0.140625 0.06865234375 0.08740234375
21 0.88671875 0.140625 0.0609375 0.0873046875
21 0.56953125 0.3171875 0.075 0.0875
21 0.7296875 0.31640625 0.075 0.0921875
21 0.4125 0.3171875 0.071875 0.0875
21 0.490625 0.31640625 0.071875 0.0921875
21 0.81640625 0.31640625 0.0828125 0.0953125
21 0.64765625 0.32421875 0.08125 0.078125
21 0.18515625 0.3296875 0.06875 0.06552734375
21 0.12109375 0.33046875 0.0546875 0.05625
21 0.2703125 0.3296875 0.065625 0.05947265625
21 0.3421875 0.334375 0.0625 0.05615234375
21 0.390625 0.4546875 0.040625 0.05322265625
21 0.43515625 0.4546875 0.0359375 0.05
21 0.478125 0.4546875 0.0375 0.05302734375
21 0.51953125 0.45703125 0.0359375 0.0515625
21 0.38203125 0.5109375 0.0359375 0.05322265625
21 0.42890625 0.51171875 0.0390625 0.0515625
21 0.4734375 0.5140625 0.040625 0.05625
21 0.5171875 0.5140625 0.040625 0.05322265625