21 0.6578125 0.36640625 0.03447265625 0.0203125
21 0.77265625 0.3703125 0.0359375 0.025
21 0.69453125 0.37109375 0.028125 0.028125
21 0.7328125 0.37265625 0.02822265625 0.0296875
21 0.34765625 0.3890625 0.071875 0.09697265625
21 0.259375 0.390625 0.084375 0.10009765625
21 0.49296875 0.39765625 0.05625 0.06875
21 0.42578125 0.39921875 0.0640625 0.0703125
21 0.64921875 0.4015625 0.0359375 0.0470703125
21 0.603125 0.40234375 0.040625 0.0484375
21 0.5515625 0.40390625 0.04375 0.0515625
21 0.80546875 0.40625 0.0296875 0.025
21 0.7703125 0.4078125 0.028125 0.02802734375
21 0.7328125 0.41015625 0.03447265625 0.025
21 0.6921875 0.41015625 0.03447265625 0.0265625
21 0.75390625 0.5140625 0.053125 0.078125
21 0.68515625 0.5203125 0.071875 0.06875
21 0.61875 0.53515625 0.05625 0.0515625
21 0.35703125 0.53828125 0.0640625 0.0953125
21 0.55390625 0.53984375 0.0546875 0.05625
21 0.49140625 0.546875 0.053125 0.05625
21 0.42578125 0.55078125 0.059375 0.0578125
21 0.27734375 0.56875 0.078125 0.05615234375
21 0.18515625 0.5765625 0.084375 0.05625
21 0.0796875 0.5828125 0.09697265625 0.06552734375
21 0.334375 0.6546875 0.04375 0.04697265625
21 0.27890625 0.66015625 0.0390625 0.05
21 0.22734375 0.665625 0.040625 0.05009765625
21 0.33984375 0.7078125 0.0421875 0.04375
21 0.1671875 0.709375 0.06875 0.090625
21 0.28515625 0.7140625 0.0421875 0.04677734375
21 0.234375 0.72109375 0.04375 0.046875