21 0.23671875 0.384375 0.0359375 0.0875
21 0.19453125 0.384375 0.03125 0.0875
21 0.27734375 0.38671875 0.040625 0.0796875
21 0.7640625 0.40390625 0.0375 0.0546875
21 0.8125 0.4046875 0.03740234375 0.05625
21 0.6875 0.51328125 0.075 0.08125
21 0.76171875 0.51953125 0.05625 0.0734375
21 0.25625 0.521875 0.04384765625 0.053125
21 0.20703125 0.521875 0.0453125 0.053125
21 0.30625 0.521875 0.04375 0.0560546875
21 0.446875 0.521875 0.0623046875 0.0564453125
21 0.5203125 0.52734375 0.07197265625 0.0515625
21 0.60078125 0.52734375 0.0671875 0.053125
21 0.35078125 0.53125 0.0390625 0.034375
21 0.3921875 0.5328125 0.0375 0.034375