21 0.73046875 0.0796875 0.0984375 0.121875
21 0.678125 0.83046875 0.05634765625 0.06875
21 0.74296875 0.834375 0.059375 0.06259765625
21 0.615625 0.83671875 0.059375 0.05625
21 0.4890625 0.83671875 0.05947265625 0.059375
21 0.553125 0.83671875 0.05009765625 0.059375
21 0.625 0.08515625 0.0998046875 0.1203125
21 0.525 0.0890625 0.1 0.12197265625
21 0.73046875 0.9484375 0.0671875 0.07822265625
21 0.66328125 0.95078125 0.0671875 0.075
21 0.415625 0.09609375 0.09990234375 0.1234375
21 0.72578125 0.2953125 0.0828125 0.115625
21 0.6296875 0.30546875 0.090625 0.1109375
21 0.53359375 0.3078125 0.090625 0.11552734375
21 0.43515625 0.30859375 0.090625 0.11875
21 0.71484375 0.49375 0.0671875 0.0875
21 0.44921875 0.5 0.0828125 0.090625
21 0.5375 0.5015625 0.084375 0.0875
21 0.896875 0.5015625 0.04384765625 0.05322265625
21 0.63359375 0.5015625 0.0859375 0.08427734375
21 0.953125 0.50234375 0.04990234375 0.053125
21 0.8390625 0.50625 0.04375 0.06259765625
21 0.74296875 0.671875 0.0421875 0.0564453125
21 0.69140625 0.6734375 0.046875 0.05625
21 0.59140625 0.67578125 0.046875 0.05625
21 0.6390625 0.67578125 0.05 0.05625
21 0.53828125 0.678125 0.04375 0.053125
21 0.4421875 0.67890625 0.046875 0.0546875
21 0.49296875 0.67890625 0.0453125 0.0546875