21 0.3640625 0.2171875 0.08125 0.11572265625
21 0.18125 0.2171875 0.090625 0.1216796875
21 0.27421875 0.2171875 0.0875 0.115625
21 0.0921875 0.22265625 0.08427734375 0.1203125
21 0.44453125 0.2296875 0.0703125 0.09072265625
21 0.79296875 0.234375 0.0609375 0.06875
21 0.7328125 0.2359375 0.05625 0.06572265625
21 0.56953125 0.23828125 0.0546875 0.0671875
21 0.51171875 0.240625 0.053125 0.06865234375
21 0.68046875 0.25 0.0484375 0.0375
21 0.6234375 0.2515625 0.0529296875 0.0375
21 0.78515625 0.39296875 0.0921875 0.0984375
21 0.21015625 0.396875 0.0984375 0.109375
21 0.68359375 0.39765625 0.0921875 0.103125
21 0.59140625 0.4 0.08125 0.08759765625
21 0.1109375 0.40390625 0.0875 0.1046875
21 0.40390625 0.4046875 0.0921875 0.09072265625
21 0.3140625 0.4046875 0.09072265625 0.09677734375
21 0.50390625 0.4046875 0.0875 0.09072265625
21 0.58203125 0.553125 0.0765625 0.08115234375
21 0.75859375 0.55390625 0.071875 0.0703125
21 0.49296875 0.55625 0.0828125 0.075
21 0.671875 0.5578125 0.0875 0.07177734375