21 0.234375 0.1046875 0.0564453125 0.0470703125
21 0.28984375 0.1109375 0.0546875 0.05625
21 0.5625 0.11796875 0.053125 0.04375
21 0.6203125 0.12734375 0.05625 0.0484375
21 0.671875 0.13203125 0.053125 0.05
21 0.78828125 0.134375 0.0546875 0.04375
21 0.7296875 0.134375 0.059375 0.04375
21 0.4421875 0.13828125 0.05927734375 0.04375
21 0.2296875 0.16328125 0.05927734375 0.075
21 0.29921875 0.16953125 0.059375 0.0625
21 0.35234375 0.171875 0.0390625 0.0623046875
21 0.39765625 0.1734375 0.040625 0.05947265625
21 0.5625 0.1734375 0.05625 0.06875
21 0.62109375 0.18046875 0.05625 0.0578125
21 0.44453125 0.18125 0.0515625 0.04384765625
21 0.73203125 0.18515625 0.05625 0.05625
21 0.67578125 0.18515625 0.053125 0.0546875
21 0.79296875 0.18515625 0.05625 0.05625
21 0.2140625 0.2703125 0.02177734375 0.06552734375
21 0.1859375 0.271875 0.025 0.0685546875
21 0.24375 0.27265625 0.02490234375 0.0671875
21 0.303125 0.27265625 0.021875 0.0671875
21 0.27265625 0.27265625 0.0203125 0.0671875
21 0.3578125 0.27421875 0.02177734375 0.065625
21 0.33046875 0.275 0.021875 0.0685546875
21 0.38671875 0.275 0.0296875 0.06865234375
21 0.41328125 0.2765625 0.028125 0.0658203125
21 0.4546875 0.27890625 0.04052734375 0.0609375
21 0.49765625 0.27890625 0.0375 0.0609375
21 0.68515625 0.27890625 0.05 0.0671875
21 0.74140625 0.27890625 0.053125 0.0671875
21 0.53828125 0.2875 0.0296875 0.04375
21 0.79921875 0.2875 0.0515625 0.053125
21 0.5734375 0.28828125 0.02802734375 0.04375
21 0.6078125 0.28984375 0.028125 0.0453125
21 0.6421875 0.28984375 0.02802734375 0.04375
21 0.8546875 0.2921875 0.046875 0.04677734375
21 0.265625 0.34140625 0.025 0.0328125
21 0.328125 0.3421875 0.025 0.03447265625
21 0.296875 0.3421875 0.025 0.03447265625
21 0.53359375 0.35078125 0.025 0.0359375
21 0.5671875 0.35078125 0.0279296875 0.0375
21 0.60234375 0.35078125 0.028125 0.0359375
21 0.1921875 0.36875 0.03125 0.05615234375
21 0.22578125 0.36875 0.0328125 0.05615234375
21 0.365625 0.3703125 0.046875 0.06572265625
21 0.63203125 0.37265625 0.025 0.021875
21 0.66015625 0.37265625 0.028125 0.021875
21 0.41328125 0.3765625 0.0359375 0.053125
21 0.2609375 0.3796875 0.0279296875 0.0345703125
21 0.45703125 0.3796875 0.0359375 0.05322265625
21 0.49609375 0.3796875 0.0390625 0.0591796875
21 0.2921875 0.38125 0.02802734375 0.0375
21 0.3234375 0.38125 0.025 0.0375
21 0.73671875 0.38203125 0.0546875 0.0640625
21 0.53515625 0.38828125 0.0296875 0.0375
21 0.56953125 0.3890625 0.028125 0.0375
21 0.60234375 0.3890625 0.0296875 0.04052734375
21 0.79453125 0.3921875 0.0484375 0.05322265625
21 0.84609375 0.3921875 0.046875 0.04677734375
21 0.634375 0.39921875 0.028125 0.0234375
21 0.66484375 0.39921875 0.0234375 0.0234375