21 0.2515625 0.73203125 0.02197265625 0.04375
21 0.27734375 0.73203125 0.0234375 0.0421875
21 0.3015625 0.734375 0.02197265625 0.04365234375
21 0.38671875 0.7328125 0.025 0.04375
21 0.3296875 0.734375 0.02822265625 0.040625
21 0.3578125 0.734375 0.02197265625 0.040625
21 0.415625 0.734375 0.02509765625 0.04365234375
21 0.25859375 0.83046875 0.0234375 0.0234375
21 0.2828125 0.8328125 0.0158203125 0.021875
21 0.51171875 0.85078125 0.04375 0.053125
21 0.41953125 0.853125 0.0390625 0.05009765625
21 0.37734375 0.853125 0.0390625 0.05
21 0.46640625 0.8546875 0.0453125 0.04697265625
21 0.25625 0.86796875 0.02490234375 0.025
21 0.28359375 0.86875 0.0234375 0.021875
21 0.24375 0.2484375 0.05009765625 0.09052734375
21 0.66796875 0.25234375 0.05 0.0796875
21 0.35 0.2515625 0.05009765625 0.084375
21 0.72109375 0.2515625 0.0515625 0.0841796875
21 0.76953125 0.2515625 0.0453125 0.08427734375
21 0.615625 0.25234375 0.0501953125 0.0796875
21 0.5609375 0.25234375 0.04677734375 0.075
21 0.2984375 0.25390625 0.05302734375 0.0828125
21 0.45546875 0.2546875 0.0515625 0.07802734375
21 0.5109375 0.2546875 0.05 0.071875
21 0.40234375 0.2546875 0.05 0.078125
21 0.321875 0.375 0.040625 0.084375
21 0.36796875 0.3765625 0.0421875 0.0845703125
21 0.6765625 0.38203125 0.0345703125 0.065625
21 0.5640625 0.38203125 0.0345703125 0.0671875
21 0.7515625 0.38203125 0.03447265625 0.0640625
21 0.63828125 0.38203125 0.0359375 0.0640625
21 0.7140625 0.38203125 0.03427734375 0.0625
21 0.6 0.38203125 0.034375 0.0671875
21 0.525 0.38359375 0.03740234375 0.0671875
21 0.4109375 0.384375 0.034375 0.06259765625
21 0.48671875 0.38359375 0.0359375 0.065625
21 0.4484375 0.384375 0.03447265625 0.06259765625
21 0.40390625 0.4890625 0.0328125 0.0783203125
21 0.43984375 0.4890625 0.0359375 0.078125
21 0.3265625 0.490625 0.03447265625 0.08134765625
21 0.28984375 0.490625 0.034375 0.08125
21 0.25234375 0.49140625 0.0359375 0.0796875
21 0.6828125 0.4953125 0.0279296875 0.0658203125
21 0.365625 0.4953125 0.0373046875 0.071875
21 0.59375 0.4953125 0.028125 0.065625
21 0.65390625 0.4953125 0.028125 0.06572265625
21 0.62265625 0.4953125 0.028125 0.06875
21 0.475 0.4953125 0.025 0.06572265625
21 0.53515625 0.4953125 0.028125 0.06572265625
21 0.5046875 0.49609375 0.028125 0.0671875
21 0.5640625 0.49609375 0.025 0.065625
21 0.453125 0.60234375 0.04384765625 0.0578125
21 0.4078125 0.603125 0.04677734375 0.05634765625