21 0.75625 0.6859375 0.04365234375 0.04375
21 0.80078125 0.6875 0.040625 0.04375
21 0.4578125 0.68984375 0.02822265625 0.0421875
21 0.3921875 0.6890625 0.0283203125 0.040625
21 0.703125 0.6890625 0.05 0.04375
21 0.4265625 0.68984375 0.034375 0.040625
21 0.6453125 0.68984375 0.046875 0.0421875
21 0.490625 0.68984375 0.0373046875 0.0421875
21 0.3546875 0.68984375 0.034375 0.040625
21 0.59140625 0.68984375 0.05 0.0421875
21 0.53828125 0.68984375 0.046875 0.0421875
21 0.2171875 0.68984375 0.03125 0.040625
21 0.2859375 0.69140625 0.03427734375 0.040625
21 0.31953125 0.69140625 0.0359375 0.040625
21 0.2515625 0.6921875 0.03427734375 0.04052734375
21 0.2953125 0.83984375 0.0279296875 0.021875
21 0.3265625 0.84140625 0.0283203125 0.021875
21 0.265625 0.84140625 0.0310546875 0.0234375
21 0.3609375 0.84140625 0.02822265625 0.0234375
21 0.38828125 0.84140625 0.0296875 0.025
21 0.234375 0.84140625 0.03125 0.025
21 0.41953125 0.8421875 0.03125 0.02197265625
21 0.38671875 0.8734375 0.0296875 0.02197265625
21 0.2953125 0.8734375 0.02822265625 0.02802734375
21 0.35703125 0.875 0.0296875 0.025
21 0.3265625 0.875 0.028125 0.02509765625
21 0.23203125 0.875 0.0296875 0.025
21 0.41796875 0.875 0.03125 0.025
21 0.26171875 0.8765625 0.0265625 0.025
21 0.41484375 0.91328125 0.0328125 0.0265625
21 0.35 0.91328125 0.02509765625 0.025
21 0.38125 0.91484375 0.028125 0.0234375
21 0.25703125 0.91484375 0.0296875 0.0265625
21 0.31875 0.915625 0.03125 0.025
21 0.22578125 0.915625 0.0296875 0.025
21 0.28828125 0.915625 0.0296875 0.0251953125
21 0.709375 0.3140625 0.0248046875 0.0404296875
21 0.73671875 0.3140625 0.025 0.040625
21 0.5375 0.34375 0.040625 0.071875
21 0.49296875 0.3453125 0.040625 0.07177734375
21 0.68359375 0.35 0.0328125 0.06240234375
21 0.6140625 0.3484375 0.02802734375 0.05947265625
21 0.64765625 0.35 0.034375 0.0625
21 0.71640625 0.35703125 0.025 0.04375
21 0.74765625 0.35703125 0.025 0.04375
21 0.5 0.43359375 0.0560546875 0.0609375
21 0.61328125 0.43515625 0.053125 0.053125
21 0.3109375 0.4359375 0.04677734375 0.05322265625
21 0.44375 0.43515625 0.040625 0.05625
21 0.4015625 0.4359375 0.040625 0.05625
21 0.22734375 0.4375 0.0421875 0.053125
21 0.26796875 0.4390625 0.0421875 0.053125
21 0.35703125 0.4375 0.0453125 0.05009765625
21 0.5578125 0.4390625 0.05322265625 0.04677734375
21 0.66953125 0.43984375 0.05625 0.0453125
21 0.72734375 0.43984375 0.05625 0.05
21 0.41328125 0.51953125 0.025 0.0546875
21 0.3859375 0.51953125 0.02197265625 0.05625
21 0.4390625 0.5203125 0.025 0.05322265625
21 0.76171875 0.52265625 0.05625 0.053125
21 0.64921875 0.52265625 0.053125 0.0515625
21 0.70703125 0.52421875 0.05625 0.053125
21 0.3484375 0.525 0.04052734375 0.05625
21 0.59609375 0.52421875 0.053125 0.053125
21 0.22265625 0.525 0.040625 0.05625
21 0.2640625 0.525 0.040625 0.05625
21 0.30625 0.525 0.040625 0.05625
21 0.540625 0.52421875 0.05615234375 0.053125
21 0.4890625 0.52421875 0.053125 0.0515625
21 0.740625 0.60234375 0.05009765625 0.040625
21 0.62890625 0.603125 0.05 0.04375
21 0.8015625 0.603125 0.05 0.040625
21 0.68359375 0.6046875 0.0515625 0.0404296875
21 0.4828125 0.6046875 0.03125 0.04052734375
21 0.446875 0.6046875 0.03125 0.04052734375
21 0.5171875 0.60546875 0.0283203125 0.0390625
21 0.37734375 0.60546875 0.0296875 0.0390625
21 0.4109375 0.60546875 0.034375 0.0375
21 0.23828125 0.60703125 0.03125 0.0375
21 0.27265625 0.6078125 0.034375 0.0375
21 0.34375 0.60703125 0.034375 0.0359375
21 0.3109375 0.6078125 0.03125 0.03447265625
21 0.58515625 0.609375 0.028125 0.034375
21 0.55078125 0.6109375 0.03125 0.02822265625