21 0.6140625 0.31015625 0.090625 0.071875
21 0.8109375 0.3109375 0.0970703125 0.0716796875
21 0.71171875 0.3125 0.09375 0.06884765625
21 0.90625 0.3125 0.09365234375 0.06875
21 0.9265625 0.3953125 0.071875 0.03447265625
21 0.84765625 0.3953125 0.071875 0.0404296875
21 0.7703125 0.39765625 0.07802734375 0.0390625
21 0.61640625 0.39765625 0.0640625 0.0359375
21 0.6921875 0.39921875 0.07197265625 0.0359375
21 0.4375 0.39921875 0.040625 0.021875
21 0.3921875 0.39921875 0.04052734375 0.021875
21 0.5453125 0.39921875 0.059375 0.0359375
21 0.3453125 0.4 0.04072265625 0.021875
21 0.4859375 0.4 0.040625 0.021875
21 0.3859375 0.42421875 0.04697265625 0.028125
21 0.33671875 0.42421875 0.04375 0.028125
21 0.43359375 0.42578125 0.05625 0.028125
21 0.484375 0.4265625 0.040625 0.021875
21 0.54296875 0.4390625 0.0671875 0.04677734375
21 0.9234375 0.43984375 0.07197265625 0.0484375
21 0.8453125 0.44140625 0.0658203125 0.0484375
21 0.61640625 0.44140625 0.0671875 0.0453125
21 0.77421875 0.4421875 0.0734375 0.046875
21 0.69375 0.4421875 0.07490234375 0.04677734375
21 0.1671875 0.44453125 0.05927734375 0.040625
21 0.22578125 0.44453125 0.0578125 0.04375
21 0.28359375 0.44609375 0.0515625 0.0421875
21 0.1109375 0.44609375 0.05625 0.040625
21 0.38828125 0.453125 0.0421875 0.025
21 0.4390625 0.453125 0.0408203125 0.025
21 0.3390625 0.453125 0.04375 0.025
21 0.4859375 0.4546875 0.04052734375 0.025