21 0.72734375 0.17890625 0.028125 0.025
21 0.759375 0.17890625 0.028125 0.025
21 0.84375 0.1828125 0.0375 0.07177734375
21 0.6828125 0.1921875 0.05302734375 0.05927734375
21 0.803125 0.19453125 0.03134765625 0.0484375
21 0.7296875 0.20703125 0.02822265625 0.0265625
21 0.765625 0.20703125 0.0373046875 0.021875
21 0.75390625 0.2953125 0.046875 0.08447265625
21 0.55859375 0.3109375 0.0640625 0.05625
21 0.696875 0.3109375 0.05634765625 0.05322265625
21 0.6296875 0.3125 0.0625 0.05625
21 0.3328125 0.4109375 0.0658203125 0.0779296875
21 0.26171875 0.4125 0.0671875 0.07509765625
21 0.19453125 0.41328125 0.0625 0.06875
21 0.1265625 0.41328125 0.059375 0.06875
21 0.7796875 0.415625 0.071875 0.075
21 0.84375 0.4171875 0.053125 0.07802734375
21 0.6046875 0.41953125 0.046875 0.0640625
21 0.55390625 0.41953125 0.04375 0.0640625
21 0.4703125 0.42890625 0.034375 0.0484375
21 0.50859375 0.428125 0.0359375 0.04384765625
21 0.38671875 0.42890625 0.0359375 0.0453125
21 0.42421875 0.428125 0.034375 0.04384765625