21 0.2328125 0.1421875 0.0625 0.078125
21 0.1703125 0.1421875 0.0595703125 0.075
21 0.1046875 0.14453125 0.0591796875 0.0765625
21 0.040625 0.1453125 0.059375 0.0783203125
21 0.396875 0.15234375 0.04365234375 0.0515625
21 0.3453125 0.15234375 0.04677734375 0.05625
21 0.29296875 0.15234375 0.0453125 0.0515625
21 0.28125 0.2671875 0.03740234375 0.06552734375
21 0.23671875 0.2671875 0.0375 0.0654296875
21 0.23671875 0.33046875 0.040625 0.0578125
21 0.2828125 0.33046875 0.0345703125 0.0578125
21 0.30546875 0.47734375 0.04375 0.0375
21 0.44140625 0.47734375 0.0359375 0.040625
21 0.3546875 0.478125 0.04052734375 0.040625
21 0.4 0.478125 0.03740234375 0.040625
21 0.1 0.50703125 0.040625 0.0609375
21 0.25625 0.50859375 0.04384765625 0.0609375
21 0.2015625 0.5109375 0.04677734375 0.065625
21 0.04921875 0.5109375 0.0453125 0.065625
21 0.14921875 0.5109375 0.04375 0.065625
21 0.44375 0.51953125 0.040625 0.0359375
21 0.35703125 0.51953125 0.0359375 0.0359375
21 0.4 0.51953125 0.0376953125 0.0328125
21 0.3109375 0.5203125 0.04677734375 0.03447265625
21 0.10546875 0.8765625 0.0765625 0.10302734375
21 0.196875 0.87265625 0.08134765625 0.1
21 0.60546875 0.8921875 0.0765625 0.05947265625
21 0.43984375 0.89296875 0.0703125 0.0671875
21 0.521875 0.89296875 0.0748046875 0.065625
21 0.36171875 0.89453125 0.071875 0.0703125
21 0.27734375 0.8953125 0.0765625 0.075