21 0.05546875 0.4078125 0.0921875 0.1154296875
21 0.1359375 0.421875 0.0658203125 0.0876953125
21 0.39453125 0.4359375 0.0734375 0.09697265625
21 0.196875 0.4375 0.05009765625 0.06865234375
21 0.4703125 0.44140625 0.06875 0.1015625
21 0.25390625 0.4421875 0.0546875 0.075
21 0.8765625 0.4578125 0.07822265625 0.11572265625
21 0.55546875 0.45703125 0.1046875 0.08125
21 0.95703125 0.46171875 0.0734375 0.121875
21 0.31953125 0.459375 0.0609375 0.04365234375
21 0.66484375 0.4625 0.090625 0.0875
21 0.76953125 0.46875 0.103125 0.08759765625
21 0.6625 0.58984375 0.08134765625 0.1046875
21 0.5640625 0.59765625 0.09052734375 0.071875
21 0.75 0.6046875 0.071875 0.0875
21 0.828125 0.6109375 0.08125 0.090625