21 0.67421875 0.1046875 0.0578125 0.078125
21 0.734375 0.1046875 0.05625 0.075
21 0.6140625 0.1046875 0.05322265625 0.07802734375
21 0.79296875 0.1046875 0.053125 0.07802734375
21 0.34765625 0.2015625 0.05 0.06552734375
21 0.24609375 0.2015625 0.0546875 0.0595703125
21 0.2953125 0.203125 0.04677734375 0.06259765625
21 0.6609375 0.20703125 0.03447265625 0.0515625
21 0.6265625 0.20703125 0.034375 0.0515625
21 0.5890625 0.20703125 0.03125 0.0515625
21 0.3921875 0.209375 0.04052734375 0.04384765625
21 0.43515625 0.21015625 0.0375 0.046875
21 0.47578125 0.21015625 0.0375 0.0484375
21 0.5515625 0.2171875 0.02822265625 0.02802734375
21 0.5140625 0.2171875 0.02822265625 0.02802734375
21 0.6609375 0.31015625 0.065625 0.075
21 0.7953125 0.3125 0.0625 0.0689453125
21 0.59375 0.3140625 0.065625 0.071875
21 0.52265625 0.31484375 0.0671875 0.0734375
21 0.7296875 0.31484375 0.06572265625 0.0671875
21 0.228125 0.31953125 0.059375 0.0609375
21 0.4578125 0.32109375 0.05625 0.0546875
21 0.40234375 0.321875 0.05625 0.0564453125
21 0.3453125 0.321875 0.05927734375 0.05615234375
21 0.2859375 0.3234375 0.0625 0.05927734375
21 0.72734375 0.4375 0.0546875 0.05634765625
21 0.5359375 0.4375 0.05625 0.05625
21 0.6671875 0.4375 0.05927734375 0.05625
21 0.3421875 0.4390625 0.05625 0.0595703125
21 0.2234375 0.4390625 0.05625 0.05947265625
21 0.7953125 0.4390625 0.0625 0.05625
21 0.28359375 0.43984375 0.05625 0.0578125
21 0.60078125 0.43984375 0.0640625 0.05625
21 0.40390625 0.43984375 0.0609375 0.05625
21 0.47265625 0.43984375 0.0625 0.053125
21 0.19375 0.5484375 0.06259765625 0.08125
21 0.334375 0.55078125 0.06865234375 0.0796875
21 0.2640625 0.55078125 0.071875 0.078125
21 0.4734375 0.5515625 0.06552734375 0.075
21 0.6109375 0.5515625 0.0658203125 0.071875
21 0.54453125 0.5515625 0.05625 0.075
21 0.81484375 0.5515625 0.065625 0.075
21 0.74375 0.553125 0.06865234375 0.075
21 0.40859375 0.553125 0.0625 0.0748046875
21 0.67421875 0.55390625 0.0671875 0.0703125