21 0.6296875 0.4375 0.07822265625 0.103125
21 0.5484375 0.4390625 0.075 0.09677734375
21 0.14921875 0.44453125 0.046875 0.0671875
21 0.09375 0.44609375 0.04384765625 0.065625
21 0.47109375 0.44609375 0.06875 0.0796875
21 0.2015625 0.446875 0.04677734375 0.06865234375
21 0.25234375 0.4484375 0.0453125 0.065625
21 0.3078125 0.4484375 0.05 0.06572265625
21 0.359375 0.45078125 0.0501953125 0.065625
21 0.4125 0.4515625 0.04384765625 0.06572265625
21 0.70546875 0.4515625 0.0640625 0.0783203125
21 0.7765625 0.45703125 0.06875 0.0703125
21 0.1078125 0.60703125 0.0658203125 0.1015625
21 0.18046875 0.6078125 0.06875 0.10302734375
21 0.25234375 0.6109375 0.0640625 0.103125
21 0.3265625 0.61171875 0.06875 0.103125
21 0.4 0.61328125 0.06259765625 0.103125
21 0.46640625 0.625 0.05625 0.08115234375
21 0.52734375 0.6265625 0.053125 0.07822265625
21 0.5875 0.62734375 0.053125 0.0765625
21 0.64765625 0.62734375 0.0546875 0.0796875
21 0.71015625 0.6296875 0.05625 0.07822265625
21 0.77421875 0.63203125 0.05625 0.0796875
21 0.58515625 0.7203125 0.0359375 0.04072265625
21 0.63125 0.72265625 0.0373046875 0.040625
21 0.12734375 0.75625 0.0671875 0.09365234375
21 0.19921875 0.75703125 0.065625 0.0984375
21 0.27265625 0.7609375 0.0640625 0.096875
21 0.3296875 0.77890625 0.040625 0.059375
21 0.37890625 0.7796875 0.0453125 0.05947265625
21 0.5515625 0.78515625 0.03447265625 0.0609375
21 0.59375 0.7859375 0.03125 0.0595703125
21 0.6359375 0.7875 0.03447265625 0.06240234375
21 0.42578125 0.790625 0.0359375 0.03759765625
21 0.46640625 0.7921875 0.034375 0.04052734375
21 0.50625 0.7921875 0.0375 0.0375