21 0.28828125 0.17421875 0.0546875 0.059375
21 0.375 0.28359375 0.06240234375 0.0765625
21 0.5109375 0.28515625 0.059375 0.075
21 0.44453125 0.2875 0.0609375 0.0748046875
21 0.57421875 0.2875 0.059375 0.07509765625
21 0.2703125 0.2875 0.046875 0.06865234375
21 0.31953125 0.28828125 0.04375 0.06875
21 0.1578125 0.2921875 0.02822265625 0.053125
21 0.1203125 0.29296875 0.034375 0.053125
21 0.1921875 0.29296875 0.02822265625 0.053125
21 0.228125 0.29453125 0.03125 0.053125
21 0.3890625 0.36640625 0.03447265625 0.040625
21 0.42578125 0.36796875 0.03125 0.040625
21 0.25234375 0.38671875 0.0296875 0.0296875
21 0.2140625 0.38671875 0.0345703125 0.03125
21 0.28515625 0.38828125 0.0296875 0.0296875
21 0.31953125 0.3890625 0.0296875 0.0283203125
21 0.35234375 0.3890625 0.0296875 0.02822265625
21 0.75 0.40234375 0.059375 0.0703125
21 0.6875 0.4046875 0.059375 0.06552734375
21 0.51328125 0.40625 0.0453125 0.06259765625
21 0.6234375 0.40625 0.05625 0.06259765625
21 0.46640625 0.40625 0.04375 0.06259765625
21 0.86640625 0.40859375 0.04375 0.05625
21 0.5625 0.40859375 0.05 0.0578125
21 0.8109375 0.40859375 0.05302734375 0.059375
21 0.384375 0.4125 0.03115234375 0.04990234375
21 0.421875 0.41328125 0.03740234375 0.0484375
21 0.21015625 0.4203125 0.0359375 0.02822265625
21 0.2453125 0.4203125 0.028125 0.02822265625
21 0.27890625 0.421875 0.0296875 0.03115234375
21 0.3125 0.421875 0.028125 0.03115234375
21 0.34765625 0.421875 0.03125 0.03115234375