21 0.63828125 0.3796875 0.071875 0.08125
21 0.7203125 0.3796875 0.07197265625 0.07802734375
21 0.5609375 0.38203125 0.071875 0.08125
21 0.9078125 0.390625 0.07177734375 0.05634765625
21 0.82421875 0.39453125 0.071875 0.05625
21 0.13203125 0.5 0.0640625 0.09365234375
21 0.3703125 0.50859375 0.0625 0.06875
21 0.31484375 0.509375 0.0546875 0.06865234375
21 0.4828125 0.509375 0.05625 0.07490234375
21 0.2609375 0.509375 0.0529296875 0.071875
21 0.428125 0.509375 0.05615234375 0.075
21 0.19609375 0.51171875 0.0609375 0.0671875
21 0.67578125 0.515625 0.0453125 0.0501953125
21 0.6296875 0.51796875 0.05302734375 0.0515625
21 0.53828125 0.51953125 0.04375 0.0515625
21 0.5875 0.51953125 0.04365234375 0.0515625
21 0.72109375 0.52421875 0.04375 0.0328125
21 0.803125 0.52421875 0.03740234375 0.0328125
21 0.8859375 0.5265625 0.0375 0.034375
21 0.8453125 0.52734375 0.0345703125 0.034375
21 0.76328125 0.52890625 0.0375 0.0359375
21 0.290625 0.6390625 0.06884765625 0.0875
21 0.43046875 0.6390625 0.0703125 0.0875
21 0.3609375 0.6390625 0.06875 0.084375
21 0.2171875 0.64296875 0.07177734375 0.0828125
21 0.50234375 0.64296875 0.0671875 0.0765625
21 0.56875 0.64453125 0.065625 0.071875
21 0.7234375 0.64453125 0.06552734375 0.06875
21 0.65 0.64453125 0.06865234375 0.065625
21 0.14453125 0.6453125 0.071875 0.078125
21 0.8484375 0.64921875 0.059375 0.0625
21 0.7859375 0.64921875 0.05322265625 0.059375
21 0.90625 0.65234375 0.04384765625 0.05625