21 0.740625 0.171875 0.034375 0.03740234375
21 0.15390625 0.18125 0.06875 0.08134765625
21 0.2234375 0.18359375 0.06572265625 0.0765625
21 0.3609375 0.18359375 0.06572265625 0.0765625
21 0.29296875 0.18359375 0.0671875 0.075
21 0.43125 0.18515625 0.06875 0.075
21 0.49609375 0.1890625 0.0484375 0.06875
21 0.546875 0.1890625 0.046875 0.06875
21 0.6859375 0.1921875 0.053125 0.06552734375
21 0.59375 0.19609375 0.0314453125 0.0515625
21 0.63671875 0.19609375 0.0359375 0.0515625
21 0.73828125 0.20703125 0.034375 0.0296875
21 0.7703125 0.28515625 0.053125 0.053125
21 0.15625 0.31640625 0.03134765625 0.05625
21 0.19453125 0.3171875 0.0328125 0.05322265625
21 0.234375 0.3171875 0.03134765625 0.05322265625
21 0.26953125 0.3171875 0.0296875 0.05322265625
21 0.77421875 0.33984375 0.059375 0.040625
21 0.77265625 0.4015625 0.0546875 0.04697265625
21 0.31875 0.42421875 0.06865234375 0.0796875
21 0.2515625 0.42578125 0.06572265625 0.0765625
21 0.1765625 0.42578125 0.06572265625 0.0765625
21 0.3859375 0.4265625 0.0654296875 0.0716796875
21 0.44921875 0.43046875 0.059375 0.0609375
21 0.5453125 0.4390625 0.0345703125 0.0470703125
21 0.5046875 0.4390625 0.03447265625 0.05
21 0.77265625 0.4578125 0.053125 0.04697265625
21 0.77421875 0.51796875 0.0484375 0.0546875
21 0.771875 0.603125 0.05009765625 0.053125