21 0.94453125 0.16015625 0.0453125 0.08125
21 0.2671875 0.31015625 0.0716796875 0.103125
21 0.84609375 0.3109375 0.0359375 0.03427734375
21 0.3390625 0.3109375 0.0716796875 0.103125
21 0.884375 0.3109375 0.040625 0.03427734375
21 0.8109375 0.3125 0.034375 0.03740234375
21 0.41015625 0.3125 0.06875 0.103125
21 0.92421875 0.3125 0.040625 0.03740234375
21 0.47265625 0.3234375 0.059375 0.07822265625
21 0.53125 0.32578125 0.05625 0.0828125
21 0.58984375 0.3265625 0.0609375 0.08427734375
21 0.65 0.3265625 0.05634765625 0.08427734375
21 0.7671875 0.328125 0.05625 0.0810546875
21 0.709375 0.3296875 0.05625 0.0783203125
21 0.81640625 0.35078125 0.040625 0.034375
21 0.8578125 0.35234375 0.04052734375 0.0359375
21 0.89765625 0.353125 0.0375 0.03134765625
21 0.9359375 0.353125 0.03447265625 0.03134765625
21 0.5328125 0.415625 0.0345703125 0.0376953125
21 0.6234375 0.4171875 0.0345703125 0.0345703125
21 0.4890625 0.4171875 0.040625 0.0375
21 0.5765625 0.4171875 0.0375 0.03447265625
21 0.7140625 0.41796875 0.04052734375 0.0375
21 0.853125 0.41796875 0.0375 0.040625
21 0.6703125 0.41796875 0.0375 0.0375
21 0.76328125 0.41796875 0.040625 0.0390625
21 0.80859375 0.41796875 0.0390625 0.040625
21 0.89765625 0.41953125 0.040625 0.040625
21 0.03125 0.446875 0.03125 0.078125
21 0.1078125 0.45078125 0.034375 0.0765625
21 0.06953125 0.4515625 0.034375 0.078125
21 0.14296875 0.4515625 0.0375 0.0779296875
21 0.18359375 0.4515625 0.0296875 0.078125
21 0.22265625 0.453125 0.034375 0.08115234375
21 0.259375 0.4546875 0.0314453125 0.08125
21 0.2953125 0.4546875 0.03447265625 0.078125
21 0.37109375 0.45546875 0.0375 0.078125
21 0.4078125 0.45546875 0.025 0.078125
21 0.3328125 0.45546875 0.03427734375 0.0796875
21 0.44375 0.45546875 0.03125 0.078125
21 0.4859375 0.4671875 0.03447265625 0.05302734375
21 0.53125 0.46875 0.04365234375 0.05009765625
21 0.57578125 0.4703125 0.0421875 0.05302734375
21 0.6234375 0.4703125 0.04677734375 0.05302734375
21 0.6703125 0.47109375 0.04072265625 0.05
21 0.71875 0.47265625 0.04365234375 0.053125
21 0.76796875 0.47265625 0.040625 0.0484375
21 0.8140625 0.4734375 0.040625 0.053125
21 0.9078125 0.4734375 0.04052734375 0.05302734375
21 0.8609375 0.4734375 0.04052734375 0.053125
21 0.1296875 0.59375 0.06875 0.06865234375
21 0.20078125 0.59765625 0.065625 0.0734375
21 0.584375 0.59609375 0.059375 0.071875
21 0.51796875 0.5984375 0.0671875 0.071875
21 0.271875 0.5984375 0.06259765625 0.065625
21 0.06015625 0.5984375 0.0703125 0.071875
21 0.33515625 0.603125 0.059375 0.0625
21 0.6453125 0.603125 0.059375 0.06259765625
21 0.396875 0.60546875 0.05625 0.0609375
21 0.453125 0.60546875 0.05615234375 0.0578125
21 0.7640625 0.60703125 0.059375 0.0625
21 0.703125 0.60703125 0.05625 0.0625
21 0.8234375 0.6078125 0.05927734375 0.065625
21 0.884375 0.6078125 0.059375 0.0625