21 0.11171875 0.75390625 0.059375 0.075
21 0.1703125 0.75390625 0.05302734375 0.075
21 0.2328125 0.75625 0.05322265625 0.075
21 0.4046875 0.75703125 0.04677734375 0.075
21 0.459375 0.75859375 0.04384765625 0.0796875
21 0.290625 0.775 0.05009765625 0.03759765625
21 0.35 0.775 0.053125 0.03759765625
21 0.1078125 0.89453125 0.08125 0.078125
21 0.19453125 0.89453125 0.0765625 0.0765625
21 0.28359375 0.9 0.0796875 0.0875
21 0.125 0.2796875 0.11240234375 0.13427734375
21 0.240625 0.2859375 0.109375 0.128125
21 0.34375 0.30078125 0.075 0.1109375
21 0.4234375 0.30390625 0.07802734375 0.1109375
21 0.50625 0.30625 0.075 0.10634765625
21 0.14921875 0.4421875 0.1078125 0.10625
21 0.26171875 0.44609375 0.10625 0.109375
21 0.2828125 0.60546875 0.06572265625 0.1078125
21 0.11875 0.60546875 0.07490234375 0.1
21 0.203125 0.609375 0.075 0.096875
21 0.3609375 0.6109375 0.071875 0.103125
21 0.4375 0.61171875 0.06884765625 0.1046875