21 0.9171875 0.625 0.075 0.06240234375
21 0.7609375 0.6265625 0.075 0.059375
21 0.8375 0.6265625 0.0748046875 0.0595703125
21 0.6859375 0.6265625 0.07177734375 0.06552734375
21 0.61875 0.634375 0.0560546875 0.0439453125
21 0.3125 0.6359375 0.04990234375 0.04677734375
21 0.4359375 0.634375 0.05322265625 0.04375
21 0.4953125 0.6359375 0.05302734375 0.04677734375
21 0.37265625 0.6359375 0.0546875 0.0466796875
21 0.5578125 0.634375 0.0533203125 0.0439453125
21 0.10703125 0.64453125 0.0515625 0.0265625
21 0.15859375 0.64453125 0.0453125 0.0265625
21 0.2078125 0.64453125 0.04677734375 0.028125
21 0.25703125 0.64453125 0.0453125 0.028125