21 0.4390625 0.16015625 0.0529296875 0.0765625
21 0.68984375 0.24296875 0.04375 0.059375
21 0.734375 0.24296875 0.0498046875 0.0546875
21 0.640625 0.24765625 0.04375 0.05625
21 0.59375 0.24765625 0.04384765625 0.05625
21 0.55078125 0.25 0.04375 0.05625
21 0.50390625 0.25625 0.04375 0.0498046875
21 0.365625 0.25703125 0.04365234375 0.0546875
21 0.45546875 0.25859375 0.0421875 0.046875
21 0.32109375 0.259375 0.0453125 0.0501953125
21 0.41015625 0.2609375 0.0421875 0.04677734375
21 0.27265625 0.2609375 0.0453125 0.0533203125
21 0.22578125 0.26171875 0.0453125 0.05
21 0.7328125 0.34609375 0.071875 0.0640625
21 0.51796875 0.34609375 0.075 0.0796875
21 0.44140625 0.3484375 0.0765625 0.08427734375
21 0.6609375 0.3484375 0.06572265625 0.06875
21 0.59375 0.35 0.06884765625 0.07490234375
21 0.2921875 0.35 0.0716796875 0.0873046875
21 0.36796875 0.35078125 0.0734375 0.08125
21 0.21875 0.35546875 0.075 0.08125
21 0.5796875 0.43515625 0.059375 0.0578125
21 0.5203125 0.43515625 0.05625 0.05625
21 0.46171875 0.4359375 0.059375 0.059375
21 0.31953125 0.44140625 0.059375 0.0546875
21 0.3890625 0.4421875 0.06572265625 0.04697265625
21 0.2390625 0.4421875 0.071875 0.053125