21 0.1140625 0.43359375 0.0595703125 0.0984375
21 0.22265625 0.4421875 0.0453125 0.08447265625
21 0.1734375 0.43984375 0.04375 0.0828125
21 0.271875 0.44140625 0.03759765625 0.0828125
21 0.60703125 0.4421875 0.0515625 0.075
21 0.5453125 0.44375 0.05302734375 0.07509765625
21 0.7515625 0.446875 0.06552734375 0.06259765625
21 0.67578125 0.4484375 0.0734375 0.06552734375
21 0.16015625 0.55078125 0.034375 0.025
21 0.203125 0.55078125 0.0373046875 0.021875
21 0.2453125 0.55078125 0.034375 0.021875
21 0.2875 0.5515625 0.03740234375 0.01875
21 0.46640625 0.578125 0.0359375 0.05634765625
21 0.50625 0.5765625 0.0375 0.05322265625
21 0.73203125 0.5765625 0.040625 0.05302734375
21 0.7828125 0.578125 0.040625 0.05615234375
21 0.27734375 0.58984375 0.0359375 0.028125
21 0.15234375 0.59140625 0.03125 0.028125
21 0.1921875 0.59140625 0.03447265625 0.028125
21 0.2359375 0.59140625 0.03427734375 0.0328125
21 0.765625 0.69375 0.08125 0.0625
21 0.47265625 0.82109375 0.0515625 0.0640625
21 0.5296875 0.8234375 0.05625 0.059375
21 0.5984375 0.8296875 0.0625 0.059375