21 0.11640625 0.7546875 0.0859375 0.10927734375
21 0.55078125 0.7546875 0.078125 0.11552734375
21 0.4625 0.7546875 0.08125 0.10947265625
21 0.375 0.75390625 0.0751953125 0.1109375
21 0.63828125 0.7546875 0.08125 0.11552734375
21 0.28984375 0.7546875 0.08125 0.10947265625
21 0.20546875 0.7546875 0.0828125 0.10947265625
21 0.225 0.9203125 0.065625 0.08125
21 0.0875 0.91796875 0.06259765625 0.08125
21 0.15625 0.91953125 0.06865234375 0.0828125
21 0.4078125 0.9359375 0.05302734375 0.04697265625
21 0.34609375 0.9390625 0.0484375 0.04072265625
21 0.4671875 0.9390625 0.05302734375 0.04697265625
21 0.28828125 0.93984375 0.0453125 0.0421875
21 0.18125 0.13125 0.05634765625 0.08759765625
21 0.24765625 0.13359375 0.05625 0.0890625
21 0.328125 0.2015625 0.07509765625 0.15927734375
21 0.4203125 0.203125 0.08125 0.1623046875
21 0.04453125 0.22578125 0.05625 0.0890625
21 0.11328125 0.22734375 0.05625 0.0890625
21 0.178125 0.2296875 0.05625 0.09072265625
21 0.24609375 0.23203125 0.05625 0.090625
21 0.1421875 0.5734375 0.10625 0.1158203125
21 0.26171875 0.5734375 0.109375 0.1158203125
21 0.63125 0.58671875 0.090625 0.09375
21 0.39453125 0.5875 0.09375 0.0875
21 0.5109375 0.58984375 0.096875 0.0875
21 0.728125 0.58984375 0.084375 0.0984375
21 0.95546875 0.59609375 0.0875 0.1015625
21 0.8484375 0.59609375 0.096875 0.0859375