21 0.41796875 0.23046875 0.0828125 0.0703125
21 0.609375 0.2296875 0.1123046875 0.0716796875
21 0.32421875 0.23203125 0.0875 0.0671875
21 0.896875 0.3734375 0.07509765625 0.084375
21 0.48046875 0.37734375 0.08125 0.0796875
21 0.39921875 0.37734375 0.0828125 0.078125
21 0.31484375 0.3859375 0.0578125 0.05625
21 0.24765625 0.38671875 0.0546875 0.0515625
21 0.1234375 0.396875 0.05625 0.03125
21 0.90859375 0.50625 0.10625 0.09990234375
21 0.7953125 0.50625 0.103125 0.09375
21 0.53984375 0.66484375 0.1 0.0796875