21 0.18984375 0.15 0.0203125 0.04990234375
21 0.1671875 0.15234375 0.0158203125 0.046875
21 0.24140625 0.15234375 0.01875 0.0453125
21 0.21484375 0.15390625 0.01875 0.0453125
21 0.2671875 0.1546875 0.02177734375 0.04677734375
21 0.734375 0.19375 0.0314453125 0.0498046875
21 0.546875 0.20078125 0.034375 0.0546875
21 0.58671875 0.2015625 0.034375 0.05625
21 0.66953125 0.2015625 0.0328125 0.05322265625
21 0.703125 0.2015625 0.0310546875 0.053125
21 0.62734375 0.2015625 0.0328125 0.0533203125
21 0.16015625 0.203125 0.01875 0.040625
21 0.23046875 0.203125 0.01875 0.040625
21 0.18359375 0.2046875 0.01875 0.040625
21 0.2078125 0.2046875 0.01572265625 0.040625
21 0.2609375 0.2046875 0.02177734375 0.040625
21 0.4125 0.30078125 0.0248046875 0.0515625
21 0.5265625 0.29921875 0.028125 0.0546875
21 0.4421875 0.3015625 0.025 0.05
21 0.55546875 0.30078125 0.025 0.0578125
21 0.5828125 0.3015625 0.02802734375 0.05927734375
21 0.6109375 0.30078125 0.02802734375 0.059375
21 0.49765625 0.3015625 0.025 0.053125
21 0.4703125 0.3015625 0.02197265625 0.05302734375
21 0.34140625 0.31015625 0.03125 0.0453125
21 0.31015625 0.3109375 0.03125 0.04697265625
21 0.37890625 0.3140625 0.034375 0.040625
21 0.4109375 0.3640625 0.028125 0.06572265625
21 0.43984375 0.3640625 0.025 0.065625
21 0.30625 0.365625 0.03125 0.059375
21 0.33984375 0.3640625 0.0328125 0.05927734375
21 0.525 0.365625 0.025 0.06865234375
21 0.4671875 0.36640625 0.028125 0.065625
21 0.61328125 0.365625 0.0265625 0.06865234375
21 0.49765625 0.365625 0.025 0.0626953125
21 0.55546875 0.365625 0.0265625 0.0626953125
21 0.5828125 0.36640625 0.025 0.0671875
21 0.3765625 0.36640625 0.02822265625 0.0546875
21 0.51796875 0.51796875 0.0375 0.075
21 0.4796875 0.51796875 0.03447265625 0.075
21 0.44140625 0.51953125 0.0359375 0.071875
21 0.56953125 0.53125 0.01875 0.05
21 0.58984375 0.53125 0.01875 0.05009765625
21 0.55078125 0.53125 0.0171875 0.05
21 0.61328125 0.5328125 0.01875 0.0529296875
21 0.5421875 0.696875 0.03427734375 0.0875
21 0.57578125 0.69921875 0.0328125 0.084375
21 0.6390625 0.69921875 0.02822265625 0.0828125
21 0.6078125 0.69921875 0.02822265625 0.084375
21 0.24609375 0.5140625 0.0375 0.07822265625
21 0.28359375 0.5140625 0.0359375 0.07802734375
21 0.321875 0.5171875 0.040625 0.07802734375
21 0.3609375 0.51953125 0.03447265625 0.0765625
21 0.39765625 0.515625 0.0359375 0.07509765625