21 0.19453125 0.3296875 0.075 0.1408203125
21 0.26796875 0.33515625 0.0703125 0.134375
21 0.34375 0.3421875 0.06240234375 0.12802734375
21 0.4109375 0.34609375 0.05322265625 0.1171875
21 0.46484375 0.37265625 0.0359375 0.0703125
21 0.50859375 0.375 0.034375 0.071875
21 0.54921875 0.3796875 0.034375 0.0654296875
21 0.5921875 0.38125 0.040625 0.06259765625
21 0.63203125 0.384375 0.034375 0.059375
21 0.6703125 0.38671875 0.03447265625 0.0578125
21 0.7078125 0.38828125 0.03125 0.0578125
21 0.74140625 0.39296875 0.028125 0.053125
21 0.775 0.39296875 0.03115234375 0.05625
21 0.8078125 0.3953125 0.03125 0.05322265625
21 0.8484375 0.39296875 0.04697265625 0.0640625
21 0.89921875 0.396875 0.0453125 0.05625
21 0.91015625 0.50390625 0.0453125 0.0734375
21 0.865625 0.50390625 0.03740234375 0.0765625
21 0.81640625 0.5046875 0.0515625 0.07802734375
21 0.7703125 0.5203125 0.03427734375 0.053125
21 0.7328125 0.521875 0.0375 0.0564453125