21 0.30625 0.14765625 0.01259765625 0.0609375
21 0.32421875 0.15 0.0140625 0.059375
21 0.3421875 0.15390625 0.01552734375 0.059375
21 0.3640625 0.1546875 0.01572265625 0.05947265625
21 0.25234375 0.1546875 0.0140625 0.03447265625
21 0.42578125 0.1578125 0.025 0.06572265625
21 0.453125 0.1578125 0.025 0.065625
21 0.2703125 0.1578125 0.01552734375 0.03447265625
21 0.384375 0.15859375 0.01865234375 0.059375
21 0.28828125 0.15859375 0.015625 0.0375
21 0.47734375 0.15859375 0.021875 0.0671875
21 0.40390625 0.16015625 0.0140625 0.0546875
21 0.2921875 0.25390625 0.02177734375 0.059375
21 0.31640625 0.25625 0.0203125 0.06240234375
21 0.33984375 0.26171875 0.021875 0.0609375
21 0.365625 0.26171875 0.021875 0.0609375
21 0.25703125 0.3234375 0.0171875 0.08447265625
21 0.27890625 0.32421875 0.0171875 0.084375
21 0.30078125 0.33203125 0.0234375 0.0796875
21 0.3265625 0.33203125 0.021875 0.0796875
21 0.35078125 0.334375 0.0234375 0.078125
21 0.203125 0.334375 0.025 0.0623046875
21 0.23203125 0.33515625 0.028125 0.0609375
21 0.375 0.33671875 0.0248046875 0.0765625
21 0.3296875 0.50390625 0.025 0.0984375
21 0.359375 0.50390625 0.025 0.0984375
21 0.41953125 0.509375 0.028125 0.084375
21 0.38828125 0.5109375 0.0296875 0.0875
21 0.31015625 0.0875 0.0140625 0.059375
21 0.3265625 0.08984375 0.0154296875 0.05625
21 0.34765625 0.0921875 0.015625 0.05625
21 0.36640625 0.0953125 0.015625 0.05625
21 0.38671875 0.09609375 0.01875 0.05625
21 0.25703125 0.11171875 0.0140625 0.0328125
21 0.27421875 0.11328125 0.0125 0.0328125
21 0.28984375 0.115625 0.0140625 0.034375