21 0.1515625 0.87265625 0.0904296875 0.0765625
21 0.584375 0.87265625 0.06865234375 0.0921875
21 0.65234375 0.8765625 0.065625 0.09677734375
21 0.72265625 0.87734375 0.0671875 0.0984375
21 0.7875 0.884375 0.0501953125 0.0751953125
21 0.89921875 0.88828125 0.05625 0.0765625
21 0.8421875 0.8890625 0.046875 0.078125
21 0.3265625 0.890625 0.0533203125 0.0625
21 0.2546875 0.89765625 0.07802734375 0.0640625
21 0.31875 0.3921875 0.10634765625 0.1375
21 0.70546875 0.4078125 0.0796875 0.12802734375
21 0.62265625 0.40859375 0.0796875 0.125
21 0.7859375 0.41015625 0.07802734375 0.128125
21 0.428125 0.41796875 0.075 0.1015625
21 0.52265625 0.41953125 0.0921875 0.0984375
21 0.8578125 0.42421875 0.0625 0.0921875
21 0.97578125 0.43984375 0.0484375 0.0640625
21 0.91953125 0.44140625 0.053125 0.0625
21 0.8375 0.59140625 0.05 0.11875
21 0.890625 0.6109375 0.046875 0.084375
21 0.946875 0.61328125 0.046875 0.0890625