21 0.1203125 0.40390625 0.08427734375 0.05625
21 0.03984375 0.40390625 0.0796875 0.0546875
21 0.6 0.04296875 0.075 0.0703125
21 0.52265625 0.04453125 0.0703125 0.0671875
21 0.95078125 0.4484375 0.0984375 0.09697265625
21 0.83671875 0.45078125 0.134375 0.1046875
21 0.70078125 0.45546875 0.134375 0.1
21 0.5640625 0.459375 0.14052734375 0.090625
21 0.3125 0.46875 0.10615234375 0.071875
21 0.20546875 0.4703125 0.0921875 0.06572265625
21 0.43515625 0.4703125 0.1046875 0.0625
21 0.03359375 0.47109375 0.0671875 0.0703125
21 0.1078125 0.47109375 0.090625 0.06875
21 0.2875 0.57578125 0.06259765625 0.0359375
21 0.21015625 0.58046875 0.0609375 0.0296875
21 0.53125 0.6046875 0.0935546875 0.08125
21 0.62890625 0.60546875 0.1015625 0.0828125
21 0.7296875 0.6078125 0.10302734375 0.07802734375
21 0.84375 0.6078125 0.11884765625 0.071875
21 0.03359375 0.60703125 0.0671875 0.084375
21 0.12109375 0.609375 0.1015625 0.0875
21 0.953125 0.61171875 0.09375 0.06875
21 0.36328125 0.61796875 0.0671875 0.0578125
21 0.44453125 0.61796875 0.0703125 0.059375
21 0.2125 0.6265625 0.0626953125 0.0345703125
21 0.2875 0.63125 0.06259765625 0.034375
21 0.80546875 0.7609375 0.05625 0.0875
21 0.93125 0.7609375 0.05 0.0875
21 0.86796875 0.76171875 0.053125 0.0875
21 0.74375 0.7640625 0.059375 0.084375
21 0.4625 0.7640625 0.12490234375 0.090625
21 0.1890625 0.765625 0.134375 0.09375
21 0.67890625 0.765625 0.0578125 0.0875
21 0.3265625 0.7671875 0.1341796875 0.090625
21 0.55859375 0.7671875 0.05625 0.090625
21 0.6140625 0.7671875 0.0533203125 0.084375
21 0.05859375 0.76640625 0.1171875 0.0921875
21 0.11171875 0.08984375 0.13125 0.134375
21 0.61328125 0.1203125 0.0703125 0.07802734375
21 0.53125 0.12265625 0.071875 0.075
21 0.4 0.275 0.125 0.12509765625
21 0.26796875 0.2765625 0.1265625 0.12802734375
21 0.040625 0.2875 0.08125 0.1
21 0.1421875 0.2921875 0.11552734375 0.09697265625