21 0.078125 0.1921875 0.04365234375 0.0625
21 0.025 0.19375 0.0439453125 0.0623046875
21 0.65390625 0.328125 0.0546875 0.10615234375
21 0.71484375 0.33046875 0.0515625 0.10625
21 0.7828125 0.35 0.071875 0.0625
21 0.8609375 0.35234375 0.06572265625 0.0609375
21 0.9390625 0.35234375 0.06875 0.05625
21 0.271875 0.45546875 0.08740234375 0.090625
21 0.18125 0.45546875 0.08134765625 0.090625
21 0.08984375 0.4625 0.0859375 0.0810546875
21 0.3640625 0.4625 0.0845703125 0.0935546875
21 0.66796875 0.475 0.0515625 0.075
21 0.728125 0.47578125 0.053125 0.071875
21 0.78984375 0.478125 0.0515625 0.075
21 0.8484375 0.47734375 0.053125 0.071875
21 0.91015625 0.4796875 0.0546875 0.07197265625
21 0.453125 0.48046875 0.04365234375 0.0546875
21 0.5515625 0.48046875 0.04052734375 0.053125
21 0.60703125 0.48046875 0.0421875 0.05625
21 0.5015625 0.48203125 0.046875 0.05625
21 0.90390625 0.728125 0.034375 0.03134765625
21 0.86328125 0.7296875 0.040625 0.03125
21 0.853125 0.7640625 0.040625 0.03125
21 0.9 0.7640625 0.046875 0.03125
21 0.890625 0.90390625 0.0625 0.0671875
21 0.821875 0.9078125 0.0625 0.05947265625