21 0.80390625 0.39765625 0.075 0.053125
21 0.640625 0.39765625 0.07509765625 0.053125
21 0.96875 0.39921875 0.0625 0.0515625
21 0.89296875 0.4 0.0765625 0.05009765625
21 0.5515625 0.4 0.0875 0.04384765625
21 0.72109375 0.4015625 0.0859375 0.04697265625
21 0.2015625 0.490625 0.05302734375 0.059375
21 0.25625 0.490625 0.0501953125 0.0564453125
21 0.0484375 0.49765625 0.040625 0.040625
21 0.0984375 0.4984375 0.040625 0.040625
21 0.1515625 0.4984375 0.0375 0.040625
21 0.8125 0.4984375 0.07509765625 0.05
21 0.9 0.4984375 0.07509765625 0.05
21 0.72734375 0.5015625 0.084375 0.046875