21 0.0453125 0.23671875 0.090625 0.1421875
21 0.14453125 0.2390625 0.0828125 0.13125
21 0.2359375 0.2453125 0.09052734375 0.12822265625
21 0.32421875 0.2484375 0.0828125 0.13125
21 0.4625 0.4421875 0.040625 0.040625
21 0.5890625 0.44375 0.03427734375 0.03759765625
21 0.50390625 0.44453125 0.0328125 0.04375
21 0.546875 0.44453125 0.03740234375 0.040625
21 0.96640625 0.46171875 0.0265625 0.053125
21 0.92890625 0.4625 0.03125 0.05009765625
21 0.89296875 0.4640625 0.0296875 0.053125
21 0.85234375 0.46484375 0.034375 0.0515625
21 0.17421875 0.46484375 0.075 0.096875
21 0.765625 0.46640625 0.034375 0.05625
21 0.725 0.46640625 0.0375 0.0609375
21 0.63203125 0.4671875 0.0359375 0.0654296875
21 0.81015625 0.4671875 0.0359375 0.05625
21 0.68046875 0.4671875 0.0359375 0.0625
21 0.3609375 0.475 0.0466796875 0.065625
21 0.41328125 0.475 0.040625 0.065625
21 0.24296875 0.47578125 0.0484375 0.06875
21 0.3015625 0.47578125 0.05 0.06875
21 0.5875 0.484375 0.03134765625 0.028125
21 0.46015625 0.4859375 0.0421875 0.03447265625
21 0.50625 0.48828125 0.034375 0.0359375
21 0.546875 0.48828125 0.03134765625 0.03125
21 0.29296875 0.61875 0.0828125 0.09384765625
21 0.20078125 0.6265625 0.0859375 0.1
21 0.10234375 0.62890625 0.0984375 0.1078125
21 0.8390625 0.7125 0.0591796875 0.0748046875
21 0.78359375 0.7140625 0.05625 0.07822265625
21 0.7234375 0.7234375 0.059375 0.07822265625
21 0.6625 0.73203125 0.0625 0.0828125
21 0.5890625 0.74140625 0.0658203125 0.0828125
21 0.5171875 0.74765625 0.071875 0.08125
21 0.4421875 0.75859375 0.07802734375 0.084375
21 0.359375 0.765625 0.0814453125 0.090625
21 0.27734375 0.775 0.08125 0.0875
21 0.1859375 0.7828125 0.0875 0.096875
21 0.0921875 0.78984375 0.084375 0.0984375
21 0.36796875 0.9046875 0.0703125 0.05947265625
21 0.28359375 0.9171875 0.0796875 0.0595703125
21 0.19375 0.93046875 0.078125 0.065625
21 0.10546875 0.93984375 0.0734375 0.0625