21 0.43125 0.23046875 0.0376953125 0.0484375
21 0.47109375 0.2296875 0.0359375 0.05302734375
21 0.3921875 0.23046875 0.0375 0.0453125
21 0.35 0.23046875 0.03740234375 0.0484375
21 0.5453125 0.2609375 0.03125 0.028125
21 0.58046875 0.26171875 0.03125 0.0234375
21 0.5109375 0.26171875 0.03125 0.028125
21 0.42890625 0.2796875 0.0328125 0.0466796875
21 0.4671875 0.28125 0.03447265625 0.04384765625
21 0.3484375 0.28125 0.03447265625 0.05
21 0.38828125 0.28125 0.0375 0.0498046875
21 0.54296875 0.28984375 0.034375 0.0296875
21 0.50625 0.290625 0.034375 0.03115234375
21 0.5765625 0.290625 0.028125 0.02509765625
21 0.57578125 0.4359375 0.05625 0.04697265625
21 0.44921875 0.4375 0.0609375 0.04990234375
21 0.51171875 0.4375 0.0609375 0.0501953125
21 0.63828125 0.4390625 0.059375 0.05
21 0.58046875 0.515625 0.0453125 0.059375
21 0.63125 0.515625 0.04384765625 0.0625
21 0.375 0.571875 0.04375 0.08125
21 0.5359375 0.5765625 0.05625 0.07822265625
21 0.41796875 0.58046875 0.0359375 0.071875
21 0.63671875 0.58515625 0.046875 0.0640625
21 0.5875 0.58515625 0.04375 0.065625
21 0.68359375 0.58671875 0.046875 0.0640625
21 0.49375 0.59140625 0.03115234375 0.0515625
21 0.56953125 0.7296875 0.0609375 0.07802734375
21 0.44453125 0.73046875 0.059375 0.0703125
21 0.50703125 0.73046875 0.05625 0.0703125
21 0.6421875 0.734375 0.059375 0.075