21 0.38125 0.87890625 0.03134765625 0.084375
21 0.421875 0.8796875 0.03740234375 0.08125
21 0.30546875 0.88203125 0.0296875 0.0828125
21 0.3421875 0.88359375 0.03427734375 0.0828125
21 0.26796875 0.884375 0.0328125 0.0814453125
21 0.18984375 0.8859375 0.0296875 0.08427734375
21 0.15234375 0.88671875 0.028125 0.0875
21 0.228125 0.88671875 0.034375 0.0859375
21 0.109375 0.88828125 0.03125 0.0859375
21 0.13828125 0.09140625 0.05625 0.10625
21 0.06640625 0.0921875 0.05625 0.10927734375
21 0.21171875 0.09375 0.0515625 0.103125
21 0.28828125 0.09375 0.0546875 0.10615234375
21 0.5109375 0.09375 0.053125 0.10634765625
21 0.36328125 0.09375 0.053125 0.10634765625
21 0.43515625 0.09375 0.053125 0.10634765625
21 0.5765625 0.09375 0.053125 0.10625
21 0.646875 0.09609375 0.05 0.10625
21 0.1234375 0.23203125 0.0375 0.0671875
21 0.1703125 0.23203125 0.0375 0.0625
21 0.21484375 0.23203125 0.0375 0.0640625
21 0.26328125 0.2328125 0.0359375 0.065625
21 0.44609375 0.2328125 0.0375 0.06875
21 0.30859375 0.2328125 0.0390625 0.06572265625
21 0.39921875 0.234375 0.0375 0.0685546875
21 0.72109375 0.234375 0.0359375 0.065625
21 0.5828125 0.234375 0.0375 0.06865234375
21 0.35546875 0.234375 0.0359375 0.0685546875
21 0.490625 0.234375 0.03740234375 0.06865234375
21 0.53515625 0.234375 0.040625 0.0685546875
21 0.62734375 0.234375 0.0359375 0.065625
21 0.7171875 0.234375 0.03447265625 0.065625
21 0.6734375 0.2359375 0.0345703125 0.065625
21 0.071875 0.28828125 0.04384765625 0.0921875
21 0.1265625 0.30078125 0.0375 0.065625
21 0.1703125 0.3015625 0.0375 0.065625
21 0.2203125 0.3015625 0.040625 0.0654296875
21 0.265625 0.3015625 0.0375 0.0654296875
21 0.7171875 0.3015625 0.03447265625 0.05947265625
21 0.3109375 0.303125 0.0404296875 0.0626953125
21 0.66953125 0.303125 0.0359375 0.06259765625
21 0.6265625 0.303125 0.034375 0.06259765625
21 0.4015625 0.303125 0.03447265625 0.06865234375
21 0.44609375 0.303125 0.0359375 0.06259765625
21 0.49296875 0.303125 0.03125 0.06259765625
21 0.5359375 0.303125 0.0375 0.06259765625
21 0.5828125 0.303125 0.034375 0.0685546875
21 0.35703125 0.30390625 0.0359375 0.065625
21 0.8171875 0.4078125 0.04052734375 0.03125
21 0.865625 0.40859375 0.0376953125 0.0328125
21 0.77890625 0.40859375 0.034375 0.0328125
21 0.4671875 0.43046875 0.0533203125 0.0765625
21 0.5828125 0.43046875 0.05322265625 0.075
21 0.52890625 0.43125 0.0546875 0.07509765625
21 0.40859375 0.43125 0.053125 0.07509765625
21 0.35 0.4328125 0.0560546875 0.0720703125
21 0.73671875 0.4375 0.0390625 0.053125
21 0.69140625 0.43984375 0.040625 0.0546875
21 0.63828125 0.44140625 0.040625 0.0546875
21 0.86328125 0.446875 0.0296875 0.03134765625
21 0.821875 0.446875 0.0314453125 0.0314453125
21 0.78125 0.446875 0.034375 0.03115234375
21 0.484375 0.57578125 0.0689453125 0.059375
21 0.165625 0.57421875 0.0626953125 0.0703125
21 0.4 0.57578125 0.06884765625 0.059375
21 0.234375 0.57578125 0.06259765625 0.0671875
21 0.30546875 0.5765625 0.075 0.05947265625
21 0.0953125 0.5828125 0.071875 0.05625