21 0.28125 0.2453125 0.103125 0.125
21 0.384375 0.24609375 0.09384765625 0.13125
21 0.22265625 0.42890625 0.053125 0.109375
21 0.28125 0.43046875 0.05634765625 0.1109375
21 0.33984375 0.4484375 0.05 0.075
21 0.39453125 0.45078125 0.0453125 0.0765625
21 0.38671875 0.5953125 0.0640625 0.08427734375
21 0.70546875 0.5953125 0.034375 0.08427734375
21 0.7453125 0.59609375 0.03447265625 0.0828125
21 0.78359375 0.59609375 0.0359375 0.0828125
21 0.5046875 0.5984375 0.0654296875 0.0841796875
21 0.57421875 0.6 0.0625 0.08134765625
21 0.3234375 0.6078125 0.046875 0.0658203125
21 0.646875 0.609375 0.0689453125 0.0560546875
21 0.44609375 0.61796875 0.0453125 0.0359375