21 0.70078125 0.1515625 0.053125 0.0779296875
21 0.759375 0.1515625 0.053125 0.0779296875
21 0.81640625 0.15234375 0.0515625 0.0765625
21 0.64296875 0.15234375 0.0515625 0.071875
21 0.7984375 0.228125 0.04052734375 0.02509765625
21 0.8375 0.23046875 0.03134765625 0.0296875
21 0.45078125 0.24609375 0.0453125 0.0625
21 0.30546875 0.240625 0.0453125 0.05009765625
21 0.5 0.24609375 0.04384765625 0.0625
21 0.3546875 0.2453125 0.04375 0.06552734375
21 0.54921875 0.2453125 0.0453125 0.05947265625
21 0.4015625 0.24609375 0.04677734375 0.0625
21 0.67578125 0.25234375 0.0359375 0.0453125
21 0.5953125 0.25234375 0.03447265625 0.046875
21 0.7171875 0.25234375 0.0345703125 0.046875
21 0.75859375 0.25234375 0.0359375 0.0484375
21 0.6359375 0.25234375 0.034375 0.046875
21 0.80078125 0.2609375 0.0359375 0.02822265625
21 0.83984375 0.26171875 0.0359375 0.028125
21 0.68359375 0.35234375 0.0625 0.071875
21 0.821875 0.3546875 0.0685546875 0.06875
21 0.61640625 0.3546875 0.0609375 0.0716796875
21 0.54921875 0.35546875 0.0640625 0.0703125
21 0.7515625 0.35546875 0.05947265625 0.065625
21 0.26796875 0.3609375 0.0515625 0.05322265625
21 0.32421875 0.36328125 0.053125 0.05625
21 0.48828125 0.36171875 0.053125 0.0546875
21 0.43359375 0.36328125 0.0453125 0.05625
21 0.38203125 0.365625 0.053125 0.05009765625
21 0.26328125 0.47265625 0.046875 0.05625
21 0.321875 0.4734375 0.05009765625 0.05322265625
21 0.37890625 0.47578125 0.0515625 0.05625
21 0.43359375 0.47578125 0.05625 0.0515625
21 0.5625 0.478125 0.05615234375 0.05615234375
21 0.49765625 0.478125 0.05625 0.05009765625
21 0.69140625 0.478125 0.05625 0.05009765625
21 0.7515625 0.478125 0.05322265625 0.05625
21 0.8140625 0.4796875 0.059375 0.053125
21 0.6234375 0.4796875 0.05625 0.05302734375
21 0.5625 0.58671875 0.05625 0.071875
21 0.62734375 0.58671875 0.059375 0.071875
21 0.69140625 0.58984375 0.06875 0.0671875
21 0.83046875 0.59140625 0.065625 0.0703125
21 0.76171875 0.58984375 0.0671875 0.071875
21 0.47265625 0.5953125 0.03125 0.05625
21 0.50859375 0.59609375 0.0296875 0.05625
21 0.5953125 0.89453125 0.059375 0.0984375
21 0.5328125 0.8953125 0.059375 0.096875
21 0.66015625 0.8953125 0.05625 0.096875
21 0.725 0.896875 0.05634765625 0.09990234375
21 0.8546875 0.9 0.0625 0.0998046875
21 0.7875 0.89765625 0.05634765625 0.0984375