21 0.86328125 0.6890625 0.0421875 0.05947265625
21 0.8125 0.6890625 0.0439453125 0.0591796875
21 0.7640625 0.68984375 0.04375 0.059375
21 0.71640625 0.69140625 0.0453125 0.0609375
21 0.665625 0.6921875 0.0439453125 0.0595703125
21 0.615625 0.6921875 0.05009765625 0.05947265625
21 0.5625 0.69375 0.046875 0.059375
21 0.41328125 0.6984375 0.0515625 0.05927734375
21 0.36171875 0.70078125 0.0484375 0.059375
21 0.51328125 0.7015625 0.0453125 0.05
21 0.4625 0.7015625 0.04384765625 0.046875
21 0.27890625 0.7546875 0.075 0.09052734375
21 0.9125 0.7546875 0.0435546875 0.0595703125
21 0.865625 0.75625 0.05 0.0685546875
21 0.1890625 0.75859375 0.07802734375 0.090625
21 0.7125 0.75859375 0.04375 0.0640625
21 0.8140625 0.75859375 0.05302734375 0.0609375
21 0.08515625 0.759375 0.0765625 0.08740234375
21 0.76171875 0.759375 0.05 0.0625
21 0.66328125 0.7609375 0.0484375 0.065625
21 0.61328125 0.76171875 0.0453125 0.065625
21 0.50859375 0.76328125 0.0484375 0.065625
21 0.5609375 0.7640625 0.05302734375 0.06552734375
21 0.45703125 0.765625 0.0453125 0.0625
21 0.35703125 0.7671875 0.0484375 0.06552734375
21 0.4078125 0.7671875 0.0470703125 0.0595703125
21 0.05546875 0.8890625 0.04375 0.065625
21 0.22109375 0.8921875 0.0484375 0.0658203125
21 0.27265625 0.89296875 0.0453125 0.0640625
21 0.1046875 0.89296875 0.0470703125 0.059375
21 0.1625 0.89453125 0.05009765625 0.0671875
21 0.9390625 0.928125 0.07802734375 0.115625
21 0.5640625 0.93125 0.07177734375 0.10634765625
21 0.86640625 0.93125 0.0671875 0.11240234375
21 0.48828125 0.9328125 0.0671875 0.10625
21 0.4109375 0.9328125 0.07177734375 0.11572265625
21 0.3375 0.9359375 0.071875 0.11552734375
21 0.79296875 0.93515625 0.071875 0.1078125
21 0.63671875 0.93515625 0.071875 0.103125
21 0.7171875 0.9359375 0.075 0.103125
21 0.05859375 0.95703125 0.0453125 0.065625
21 0.1078125 0.9578125 0.04677734375 0.06572265625
21 0.2171875 0.96015625 0.0470703125 0.065625
21 0.27265625 0.96171875 0.0515625 0.0671875
21 0.1625 0.96171875 0.04990234375 0.0671875
21 0.32109375 0.13125 0.0375 0.06240234375
21 0.275 0.13203125 0.03759765625 0.059375
21 0.0609375 0.134375 0.0375 0.05625
21 0.18984375 0.134375 0.0390625 0.059375
21 0.1046875 0.134375 0.0404296875 0.05625
21 0.2359375 0.134375 0.03447265625 0.05625
21 0.14921875 0.1359375 0.040625 0.0591796875
21 0.71640625 0.25859375 0.078125 0.08125
21 0.6296875 0.26171875 0.08427734375 0.08125
21 0.13671875 0.2640625 0.0765625 0.071875
21 0.79453125 0.2640625 0.075 0.06875
21 0.46640625 0.265625 0.075 0.06884765625
21 0.54921875 0.265625 0.078125 0.071875
21 0.30546875 0.2671875 0.075 0.071875
21 0.22265625 0.2671875 0.0828125 0.07197265625
21 0.384375 0.26796875 0.07509765625 0.0703125
21 0.06640625 0.271875 0.0609375 0.06259765625
21 0.7484375 0.415625 0.06875 0.1
21 0.82109375 0.415625 0.0734375 0.1
21 0.89453125 0.4171875 0.06875 0.1
21 0.67421875 0.41796875 0.071875 0.103125
21 0.60234375 0.41796875 0.071875 0.103125
21 0.52734375 0.421875 0.0703125 0.10009765625
21 0.45703125 0.42421875 0.06875 0.0984375
21 0.31015625 0.42421875 0.0703125 0.0984375
21 0.3859375 0.42421875 0.06875 0.1
21 0.23828125 0.42578125 0.0671875 0.0984375
21 0.16484375 0.428125 0.06875 0.0939453125
21 0.09140625 0.43046875 0.071875 0.0984375
21 0.728125 0.56484375 0.03759765625 0.040625
21 0.771875 0.56640625 0.040625 0.0359375
21 0.81875 0.56640625 0.04990234375 0.040625
21 0.6828125 0.56640625 0.0408203125 0.0359375
21 0.86796875 0.5671875 0.0421875 0.0375
21 0.9109375 0.56875 0.040625 0.0375
21 0.37109375 0.5765625 0.0859375 0.1
21 0.0421875 0.578125 0.084375 0.096875
21 0.28359375 0.5796875 0.0796875 0.09677734375
21 0.12109375 0.58046875 0.0765625 0.09375
21 0.203125 0.58203125 0.075 0.090625
21 0.44453125 0.584375 0.059375 0.08125
21 0.63203125 0.584375 0.059375 0.08125
21 0.50703125 0.58515625 0.059375 0.0828125
21 0.56953125 0.58515625 0.0609375 0.0828125
21 0.68515625 0.603125 0.0390625 0.03740234375
21 0.72578125 0.60546875 0.0390625 0.0390625
21 0.7703125 0.60703125 0.04375 0.040625
21 0.86796875 0.60703125 0.0421875 0.0375
21 0.81875 0.60703125 0.04384765625 0.040625
21 0.9125 0.6078125 0.04375 0.0404296875