21 0.7546875 0.36875 0.03447265625 0.05615234375
21 0.7171875 0.3703125 0.03447265625 0.05927734375
21 0.79296875 0.37265625 0.0359375 0.0484375
21 0.678125 0.3734375 0.034375 0.053125
21 0.59765625 0.3734375 0.0359375 0.0529296875
21 0.63671875 0.3734375 0.0359375 0.0529296875
21 0.5609375 0.3734375 0.0341796875 0.0529296875
21 0.5265625 0.3734375 0.034375 0.05927734375
21 0.828125 0.50234375 0.04990234375 0.103125
21 0.725 0.50390625 0.05 0.103125
21 0.7765625 0.5046875 0.05302734375 0.10302734375
21 0.67421875 0.50625 0.05 0.103125
21 0.6234375 0.50859375 0.05 0.1046875
21 0.55625 0.52734375 0.025 0.059375
21 0.584375 0.52734375 0.025 0.0640625
21 0.5015625 0.52734375 0.025 0.0640625
21 0.4734375 0.52890625 0.02802734375 0.0640625
21 0.52890625 0.52890625 0.025 0.065625
21 0.415625 0.5296875 0.025 0.05947265625
21 0.44453125 0.53125 0.025 0.065625
21 0.765625 0.671875 0.05 0.103125
21 0.81875 0.671875 0.05 0.10615234375
21 0.66328125 0.671875 0.05 0.11259765625
21 0.71171875 0.671875 0.0484375 0.109375
21 0.6109375 0.6734375 0.04375 0.103125
21 0.55625 0.67578125 0.05009765625 0.10625