21 0.6453125 0.80078125 0.08447265625 0.075
21 0.73828125 0.80078125 0.0828125 0.071875
21 0.5046875 0.80546875 0.065625 0.0609375
21 0.23203125 0.80859375 0.0796875 0.0578125
21 0.12890625 0.80546875 0.084375 0.05625
21 0.4375 0.80546875 0.06240234375 0.0609375
21 0.30625 0.80859375 0.0623046875 0.0546875
21 0.37265625 0.80859375 0.0640625 0.05625
21 0.83203125 0.8109375 0.0953125 0.053125
21 0.56875 0.8125 0.04990234375 0.040625
21 0.609375 0.2484375 0.04990234375 0.065625
21 0.665625 0.24765625 0.04990234375 0.0640625
21 0.11328125 0.28828125 0.071875 0.103125
21 0.19453125 0.28984375 0.0703125 0.103125
21 0.2796875 0.28828125 0.071875 0.1015625
21 0.3609375 0.28984375 0.075 0.1015625
21 0.446875 0.290625 0.06875 0.103125
21 0.5296875 0.2921875 0.071875 0.10302734375
21 0.60546875 0.3125 0.0515625 0.06240234375
21 0.6609375 0.31484375 0.04375 0.0609375
21 0.33515625 0.4390625 0.0625 0.09072265625
21 0.415625 0.4421875 0.0626953125 0.0908203125
21 0.5734375 0.44375 0.06552734375 0.09365234375
21 0.49296875 0.4421875 0.0671875 0.090625
21 0.64921875 0.44375 0.06875 0.09365234375
21 0.7859375 0.4515625 0.05322265625 0.07822265625
21 0.72109375 0.4515625 0.0546875 0.0779296875
21 0.85 0.453125 0.05625 0.078125
21 0.23203125 0.56015625 0.08125 0.0765625
21 0.14296875 0.56015625 0.0765625 0.0765625
21 0.74765625 0.56484375 0.0984375 0.0796875
21 0.85078125 0.56640625 0.0921875 0.0796875
21 0.31640625 0.5609375 0.078125 0.0841796875
21 0.5515625 0.56640625 0.07197265625 0.075
21 0.396875 0.56484375 0.071875 0.0703125
21 0.4734375 0.56640625 0.0625 0.0703125
21 0.640625 0.5640625 0.09384765625 0.08427734375
21 0.321875 0.68125 0.04375 0.025
21 0.3734375 0.68125 0.04375 0.025
21 0.4796875 0.69140625 0.040625 0.071875
21 0.6734375 0.6921875 0.0408203125 0.071875
21 0.7203125 0.6921875 0.04052734375 0.071875
21 0.52890625 0.69375 0.0375 0.071875
21 0.6234375 0.69375 0.040625 0.06884765625
21 0.578125 0.69375 0.04365234375 0.071875
21 0.765625 0.69375 0.040625 0.06875
21 0.859375 0.69375 0.04375 0.06884765625
21 0.8109375 0.69453125 0.04072265625 0.0703125
21 0.15 0.70078125 0.0875 0.05625
21 0.25234375 0.703125 0.0875 0.05615234375
21 0.42578125 0.703125 0.0453125 0.046875
21 0.3734375 0.7125 0.04052734375 0.021875
21 0.3234375 0.7125 0.046875 0.025