21 0.796875 0.33671875 0.028125 0.0390625
21 0.76328125 0.33671875 0.025 0.040625
21 0.70546875 0.33671875 0.0203125 0.0453125
21 0.828125 0.3375 0.028125 0.03759765625
21 0.7328125 0.3375 0.025 0.04365234375
21 0.775 0.3796875 0.028125 0.0375
21 0.7046875 0.38203125 0.02802734375 0.0453125
21 0.740625 0.38203125 0.0310546875 0.0453125
21 0.80859375 0.38359375 0.0265625 0.0453125
21 0.84140625 0.384375 0.03125 0.04384765625
21 0.3921875 0.4421875 0.0283203125 0.0375
21 0.4265625 0.44375 0.03125 0.040625
21 0.48828125 0.4640625 0.028125 0.025
21 0.4578125 0.46484375 0.028125 0.025
21 0.19921875 0.46875 0.0515625 0.0751953125
21 0.25390625 0.46875 0.0484375 0.071875
21 0.30546875 0.47578125 0.04375 0.059375
21 0.540625 0.47578125 0.05009765625 0.0671875
21 0.7125 0.478125 0.059375 0.06865234375
21 0.59609375 0.47578125 0.0515625 0.0640625
21 0.65234375 0.47578125 0.05625 0.065625
21 0.7703125 0.47734375 0.05322265625 0.0671875
21 0.35078125 0.47734375 0.0390625 0.05625
21 0.82421875 0.478125 0.0609375 0.0625
21 0.428125 0.48671875 0.034375 0.040625
21 0.39453125 0.48828125 0.03125 0.040625
21 0.4953125 0.49296875 0.025 0.01875
21 0.46171875 0.49375 0.028125 0.025
21 0.2015625 0.59609375 0.0466796875 0.04375
21 0.25390625 0.603125 0.04375 0.053125
21 0.303125 0.603125 0.04384765625 0.05615234375
21 0.50390625 0.60546875 0.0453125 0.05625
21 0.453125 0.60703125 0.04384765625 0.053125
21 0.353125 0.60546875 0.046875 0.05
21 0.40234375 0.603125 0.0453125 0.05615234375
21 0.703125 0.60546875 0.04375 0.053125
21 0.6578125 0.60546875 0.05302734375 0.0515625
21 0.55625 0.60703125 0.04990234375 0.053125
21 0.7609375 0.60703125 0.05322265625 0.05625
21 0.8171875 0.609375 0.05927734375 0.05625
21 0.60703125 0.6078125 0.04375 0.053125
21 0.3109375 0.70078125 0.046875 0.06875
21 0.259375 0.7046875 0.05009765625 0.075
21 0.66796875 0.7046875 0.0484375 0.075
21 0.2046875 0.7046875 0.04697265625 0.071875
21 0.46484375 0.7046875 0.0484375 0.07177734375
21 0.51796875 0.70546875 0.0484375 0.0703125
21 0.41328125 0.7046875 0.0453125 0.07177734375
21 0.61796875 0.70546875 0.046875 0.0703125
21 0.5671875 0.70546875 0.04677734375 0.06875
21 0.7203125 0.70703125 0.05 0.071875
21 0.82109375 0.70546875 0.0484375 0.0734375
21 0.36328125 0.7046875 0.0484375 0.071875
21 0.76953125 0.70703125 0.0484375 0.071875