21 0.115625 0.16015625 0.075 0.153125
21 0.3765625 0.16796875 0.09677734375 0.171875
21 0.478125 0.171875 0.0935546875 0.1626953125
21 0.28515625 0.1734375 0.0671875 0.15
21 0.75625 0.18125 0.09990234375 0.175
21 0.203125 0.4328125 0.07509765625 0.10927734375
21 0.28984375 0.44375 0.0828125 0.096875
21 0.115625 0.44453125 0.08125 0.0890625
21 0.3796875 0.4484375 0.0779296875 0.0966796875
21 0.4703125 0.4484375 0.084375 0.07822265625
21 0.1625 0.5765625 0.04375 0.05
21 0.21171875 0.578125 0.0421875 0.05009765625
21 0.42578125 0.609375 0.046875 0.07509765625
21 0.31953125 0.6109375 0.0515625 0.07802734375
21 0.3734375 0.61328125 0.04375 0.08125
21 0.16328125 0.63125 0.0453125 0.046875
21 0.2125 0.63125 0.040625 0.04375