21 0.4359375 0.88125 0.05302734375 0.13759765625
21 0.4953125 0.88671875 0.05322265625 0.134375
21 0.54921875 0.9 0.0421875 0.1060546875
21 0.59375 0.9015625 0.04990234375 0.10322265625
21 0.8859375 0.90390625 0.046875 0.11875
21 0.64453125 0.90390625 0.0515625 0.1078125
21 0.9375 0.9109375 0.04990234375 0.125
21 0.68984375 0.91796875 0.0390625 0.078125
21 0.73203125 0.91953125 0.0359375 0.0828125
21 0.7703125 0.91953125 0.034375 0.08125
21 0.984375 0.93046875 0.03115234375 0.0921875
21 0.80625 0.93125 0.03125 0.05
21 0.8421875 0.9375 0.03447265625 0.053125
21 0.57109375 0.4390625 0.0640625 0.14375
21 0.7921875 0.4390625 0.06572265625 0.14677734375
21 0.6421875 0.4421875 0.06572265625 0.140625
21 0.72109375 0.4421875 0.071875 0.134375
21 0.1203125 0.47578125 0.03427734375 0.08125
21 0.1578125 0.47734375 0.02822265625 0.075
21 0.046875 0.47734375 0.03115234375 0.075
21 0.0828125 0.4859375 0.034375 0.0654296875
21 0.7390625 0.6046875 0.05322265625 0.07197265625
21 0.4046875 0.70546875 0.059375 0.08125
21 0.52421875 0.70703125 0.0609375 0.0828125
21 0.4640625 0.7078125 0.05625 0.078125
21 0.76171875 0.709375 0.0609375 0.0876953125
21 0.8953125 0.71015625 0.06572265625 0.1046875
21 0.828125 0.71171875 0.06259765625 0.09375