21 0.6609375 0.27421875 0.040625 0.053125
21 0.61171875 0.2765625 0.040625 0.05302734375
21 0.56484375 0.2796875 0.04375 0.0529296875
21 0.51796875 0.28125 0.040625 0.05009765625
21 0.47265625 0.2859375 0.04375 0.053125
21 0.37734375 0.2859375 0.046875 0.05
21 0.42578125 0.2875 0.04375 0.0501953125
21 0.8421875 0.29921875 0.03447265625 0.0296875
21 0.79453125 0.3015625 0.040625 0.028125
21 0.709375 0.30390625 0.04375 0.0296875
21 0.7546875 0.30390625 0.03447265625 0.0359375
21 0.6609375 0.33046875 0.05 0.059375
21 0.6109375 0.33203125 0.04375 0.059375
21 0.90234375 0.33203125 0.0375 0.0328125
21 0.85078125 0.3328125 0.0453125 0.034375
21 0.5625 0.334375 0.046875 0.05625
21 0.5109375 0.33515625 0.053125 0.0546875
21 0.8015625 0.33671875 0.04375 0.0359375
21 0.75703125 0.3390625 0.0390625 0.03427734375
21 0.41328125 0.33984375 0.0453125 0.05625
21 0.7140625 0.33984375 0.040625 0.0375
21 0.46171875 0.33984375 0.0421875 0.0578125
21 0.3640625 0.3421875 0.046875 0.059375
21 0.4421875 0.5140625 0.0783203125 0.0904296875
21 0.359375 0.51796875 0.07509765625 0.0875
21 0.6421875 0.51953125 0.0625 0.08125
21 0.5796875 0.51953125 0.059375 0.0796875
21 0.51953125 0.5203125 0.0609375 0.0841796875
21 0.28125 0.52421875 0.06884765625 0.0859375
21 0.81875 0.6609375 0.04990234375 0.059375
21 0.87109375 0.6609375 0.0453125 0.05947265625
21 0.76953125 0.6609375 0.05 0.05947265625
21 0.7171875 0.66328125 0.046875 0.059375
21 0.25390625 0.71171875 0.0765625 0.0953125
21 0.33515625 0.7140625 0.0796875 0.09072265625
21 0.4953125 0.7171875 0.075 0.08125
21 0.4171875 0.71875 0.071875 0.0810546875
21 0.578125 0.72578125 0.0751953125 0.0671875
21 0.73046875 0.728125 0.0484375 0.06875
21 0.6609375 0.728125 0.07177734375 0.06865234375
21 0.88828125 0.7296875 0.05 0.06875
21 0.78515625 0.73046875 0.0546875 0.0703125
21 0.83671875 0.73203125 0.0515625 0.0703125