21 0.2234375 0.134375 0.0408203125 0.05625
21 0.26953125 0.1359375 0.0453125 0.05625
21 0.36640625 0.1359375 0.0421875 0.05625
21 0.31953125 0.13671875 0.04375 0.0609375
21 0.10234375 0.3171875 0.0703125 0.084375
21 0.1703125 0.31875 0.05947265625 0.08115234375
21 0.23671875 0.31875 0.0625 0.08115234375
21 0.03359375 0.31875 0.065625 0.084375
21 0.40625 0.3296875 0.046875 0.05322265625
21 0.296875 0.3296875 0.04384765625 0.05322265625
21 0.35 0.33046875 0.053125 0.0546875
21 0.34375 0.47734375 0.0375 0.034375
21 0.38359375 0.478125 0.0390625 0.03740234375
21 0.4265625 0.4796875 0.040625 0.034375
21 0.29921875 0.48046875 0.04375 0.0359375
21 0.24140625 0.509375 0.046875 0.05625
21 0.1875 0.5109375 0.05 0.05927734375
21 0.13359375 0.5109375 0.05 0.05947265625
21 0.02734375 0.51171875 0.0453125 0.0609375
21 0.0828125 0.51328125 0.05 0.0578125
21 0.43046875 0.51953125 0.040625 0.0359375
21 0.384375 0.51953125 0.03759765625 0.034375
21 0.3421875 0.521875 0.04072265625 0.03740234375
21 0.2953125 0.521875 0.04677734375 0.03759765625
21 0.1546875 0.68984375 0.0841796875 0.10625
21 0.0671875 0.69453125 0.084375 0.1046875
21 0.5734375 0.70078125 0.075 0.0703125
21 0.49140625 0.70546875 0.0796875 0.0640625
21 0.40859375 0.7078125 0.0765625 0.05947265625
21 0.32578125 0.709375 0.0796875 0.0626953125
21 0.2390625 0.71484375 0.0658203125 0.0640625