21 0.47109375 0.34140625 0.0359375 0.0453125
21 0.42890625 0.34375 0.040625 0.04375
21 0.5421875 0.36796875 0.034375 0.0328125
21 0.50703125 0.36875 0.0296875 0.03115234375
21 0.1515625 0.37265625 0.05947265625 0.0890625
21 0.21640625 0.3734375 0.0625 0.090625
21 0.59375 0.37734375 0.06259765625 0.075
21 0.66015625 0.37734375 0.0609375 0.0734375
21 0.725 0.37890625 0.0625 0.0765625
21 0.328125 0.38203125 0.05009765625 0.0703125
21 0.2765625 0.38203125 0.05 0.0703125
21 0.38125 0.38359375 0.04384765625 0.071875
21 0.78359375 0.3859375 0.046875 0.05947265625
21 0.8328125 0.38671875 0.0529296875 0.0625
21 0.8859375 0.38671875 0.04697265625 0.059375
21 0.46875 0.39296875 0.040625 0.0515625
21 0.428125 0.39453125 0.040625 0.0515625
21 0.54453125 0.4015625 0.028125 0.03125
21 0.509375 0.40234375 0.03125 0.034375
21 0.64765625 0.4671875 0.0578125 0.046875
21 0.45078125 0.47109375 0.034375 0.0453125
21 0.490625 0.47265625 0.034375 0.0484375
21 0.40859375 0.47265625 0.040625 0.0453125
21 0.35234375 0.509375 0.0671875 0.07509765625
21 0.275 0.5109375 0.06884765625 0.07802734375
21 0.53515625 0.515625 0.046875 0.06865234375
21 0.58515625 0.515625 0.046875 0.065625
21 0.134375 0.515625 0.0623046875 0.0685546875
21 0.20703125 0.51953125 0.0671875 0.0671875
21 0.64453125 0.5203125 0.0640625 0.05322265625
21 0.7125 0.52265625 0.0623046875 0.05625
21 0.49140625 0.52265625 0.040625 0.05
21 0.40625 0.52421875 0.040625 0.0515625
21 0.446875 0.52421875 0.0375 0.0515625