21 0.39921875 0.884375 0.065625 0.09365234375
21 0.54296875 0.8859375 0.0625 0.09072265625
21 0.6875 0.88671875 0.06884765625 0.0921875
21 0.76328125 0.88671875 0.075 0.09375
21 0.61640625 0.88671875 0.0609375 0.09375
21 0.46875 0.88828125 0.0685546875 0.0984375
21 0.1859375 0.4484375 0.08447265625 0.103125
21 0.85078125 0.4546875 0.08125 0.1029296875
21 0.275 0.45703125 0.08115234375 0.0875
21 0.365625 0.4578125 0.0810546875 0.0875
21 0.765625 0.4625 0.071875 0.08125
21 0.5046875 0.46484375 0.075 0.0765625
21 0.43515625 0.4703125 0.0515625 0.06552734375
21 0.6828125 0.4703125 0.07802734375 0.071875
21 0.5953125 0.4703125 0.0841796875 0.0720703125
21 0.28984375 0.59140625 0.04375 0.059375
21 0.3921875 0.5953125 0.04375 0.05927734375
21 0.4390625 0.5953125 0.04072265625 0.05625
21 0.34140625 0.5921875 0.04375 0.059375
21 0.2390625 0.6265625 0.0375 0.0375
21 0.15 0.63203125 0.04384765625 0.0390625
21 0.19453125 0.6296875 0.040625 0.04052734375
21 0.62109375 0.65234375 0.06875 0.103125
21 0.69453125 0.6546875 0.071875 0.103125
21 0.85546875 0.6546875 0.0671875 0.10625
21 0.775 0.65625 0.06884765625 0.10615234375
21 0.48828125 0.66328125 0.05625 0.08125
21 0.55390625 0.66328125 0.059375 0.0859375
21 0.32421875 0.67421875 0.0484375 0.0640625
21 0.43046875 0.671875 0.04375 0.06240234375
21 0.37890625 0.6734375 0.05 0.0625
21 0.2703125 0.67421875 0.04375 0.0625
21 0.13203125 0.68515625 0.0453125 0.040625
21 0.18046875 0.68359375 0.04375 0.0390625
21 0.225 0.68359375 0.04375 0.0390625