21 0.2640625 0.84375 0.0595703125 0.0564453125
21 0.18125 0.84765625 0.0501953125 0.053125
21 0.33984375 0.85 0.0671875 0.046875
21 0.16484375 0.3078125 0.0375 0.05927734375
21 0.2078125 0.30859375 0.040625 0.059375
21 0.1234375 0.30859375 0.03447265625 0.0578125
21 0.29296875 0.31015625 0.0359375 0.0578125
21 0.25 0.31015625 0.040625 0.0546875
21 0.50703125 0.35546875 0.0765625 0.0921875
21 0.6703125 0.3578125 0.07822265625 0.0875
21 0.58984375 0.359375 0.0765625 0.09375
21 0.14453125 0.36875 0.0375 0.05615234375
21 0.10234375 0.36875 0.040625 0.05625
21 0.27734375 0.37265625 0.040625 0.0609375
21 0.1890625 0.37109375 0.0375 0.059375
21 0.234375 0.37109375 0.040625 0.0609375
21 0.31484375 0.525 0.0484375 0.071875
21 0.37109375 0.525 0.0515625 0.071875
21 0.43046875 0.525 0.053125 0.06884765625
21 0.48828125 0.5265625 0.0515625 0.075
21 0.859375 0.64765625 0.03115234375 0.028125
21 0.821875 0.6515625 0.03759765625 0.03125
21 0.75859375 0.66015625 0.0359375 0.0296875
21 0.61796875 0.68515625 0.0421875 0.0515625
21 0.56953125 0.6859375 0.0359375 0.05302734375
21 0.66015625 0.6875 0.040625 0.05009765625
21 0.70703125 0.6875 0.040625 0.05009765625
21 0.83671875 0.69609375 0.0296875 0.028125
21 0.80078125 0.696875 0.0359375 0.0310546875
21 0.875 0.696875 0.040625 0.028125
21 0.75703125 0.696875 0.03125 0.028125