21 0.57578125 0.09375 0.05625 0.08115234375
21 0.5140625 0.09765625 0.059375 0.0796875
21 0.63671875 0.0984375 0.053125 0.0875
21 0.453125 0.103125 0.05009765625 0.0875
21 0.94375 0.23046875 0.06884765625 0.071875
21 0.865625 0.23203125 0.0685546875 0.0734375
21 0.78515625 0.234375 0.0703125 0.07490234375
21 0.703125 0.240625 0.0689453125 0.071875
21 0.19375 0.24609375 0.06865234375 0.0578125
21 0.35703125 0.25 0.0671875 0.06884765625
21 0.12265625 0.25234375 0.0609375 0.0703125
21 0.27890625 0.25234375 0.0765625 0.0671875
21 0.4234375 0.25625 0.059375 0.059375
21 0.625 0.25703125 0.06865234375 0.059375
21 0.4859375 0.25703125 0.05927734375 0.0640625
21 0.05859375 0.25703125 0.065625 0.0703125
21 0.55078125 0.25859375 0.0671875 0.0578125
21 0.76953125 0.33671875 0.0390625 0.05
21 0.7234375 0.3390625 0.04375 0.046875
21 0.584375 0.34140625 0.040625 0.0484375
21 0.67578125 0.34140625 0.04375 0.046875
21 0.6296875 0.34140625 0.0404296875 0.0484375
21 0.54296875 0.34140625 0.0390625 0.0453125
21 0.5015625 0.3421875 0.03447265625 0.04697265625
21 0.4265625 0.36875 0.0341796875 0.025
21 0.46640625 0.3703125 0.0359375 0.028125
21 0.353125 0.3703125 0.03115234375 0.02822265625
21 0.3890625 0.3703125 0.0404296875 0.028125
21 0.91953125 0.38828125 0.0734375 0.0484375
21 0.84140625 0.38828125 0.0671875 0.0484375
21 0.7328125 0.3890625 0.04072265625 0.04677734375
21 0.7828125 0.3890625 0.040625 0.04677734375
21 0.6390625 0.3921875 0.0375 0.04677734375
21 0.68515625 0.3921875 0.040625 0.04677734375
21 0.59375 0.3921875 0.04365234375 0.046875
21 0.5484375 0.3921875 0.040625 0.0470703125
21 0.50390625 0.39296875 0.0359375 0.0453125
21 0.4234375 0.40390625 0.03447265625 0.0234375
21 0.3453125 0.40390625 0.0345703125 0.0265625
21 0.38359375 0.4046875 0.034375 0.025
21 0.4640625 0.40625 0.0375 0.021875
21 0.68046875 0.515625 0.0390625 0.05009765625
21 0.6359375 0.515625 0.03447265625 0.05
21 0.725 0.515625 0.040625 0.053125
21 0.58984375 0.5171875 0.034375 0.04697265625
21 0.86328125 0.5171875 0.040625 0.0466796875
21 0.9109375 0.5171875 0.04375 0.04677734375
21 0.76953125 0.51796875 0.0421875 0.0484375
21 0.81640625 0.51796875 0.04375 0.0484375