21 0.55625 0.14453125 0.06884765625 0.084375
21 0.63828125 0.14453125 0.0625 0.084375
21 0.7171875 0.146875 0.07197265625 0.08134765625
21 0.796875 0.14765625 0.0626953125 0.0828125
21 0.87265625 0.14921875 0.0734375 0.0828125
21 0.9546875 0.15234375 0.0654296875 0.0796875
21 0.80078125 0.30546875 0.034375 0.025
21 0.38828125 0.30546875 0.0703125 0.0828125
21 0.3125 0.30546875 0.06865234375 0.0828125
21 0.84375 0.30625 0.0375 0.02490234375
21 0.8890625 0.30625 0.040625 0.025
21 0.93359375 0.3078125 0.0359375 0.0220703125
21 0.459375 0.31484375 0.053125 0.0640625
21 0.52734375 0.31484375 0.05625 0.0671875
21 0.59375 0.31640625 0.05615234375 0.0671875
21 0.2015625 0.31953125 0.04375 0.053125
21 0.2515625 0.31953125 0.040625 0.0515625
21 0.65234375 0.3265625 0.0421875 0.0466796875
21 0.7046875 0.328125 0.04677734375 0.04384765625
21 0.75859375 0.328125 0.04375 0.04990234375
21 0.79921875 0.3375 0.0328125 0.025
21 0.84140625 0.3390625 0.0328125 0.025
21 0.9265625 0.33984375 0.03447265625 0.025
21 0.884375 0.34140625 0.0373046875 0.028125
21 0.0421875 0.41796875 0.071875 0.0671875
21 0.12265625 0.41953125 0.071875 0.0671875
21 0.3453125 0.421875 0.07197265625 0.06884765625
21 0.4265625 0.4234375 0.075 0.071875
21 0.2640625 0.428125 0.06572265625 0.059375
21 0.1921875 0.428125 0.06572265625 0.05634765625
21 0.515625 0.42890625 0.071875 0.0609375
21 0.59609375 0.43046875 0.071875 0.0625
21 0.671875 0.4359375 0.06259765625 0.05302734375
21 0.75234375 0.4390625 0.071875 0.05
21 0.81875 0.4421875 0.040625 0.0470703125
21 0.91328125 0.4421875 0.04375 0.04677734375
21 0.8640625 0.4421875 0.04375 0.0466796875
21 0.06953125 0.7671875 0.071875 0.059375
21 0.14296875 0.7671875 0.0640625 0.059375
21 0.2125 0.76796875 0.0623046875 0.053125
21 0.359375 0.76953125 0.065625 0.0546875
21 0.28984375 0.771875 0.06875 0.05625
21 0.7828125 0.77421875 0.065625 0.053125
21 0.42890625 0.77421875 0.071875 0.0515625
21 0.853125 0.775 0.06875 0.05009765625
21 0.7140625 0.77734375 0.065625 0.05
21 0.50234375 0.77734375 0.06875 0.05
21 0.64453125 0.77734375 0.0671875 0.0515625
21 0.5734375 0.77890625 0.06572265625 0.0515625