21 0.80078125 0.665625 0.0421875 0.05009765625
21 0.85546875 0.66484375 0.0484375 0.046875
21 0.1203125 0.07109375 0.06572265625 0.084375
21 0.2640625 0.0734375 0.06552734375 0.08125
21 0.18984375 0.07421875 0.06875 0.08125
21 0.334375 0.0765625 0.0626953125 0.08125
21 0.540625 0.078125 0.06865234375 0.078125
21 0.68359375 0.078125 0.065625 0.0751953125
21 0.82578125 0.078125 0.06875 0.08115234375
21 0.4703125 0.078125 0.0658203125 0.078125
21 0.7546875 0.0796875 0.0716796875 0.0779296875
21 0.4015625 0.0796875 0.0658203125 0.08125
21 0.6140625 0.08046875 0.0625 0.0703125
21 0.89765625 0.08046875 0.0671875 0.0796875
21 0.66015625 0.93359375 0.059375 0.0640625
21 0.73203125 0.93515625 0.0609375 0.0609375
21 0.79453125 0.93515625 0.0578125 0.05625
21 0.85703125 0.94453125 0.059375 0.0546875
21 0.8609375 0.36875 0.065625 0.04384765625
21 0.45078125 0.4 0.059375 0.07509765625
21 0.515625 0.4046875 0.065625 0.071875
21 0.79453125 0.40625 0.0640625 0.071875
21 0.725 0.4078125 0.0685546875 0.0654296875
21 0.5828125 0.4078125 0.065625 0.06875
21 0.65 0.40859375 0.06259765625 0.0671875
21 0.865625 0.4171875 0.0625 0.0533203125
21 0.18515625 0.51171875 0.0453125 0.0625
21 0.13671875 0.51328125 0.04375 0.0640625
21 0.23828125 0.5140625 0.046875 0.0625
21 0.28125 0.521875 0.03125 0.0498046875
21 0.35234375 0.525 0.0296875 0.046875
21 0.31953125 0.52421875 0.0296875 0.0484375
21 0.39296875 0.525 0.0359375 0.0498046875
21 0.43125 0.5265625 0.0314453125 0.0470703125
21 0.4734375 0.52734375 0.034375 0.0484375
21 0.5921875 0.52890625 0.03447265625 0.04375
21 0.51328125 0.52890625 0.034375 0.046875
21 0.5515625 0.52890625 0.034375 0.0453125
21 0.6359375 0.5296875 0.034375 0.04677734375
21 0.6734375 0.5296875 0.03447265625 0.05
21 0.7078125 0.53828125 0.03125 0.03125
21 0.7453125 0.5421875 0.0341796875 0.0341796875
21 0.78515625 0.5421875 0.034375 0.034375
21 0.81875 0.54453125 0.03115234375 0.0296875