21 0.74296875 0.16328125 0.05 0.1109375
21 0.80390625 0.16484375 0.0515625 0.1109375
21 0.8578125 0.16484375 0.05 0.1109375
21 0.63359375 0.178125 0.0421875 0.075
21 0.6859375 0.17890625 0.040625 0.075
21 0.74296875 0.36328125 0.0671875 0.1171875
21 0.81953125 0.365625 0.0671875 0.1185546875
21 0.18984375 0.36796875 0.0828125 0.1
21 0.28984375 0.36875 0.08125 0.09384765625
21 0.66484375 0.37265625 0.0640625 0.0921875
21 0.53125 0.375 0.05634765625 0.0875
21 0.59609375 0.375 0.05625 0.0875
21 0.1 0.37734375 0.075 0.0671875
21 0.415625 0.3859375 0.04990234375 0.06572265625
21 0.47109375 0.38671875 0.046875 0.0640625
21 0.365625 0.3953125 0.04990234375 0.04375
21 0.40625 0.53125 0.06240234375 0.103125
21 0.478125 0.5328125 0.06865234375 0.10625
21 0.553125 0.5328125 0.059375 0.10322265625
21 0.7953125 0.53515625 0.08125 0.090625
21 0.71484375 0.5375 0.0828125 0.09375
21 0.3375 0.54453125 0.0564453125 0.084375
21 0.27421875 0.54453125 0.053125 0.08125
21 0.6296875 0.55390625 0.07177734375 0.0515625
21 0.16015625 0.55390625 0.046875 0.0640625
21 0.2125 0.55546875 0.04990234375 0.059375
21 0.103125 0.55546875 0.04384765625 0.059375