21 0.68515625 0.8484375 0.0859375 0.09072265625
21 0.78359375 0.85 0.0953125 0.09365234375
21 0.88828125 0.8484375 0.0921875 0.09072265625
21 0.58984375 0.8484375 0.0859375 0.0875
21 0.109375 0.853125 0.07490234375 0.06865234375
21 0.18359375 0.8546875 0.071875 0.07177734375
21 0.2609375 0.85546875 0.08125 0.071875
21 0.33515625 0.85703125 0.0625 0.06875
21 0.415625 0.8578125 0.075 0.07177734375
21 0.4984375 0.85703125 0.07177734375 0.071875
21 0.3734375 0.63203125 0.04052734375 0.0296875
21 0.421875 0.63203125 0.0376953125 0.0328125
21 0.91015625 0.63203125 0.0765625 0.084375
21 0.475 0.63359375 0.03759765625 0.0359375
21 0.3265625 0.634375 0.04697265625 0.03125
21 0.7640625 0.65 0.065625 0.0810546875
21 0.83515625 0.64921875 0.0671875 0.075
21 0.69609375 0.65859375 0.0546875 0.05625
21 0.63203125 0.65859375 0.0484375 0.059375
21 0.5140625 0.66015625 0.05 0.0609375
21 0.57421875 0.65859375 0.0453125 0.059375
21 0.31015625 0.6703125 0.040625 0.02822265625
21 0.359375 0.671875 0.04365234375 0.02509765625
21 0.41015625 0.6734375 0.046875 0.025
21 0.46015625 0.67578125 0.0421875 0.025