21 0.86875 0.2703125 0.065625 0.1095703125
21 0.79453125 0.27265625 0.0671875 0.109375
21 0.93515625 0.2828125 0.05625 0.084375
21 0.8234375 0.4171875 0.0595703125 0.0845703125
21 0.52421875 0.41796875 0.04375 0.096875
21 0.23828125 0.43046875 0.0765625 0.0765625
21 0.3125 0.43046875 0.0748046875 0.0765625
21 0.7671875 0.43046875 0.04375 0.0625
21 0.08046875 0.43046875 0.078125 0.08125
21 0.4734375 0.43125 0.040625 0.06865234375
21 0.71484375 0.43125 0.0453125 0.0625
21 0.1625 0.43359375 0.0751953125 0.0765625
21 0.375 0.4375 0.04365234375 0.06240234375
21 0.428125 0.446875 0.04990234375 0.040625