21 0.41015625 0.109375 0.0375 0.0564453125
21 0.45546875 0.11171875 0.0390625 0.065625
21 0.4109375 0.17890625 0.040625 0.0703125
21 0.45703125 0.18046875 0.040625 0.06875
21 0.828125 0.31015625 0.071875 0.1046875
21 0.61328125 0.3109375 0.0671875 0.10625
21 0.75703125 0.3125 0.0671875 0.10634765625
21 0.53984375 0.3125 0.065625 0.10625
21 0.1625 0.31484375 0.0748046875 0.0890625
21 0.2453125 0.31484375 0.07822265625 0.0890625
21 0.68125 0.31484375 0.06240234375 0.0984375
21 0.33046875 0.31640625 0.0734375 0.0921875
21 0.40234375 0.3265625 0.0640625 0.0779296875
21 0.4734375 0.33046875 0.06552734375 0.075
21 0.50390625 0.4109375 0.0390625 0.0345703125
21 0.459375 0.4125 0.040625 0.03740234375
21 0.5484375 0.4125 0.040625 0.03740234375
21 0.4125 0.41328125 0.03759765625 0.034375
21 0.68125 0.415625 0.0373046875 0.040625
21 0.72734375 0.4375 0.0359375 0.03125
21 0.8140625 0.4390625 0.04052734375 0.03125
21 0.7703125 0.43984375 0.034375 0.034375
21 0.2234375 0.46171875 0.05947265625 0.0796875
21 0.2859375 0.46171875 0.05927734375 0.078125
21 0.16484375 0.4625 0.053125 0.0810546875
21 0.34765625 0.4625 0.0578125 0.08115234375
21 0.54453125 0.46875 0.0421875 0.05634765625
21 0.58984375 0.4703125 0.0421875 0.05947265625
21 0.49765625 0.47109375 0.040625 0.05625
21 0.4046875 0.47109375 0.0466796875 0.053125
21 0.6390625 0.47109375 0.05 0.059375
21 0.4515625 0.47265625 0.04072265625 0.0546875
21 0.6859375 0.47265625 0.04072265625 0.0609375
21 0.77265625 0.478125 0.0375 0.040625
21 0.73203125 0.48046875 0.0359375 0.040625
21 0.81484375 0.48046875 0.0375 0.0421875
21 0.475 0.5796875 0.071875 0.09052734375
21 0.396875 0.58203125 0.075 0.0921875
21 0.32109375 0.58203125 0.0609375 0.0890625
21 0.55625 0.5828125 0.071875 0.08427734375
21 0.17890625 0.58203125 0.059375 0.09375
21 0.62890625 0.584375 0.071875 0.084375
21 0.25 0.58046875 0.06875 0.090625
21 0.69609375 0.59140625 0.059375 0.0671875
21 0.75625 0.5984375 0.04375 0.05322265625
21 0.80390625 0.5984375 0.0421875 0.05322265625
21 0.75625 0.7140625 0.07490234375 0.065625
21 0.67421875 0.7140625 0.075 0.0625