21 0.19921875 0.16328125 0.01875 0.0375
21 0.24765625 0.16328125 0.01875 0.0421875
21 0.2703125 0.16328125 0.01875 0.0453125
21 0.178125 0.16484375 0.01865234375 0.040625
21 0.2234375 0.16484375 0.01875 0.040625
21 0.4734375 0.17890625 0.01552734375 0.03125
21 0.43125 0.18046875 0.0189453125 0.03125
21 0.49296875 0.18046875 0.01875 0.0296875
21 0.4515625 0.18125 0.01875 0.03125
21 0.41015625 0.18359375 0.0234375 0.0296875
21 0.5265625 0.2046875 0.01572265625 0.05
21 0.58984375 0.203125 0.015625 0.046875
21 0.5484375 0.2046875 0.01875 0.05302734375
21 0.57109375 0.2046875 0.01875 0.05
21 0.1703125 0.21015625 0.01572265625 0.046875
21 0.2640625 0.21171875 0.0279296875 0.040625
21 0.21484375 0.21171875 0.0203125 0.0375
21 0.19375 0.2140625 0.01865234375 0.040625
21 0.23828125 0.2140625 0.0203125 0.040625
21 0.43125 0.2140625 0.0185546875 0.0283203125
21 0.4515625 0.2140625 0.01875 0.02822265625
21 0.47578125 0.21640625 0.0171875 0.0328125
21 0.4953125 0.21640625 0.015625 0.03125
21 0.4125 0.2171875 0.01875 0.02822265625
21 0.578125 0.30078125 0.025 0.0546875
21 0.60703125 0.30078125 0.0265625 0.05625
21 0.4125 0.3015625 0.025 0.05302734375
21 0.4953125 0.303125 0.025 0.05615234375
21 0.43984375 0.303125 0.025 0.0498046875
21 0.4671875 0.303125 0.025 0.0560546875
21 0.52265625 0.30390625 0.025 0.046875
21 0.55078125 0.30625 0.0265625 0.05009765625
21 0.3421875 0.3140625 0.028125 0.0404296875
21 0.3765625 0.31640625 0.028125 0.0390625
21 0.3109375 0.31953125 0.02802734375 0.0453125
21 0.60703125 0.36328125 0.028125 0.0640625
21 0.3078125 0.3640625 0.02822265625 0.053125
21 0.4359375 0.36640625 0.028125 0.0609375
21 0.5765625 0.3640625 0.028125 0.065625
21 0.34140625 0.3640625 0.0296875 0.05625
21 0.49296875 0.365625 0.028125 0.059375
21 0.521875 0.365625 0.028125 0.0685546875
21 0.4078125 0.365625 0.028125 0.0625
21 0.54921875 0.365625 0.0265625 0.0626953125
21 0.46484375 0.36640625 0.028125 0.0609375
21 0.3734375 0.36640625 0.02822265625 0.053125
21 0.7453125 0.62265625 0.0341796875 0.0515625
21 0.7078125 0.6234375 0.0341796875 0.0470703125
21 0.6671875 0.6234375 0.03125 0.05322265625
21 0.78515625 0.62890625 0.034375 0.0515625
21 0.571875 0.6921875 0.03125 0.08447265625
21 0.53828125 0.6921875 0.0328125 0.084375
21 0.60546875 0.6921875 0.0328125 0.084375
21 0.63828125 0.6921875 0.03125 0.0841796875
21 0.70703125 0.69375 0.0359375 0.075
21 0.74609375 0.69453125 0.040625 0.0796875
21 0.6703125 0.69453125 0.03427734375 0.0796875
21 0.78984375 0.69609375 0.0390625 0.075