21 0.446875 0.796875 0.065625 0.084375
21 0.3015625 0.7984375 0.07177734375 0.0875
21 0.3734375 0.796875 0.075 0.0875
21 0.2234375 0.803125 0.0845703125 0.0814453125
21 0.55859375 0.80390625 0.046875 0.0671875
21 0.50859375 0.80546875 0.040625 0.0671875
21 0.18046875 0.62890625 0.075 0.128125
21 0.2609375 0.63125 0.07177734375 0.12509765625
21 0.34140625 0.63203125 0.0640625 0.128125
21 0.41015625 0.6578125 0.0421875 0.071875
21 0.46171875 0.6609375 0.0453125 0.07177734375
21 0.515625 0.6609375 0.046875 0.075