21 0.07578125 0.4234375 0.0953125 0.059375
21 0.17578125 0.42421875 0.0875 0.0609375
21 0.2671875 0.4265625 0.0904296875 0.0595703125
21 0.3609375 0.428125 0.09052734375 0.059375
21 0.4578125 0.428125 0.0875 0.06240234375
21 0.553125 0.428125 0.08740234375 0.059375
21 0.73671875 0.42890625 0.078125 0.0578125
21 0.81953125 0.42890625 0.075 0.05625
21 0.6453125 0.43046875 0.08447265625 0.05625
21 0.84765625 0.5671875 0.0609375 0.0658203125
21 0.39296875 0.57421875 0.0484375 0.0515625
21 0.678125 0.57421875 0.05 0.0515625
21 0.734375 0.57421875 0.04384765625 0.05
21 0.78984375 0.57421875 0.0515625 0.05
21 0.61875 0.57421875 0.05 0.053125
21 0.27890625 0.57578125 0.0515625 0.053125
21 0.33515625 0.57578125 0.0515625 0.0515625
21 0.4515625 0.57578125 0.05302734375 0.05
21 0.50625 0.57578125 0.04384765625 0.05
21 0.56015625 0.5765625 0.0515625 0.05302734375
21 0.18359375 0.58515625 0.0453125 0.0296875
21 0.23203125 0.58515625 0.04375 0.0359375
21 0.0828125 0.58515625 0.05302734375 0.0359375
21 0.134375 0.58671875 0.04375 0.0296875