21 0.084375 0.13203125 0.1125 0.0609375
21 0.3265625 0.1359375 0.109375 0.0654296875
21 0.4515625 0.1359375 0.10625 0.06572265625
21 0.20546875 0.1359375 0.103125 0.059375
21 0.56640625 0.13671875 0.1046875 0.065625
21 0.678125 0.1390625 0.1185546875 0.065625
21 0.7984375 0.14296875 0.10322265625 0.0609375
21 0.9203125 0.14453125 0.11552734375 0.0609375
21 0.09765625 0.296875 0.0828125 0.08134765625
21 0.5203125 0.3015625 0.08447265625 0.08125
21 0.6046875 0.3015625 0.08447265625 0.07822265625
21 0.17578125 0.3078125 0.0671875 0.059375
21 0.3171875 0.31015625 0.0654296875 0.0609375
21 0.24609375 0.31015625 0.065625 0.0609375
21 0.6859375 0.3125 0.06572265625 0.05634765625
21 0.3859375 0.32109375 0.0595703125 0.0359375
21 0.44921875 0.321875 0.0609375 0.0373046875
21 0.26328125 0.46171875 0.0765625 0.10625
21 0.06640625 0.47578125 0.096875 0.0765625
21 0.1671875 0.47734375 0.09697265625 0.0703125
21 0.334375 0.4828125 0.05634765625 0.0625
21 0.39765625 0.484375 0.0546875 0.06240234375
21 0.459375 0.484375 0.05625 0.0625
21 0.85078125 0.4828125 0.10625 0.06572265625
21 0.60546875 0.484375 0.109375 0.06259765625
21 0.728125 0.484375 0.1125 0.06240234375
21 0.51953125 0.4859375 0.05625 0.06552734375
21 0.1765625 0.6421875 0.10322265625 0.0875
21 0.06484375 0.64453125 0.1078125 0.084375
21 0.2984375 0.646875 0.10625 0.08115234375
21 0.415625 0.64921875 0.1123046875 0.0703125