21 0.84765625 0.88203125 0.0609375 0.0546875
21 0.71484375 0.88359375 0.0578125 0.0515625
21 0.45546875 0.884375 0.059375 0.05009765625
21 0.584375 0.884375 0.05625 0.05009765625
21 0.78125 0.8859375 0.059375 0.0529296875
21 0.65 0.884375 0.06240234375 0.05009765625
21 0.52265625 0.8859375 0.053125 0.05302734375
21 0.88671875 0.2125 0.06875 0.075
21 0.8109375 0.2125 0.0658203125 0.0689453125
21 0.74140625 0.21640625 0.06875 0.0671875
21 0.66953125 0.2171875 0.071875 0.06875
21 0.5984375 0.21640625 0.07197265625 0.06875
21 0.4578125 0.21875 0.071875 0.071875
21 0.52734375 0.21875 0.0703125 0.06884765625
21 0.8484375 0.35703125 0.0625 0.0765625
21 0.709375 0.3609375 0.06884765625 0.07802734375
21 0.77890625 0.3609375 0.0671875 0.07802734375
21 0.6390625 0.36171875 0.0716796875 0.071875
21 0.58203125 0.36640625 0.0484375 0.0671875
21 0.47578125 0.36640625 0.05 0.0671875
21 0.5296875 0.36796875 0.05 0.0671875
21 0.4265625 0.36796875 0.05 0.06875
21 0.47109375 0.51171875 0.0453125 0.0671875
21 0.421875 0.51171875 0.046875 0.065625
21 0.68359375 0.51953125 0.0421875 0.05
21 0.51796875 0.51953125 0.0421875 0.0515625
21 0.640625 0.5203125 0.04365234375 0.05
21 0.56015625 0.5203125 0.0375 0.0470703125
21 0.5984375 0.5203125 0.04072265625 0.05
21 0.7609375 0.5265625 0.03125 0.02822265625
21 0.7984375 0.5265625 0.03125 0.03125
21 0.72109375 0.52734375 0.0328125 0.0296875
21 0.834375 0.52734375 0.03115234375 0.03125
21 0.8765625 0.52734375 0.02822265625 0.0296875
21 0.85703125 0.63125 0.0671875 0.05625
21 0.459375 0.63203125 0.06240234375 0.0546875
21 0.7234375 0.634375 0.0625 0.0501953125
21 0.78984375 0.63203125 0.05625 0.05625
21 0.59609375 0.634375 0.059375 0.05009765625
21 0.66015625 0.63359375 0.0546875 0.0546875
21 0.52734375 0.634375 0.0609375 0.05009765625
21 0.85546875 0.74296875 0.0609375 0.053125
21 0.43984375 0.74296875 0.0515625 0.0578125
21 0.7171875 0.74375 0.0625 0.0560546875
21 0.5484375 0.74375 0.05302734375 0.05615234375
21 0.603125 0.74375 0.04990234375 0.05625
21 0.4953125 0.7453125 0.04697265625 0.05927734375
21 0.7875 0.7453125 0.059375 0.0533203125
21 0.65625 0.7453125 0.04990234375 0.05302734375