21 0.803125 0.5375 0.05625 0.06865234375
21 0.7453125 0.53828125 0.05625 0.0640625
21 0.4625 0.53984375 0.05 0.0734375
21 0.51328125 0.540625 0.0515625 0.071875
21 0.64921875 0.54453125 0.0421875 0.059375
21 0.69375 0.5453125 0.040625 0.0595703125
21 0.5625 0.546875 0.03759765625 0.05615234375
21 0.60546875 0.546875 0.0421875 0.05634765625
21 0.42578125 0.6546875 0.028125 0.0658203125
21 0.5875 0.6578125 0.0375 0.05625
21 0.546875 0.6609375 0.040625 0.05322265625
21 0.46171875 0.6609375 0.040625 0.05322265625
21 0.50390625 0.6625 0.040625 0.053125
21 0.62890625 0.66328125 0.0328125 0.0421875
21 0.73046875 0.66328125 0.0328125 0.040625
21 0.66328125 0.66484375 0.0328125 0.040625
21 0.69921875 0.66484375 0.03125 0.040625
21 0.25390625 0.66796875 0.028125 0.040625
21 0.2234375 0.66953125 0.028125 0.04375
21 0.3171875 0.6703125 0.025 0.040625
21 0.2859375 0.6703125 0.028125 0.04375
21 0.390625 0.6703125 0.03115234375 0.040625
21 0.35078125 0.6703125 0.03125 0.040625
21 0.796875 0.6734375 0.03115234375 0.025
21 0.76328125 0.67421875 0.028125 0.025