21 0.35078125 0.109375 0.05 0.1123046875
21 0.46875 0.11171875 0.04375 0.1078125
21 0.52265625 0.11796875 0.0453125 0.10625
21 0.2484375 0.12109375 0.040625 0.0671875
21 0.28125 0.4328125 0.084375 0.18125
21 0.20078125 0.43984375 0.0828125 0.1765625
21 0.365625 0.44140625 0.084375 0.165625
21 0.2390625 0.7015625 0.06552734375 0.121875
21 0.5140625 0.7015625 0.0658203125 0.1154296875
21 0.37890625 0.70703125 0.06875 0.1265625
21 0.3078125 0.70703125 0.06572265625 0.1171875
21 0.4484375 0.7078125 0.065625 0.11572265625
21 0.40859375 0.09140625 0.0640625 0.1484375
21 0.5796875 0.10078125 0.0595703125 0.146875
21 0.640625 0.103125 0.059375 0.146875
21 0.2984375 0.103125 0.04375 0.10625