21 0.15234375 0.19453125 0.059375 0.1109375
21 0.0890625 0.19609375 0.05927734375 0.1109375
21 0.61640625 0.1984375 0.06875 0.10927734375
21 0.540625 0.19921875 0.06875 0.1046875
21 0.46640625 0.19921875 0.0703125 0.10625
21 0.84765625 0.21171875 0.071875 0.0796875
21 0.91796875 0.21171875 0.0640625 0.0796875
21 0.21171875 0.21875 0.0453125 0.06865234375
21 0.25859375 0.2203125 0.0390625 0.065625
21 0.6828125 0.22109375 0.04697265625 0.0609375
21 0.78984375 0.22109375 0.046875 0.0609375
21 0.3015625 0.22109375 0.04375 0.0640625
21 0.734375 0.22265625 0.0498046875 0.0640625
21 0.43046875 0.33671875 0.0796875 0.0984375
21 0.59375 0.3375 0.07509765625 0.09384765625
21 0.51171875 0.33984375 0.078125 0.096875
21 0.87109375 0.35078125 0.08125 0.0640625
21 0.16328125 0.353125 0.046875 0.059375
21 0.05859375 0.353125 0.046875 0.05625
21 0.11171875 0.353125 0.046875 0.05634765625
21 0.78359375 0.3546875 0.08125 0.06875
21 0.2140625 0.3546875 0.046875 0.0591796875
21 0.31640625 0.3546875 0.0453125 0.05947265625
21 0.71484375 0.3546875 0.046875 0.05927734375
21 0.2640625 0.35546875 0.0470703125 0.0625
21 0.66484375 0.35546875 0.0484375 0.059375
21 0.365625 0.35703125 0.04384765625 0.059375