21 0.5421875 0.40390625 0.03447265625 0.0390625
21 0.50390625 0.4046875 0.03125 0.040625
21 0.58515625 0.43046875 0.028125 0.028125
21 0.65 0.43046875 0.03115234375 0.0296875
21 0.61875 0.43046875 0.03125 0.0296875
21 0.359375 0.43984375 0.05625 0.090625
21 0.30625 0.44140625 0.04384765625 0.09375
21 0.8171875 0.44375 0.05947265625 0.06884765625
21 0.75625 0.44453125 0.0623046875 0.0734375
21 0.46640625 0.4515625 0.05 0.06572265625
21 0.6984375 0.44921875 0.0529296875 0.065625
21 0.4171875 0.4515625 0.046875 0.065625
21 0.515625 0.45703125 0.03759765625 0.046875
21 0.55390625 0.45703125 0.0390625 0.046875
21 0.6546875 0.46484375 0.02822265625 0.034375
21 0.58984375 0.46640625 0.03125 0.034375
21 0.62265625 0.46640625 0.028125 0.034375
21 0.81484375 0.58671875 0.040625 0.0515625
21 0.43359375 0.58671875 0.0609375 0.06875
21 0.76796875 0.5875 0.0453125 0.05009765625
21 0.7171875 0.5890625 0.04375 0.05
21 0.49609375 0.5890625 0.0609375 0.05322265625
21 0.36796875 0.5890625 0.0625 0.07197265625
21 0.55859375 0.5890625 0.0578125 0.05625
21 0.66953125 0.5921875 0.04375 0.046875
21 0.61328125 0.5921875 0.0453125 0.05
21 0.68359375 0.82109375 0.0234375 0.040625
21 0.65390625 0.821875 0.025 0.040625
21 0.625 0.82421875 0.025 0.040625
21 0.7921875 0.92578125 0.04052734375 0.053125
21 0.75 0.928125 0.04384765625 0.05634765625
21 0.70703125 0.93125 0.040625 0.05625
21 0.6671875 0.93359375 0.04072265625 0.059375
21 0.57421875 0.93515625 0.05 0.0671875
21 0.51953125 0.9375 0.05625 0.06884765625
21 0.625 0.9375 0.040625 0.0625
21 0.46640625 0.9421875 0.0515625 0.06572265625
21 0.41015625 0.94453125 0.0546875 0.0671875
21 0.353125 0.94921875 0.05009765625 0.06875
21 0.30078125 0.9515625 0.05625 0.06875