21 0.40234375 0.1078125 0.0515625 0.04677734375
21 0.459375 0.109375 0.05009765625 0.046875
21 0.1234375 0.1140625 0.075 0.10947265625
21 0.20546875 0.115625 0.071875 0.11259765625
21 0.34375 0.1359375 0.053125 0.07822265625
21 0.84765625 0.13359375 0.0734375 0.0953125
21 0.27734375 0.134375 0.0609375 0.078125
21 0.76796875 0.13828125 0.071875 0.10625
21 0.70078125 0.146875 0.05625 0.075
21 0.634375 0.146875 0.05009765625 0.08115234375
21 0.4015625 0.15859375 0.04677734375 0.0484375
21 0.4546875 0.16015625 0.046875 0.0453125
21 0.7859375 0.62109375 0.08125 0.0875
21 0.6875 0.62109375 0.078125 0.0921875
21 0.60234375 0.62890625 0.0796875 0.0765625
21 0.42578125 0.63203125 0.075 0.0671875
21 0.33984375 0.63359375 0.0671875 0.0703125
21 0.51171875 0.634375 0.078125 0.071875
21 0.56640625 0.77734375 0.0734375 0.0640625