21 0.61875 0.3296875 0.05009765625 0.059375
21 0.7140625 0.3296875 0.04375 0.05322265625
21 0.6671875 0.3296875 0.04677734375 0.05625
21 0.4421875 0.36640625 0.06572265625 0.0984375
21 0.97265625 0.37890625 0.04375 0.0828125
21 0.50390625 0.37890625 0.059375 0.0796875
21 0.87890625 0.37890625 0.04375 0.084375
21 0.5640625 0.3796875 0.05927734375 0.07822265625
21 0.92578125 0.3796875 0.0421875 0.08427734375
21 0.76328125 0.3796875 0.0546875 0.07802734375
21 0.81953125 0.38203125 0.0546875 0.0765625
21 0.6625 0.3890625 0.04375 0.05927734375
21 0.615625 0.3890625 0.046875 0.05625
21 0.709375 0.3890625 0.04990234375 0.05625
21 0.740625 0.46875 0.03759765625 0.03740234375
21 0.78828125 0.4703125 0.040625 0.03447265625
21 0.8328125 0.4703125 0.03447265625 0.0375
21 0.87890625 0.4703125 0.040625 0.0375
21 0.92421875 0.47265625 0.0390625 0.0359375
21 0.02890625 0.5 0.0546875 0.07490234375
21 0.53515625 0.5015625 0.0671875 0.084375
21 0.1 0.50234375 0.071875 0.071875
21 0.6078125 0.50390625 0.0716796875 0.0859375
21 0.37109375 0.5046875 0.028125 0.0779296875
21 0.40625 0.5046875 0.034375 0.07822265625
21 0.47734375 0.5046875 0.03125 0.078125
21 0.4421875 0.50625 0.03447265625 0.078125
21 0.68359375 0.50625 0.0703125 0.08125
21 0.28984375 0.5140625 0.0375 0.05322265625
21 0.24765625 0.5140625 0.0359375 0.05625
21 0.33203125 0.5140625 0.0359375 0.05302734375
21 0.7390625 0.52421875 0.04052734375 0.0546875
21 0.83203125 0.52421875 0.040625 0.0546875
21 0.78515625 0.52421875 0.0421875 0.053125
21 0.88125 0.525 0.04375 0.053125
21 0.928125 0.525 0.040625 0.053125
21 0.88359375 0.63203125 0.0296875 0.0265625
21 0.85078125 0.634375 0.025 0.025
21 0.921875 0.634375 0.0310546875 0.028125
21 0.1 0.6390625 0.071875 0.08427734375
21 0.171875 0.6421875 0.0685546875 0.078125
21 0.24296875 0.6421875 0.0671875 0.07822265625
21 0.3125 0.64296875 0.06884765625 0.0828125
21 0.44140625 0.65390625 0.0578125 0.0640625
21 0.3796875 0.65390625 0.05947265625 0.065625
21 0.5 0.65625 0.0564453125 0.0623046875
21 0.55859375 0.6578125 0.059375 0.0625
21 0.6828125 0.65859375 0.05625 0.0609375
21 0.62109375 0.66015625 0.0609375 0.0609375
21 0.74140625 0.66015625 0.059375 0.06875
21 0.80390625 0.6625 0.059375 0.06259765625
21 0.88828125 0.678125 0.028125 0.028125
21 0.928125 0.67890625 0.03740234375 0.028125
21 0.85078125 0.67890625 0.0296875 0.025