21 0.8921875 0.303125 0.0779296875 0.0689453125
21 0.35546875 0.30859375 0.0515625 0.075
21 0.29453125 0.31015625 0.0515625 0.075
21 0.2296875 0.31015625 0.05322265625 0.0734375
21 0.475 0.31875 0.046875 0.053125
21 0.41953125 0.31953125 0.0484375 0.053125
21 0.484375 0.446875 0.06865234375 0.059375
21 0.14765625 0.453125 0.0734375 0.05625
21 0.234375 0.4546875 0.07509765625 0.05625
21 0.41796875 0.45546875 0.0515625 0.0421875
21 0.36171875 0.4578125 0.0484375 0.0408203125
21 0.30390625 0.46484375 0.0515625 0.025
21 0.33203125 0.5421875 0.08125 0.05322265625
21 0.16015625 0.5453125 0.0875 0.05625
21 0.07109375 0.5453125 0.0890625 0.053125
21 0.24609375 0.5484375 0.0796875 0.05322265625
21 0.1734375 0.6453125 0.06875 0.040625
21 0.25703125 0.646875 0.065625 0.04365234375
21 0.08984375 0.64921875 0.071875 0.0375
21 0.1234375 0.7234375 0.065625 0.0404296875
21 0.35546875 0.725 0.0640625 0.03740234375
21 0.2046875 0.72578125 0.0625 0.0328125
21 0.428125 0.72578125 0.06875 0.028125
21 0.28125 0.72578125 0.065625 0.0328125