21 0.47109375 0.2984375 0.0546875 0.06875
21 0.603125 0.2984375 0.059375 0.0779296875
21 0.665625 0.29921875 0.059375 0.071875
21 0.7359375 0.30078125 0.059375 0.071875
21 0.53359375 0.30078125 0.0546875 0.0671875
21 0.10703125 0.30390625 0.0328125 0.0546875
21 0.14453125 0.30390625 0.0328125 0.0546875
21 0.18046875 0.30546875 0.0296875 0.0546875
21 0.21875 0.30546875 0.03125 0.053125
21 0.25390625 0.30546875 0.0296875 0.053125
21 0.3375 0.30625 0.0314453125 0.0501953125
21 0.37890625 0.30625 0.034375 0.05009765625
21 0.2953125 0.3078125 0.02822265625 0.05302734375
21 0.41953125 0.30859375 0.0359375 0.0515625
21 0.275 0.39765625 0.03115234375 0.0296875
21 0.3078125 0.39921875 0.02822265625 0.0296875
21 0.3421875 0.39921875 0.03447265625 0.0296875
21 0.6671875 0.40859375 0.05947265625 0.0671875
21 0.73046875 0.4109375 0.0609375 0.07177734375
21 0.56484375 0.41484375 0.0515625 0.0421875
21 0.459375 0.415625 0.04365234375 0.06259765625
21 0.78828125 0.41796875 0.05 0.05625
21 0.83984375 0.41796875 0.0484375 0.05625
21 0.51171875 0.41953125 0.046875 0.0546875
21 0.3765625 0.4234375 0.0283203125 0.0470703125
21 0.415625 0.42421875 0.03125 0.0484375
21 0.271875 0.43125 0.03115234375 0.03115234375
21 0.30546875 0.43125 0.0296875 0.03115234375
21 0.33984375 0.4328125 0.03125 0.02822265625