21 0.11171875 0.5359375 0.0671875 0.1029296875
21 0.0359375 0.5359375 0.06572265625 0.1
21 0.334375 0.540625 0.09375 0.09375
21 0.4265625 0.540625 0.0875 0.09365234375
21 0.52265625 0.53984375 0.0890625 0.09375
21 0.2546875 0.55078125 0.05322265625 0.0703125
21 0.18515625 0.55078125 0.05625 0.06875
21 0.8171875 0.55078125 0.0970703125 0.075
21 0.7171875 0.55078125 0.096875 0.071875
21 0.6203125 0.54921875 0.09697265625 0.075
21 0.9640625 0.56484375 0.05302734375 0.040625
21 0.89921875 0.56640625 0.046875 0.0390625
21 0.52734375 0.6625 0.11875 0.09365234375
21 0.02734375 0.66328125 0.0546875 0.0921875
21 0.2234375 0.66484375 0.1029296875 0.1
21 0.11328125 0.66484375 0.10625 0.0984375
21 0.4171875 0.66796875 0.0875 0.090625
21 0.3234375 0.66796875 0.0875 0.0875
21 0.64296875 0.67578125 0.1078125 0.0703125