21 0.5671875 0.25859375 0.0841796875 0.05625
21 0.390625 0.26953125 0.08134765625 0.0625
21 0.6546875 0.321875 0.0875 0.10009765625
21 0.56640625 0.328125 0.084375 0.08740234375
21 0.47578125 0.328125 0.071875 0.075
21 0.75703125 0.3296875 0.0390625 0.09072265625
21 0.83984375 0.3296875 0.040625 0.09072265625
21 0.79921875 0.3296875 0.040625 0.090625
21 0.71875 0.33046875 0.0373046875 0.0953125
21 0.87890625 0.33203125 0.0390625 0.090625
21 0.91796875 0.33203125 0.040625 0.09375
21 0.959375 0.33203125 0.03125 0.0875
21 0.390625 0.33671875 0.0875 0.0703125
21 0.3859375 0.45078125 0.0345703125 0.0421875
21 0.1625 0.47578125 0.0375 0.0375
21 0.2078125 0.47578125 0.046875 0.040625
21 0.53984375 0.490625 0.059375 0.103125
21 0.603125 0.490625 0.059375 0.1
21 0.6671875 0.49296875 0.0625 0.1
21 0.73203125 0.49296875 0.059375 0.1
21 0.853125 0.49375 0.05634765625 0.1
21 0.79296875 0.4953125 0.059375 0.10322265625
21 0.265625 0.4953125 0.0564453125 0.0779296875
21 0.9171875 0.49609375 0.053125 0.1015625
21 0.32421875 0.49765625 0.05625 0.08125
21 0.48203125 0.49765625 0.0484375 0.0875
21 0.05625 0.5015625 0.04990234375 0.06552734375
21 0.109375 0.50234375 0.04384765625 0.0625
21 0.3796875 0.50703125 0.040625 0.0609375
21 0.16015625 0.5171875 0.0453125 0.04052734375
21 0.21015625 0.5171875 0.04375 0.04052734375