21 0.5109375 0.3484375 0.071875 0.07177734375
21 0.66953125 0.35078125 0.071875 0.0703125
21 0.59140625 0.35078125 0.075 0.0703125
21 0.74375 0.3609375 0.059375 0.05322265625
21 0.8140625 0.3609375 0.06552734375 0.053125
21 0.8859375 0.36171875 0.06572265625 0.053125
21 0.0515625 0.4421875 0.06875 0.0720703125
21 0.12109375 0.4484375 0.05625 0.059375
21 0.365625 0.44921875 0.053125 0.05625
21 0.18515625 0.44921875 0.0578125 0.05625
21 0.24296875 0.44921875 0.0515625 0.05625
21 0.303125 0.44921875 0.05615234375 0.05625
21 0.4234375 0.44921875 0.05302734375 0.05625
21 0.52734375 0.4578125 0.040625 0.04375
21 0.48046875 0.459375 0.0390625 0.040625
21 0.57421875 0.459375 0.0390625 0.04365234375
21 0.84609375 0.459375 0.0453125 0.04365234375
21 0.7453125 0.46015625 0.04052734375 0.040625
21 0.79296875 0.46015625 0.040625 0.04375
21 0.61796875 0.46640625 0.0359375 0.025
21 0.6609375 0.4671875 0.0375 0.025
21 0.70546875 0.4671875 0.0375 0.025
21 0.0671875 0.54921875 0.065625 0.0640625
21 0.21875 0.5515625 0.0626953125 0.0595703125
21 0.29296875 0.5484375 0.0765625 0.071875
21 0.14453125 0.5515625 0.0671875 0.0595703125
21 0.36640625 0.54921875 0.0765625 0.0703125
21 0.44140625 0.553125 0.071875 0.05634765625
21 0.728125 0.55546875 0.06875 0.0546875
21 0.6546875 0.55625 0.0658203125 0.05625
21 0.51328125 0.55625 0.071875 0.05625
21 0.58515625 0.55625 0.0671875 0.05009765625
21 0.8015625 0.5640625 0.0625 0.04697265625
21 0.875 0.56640625 0.06865234375 0.0484375