21 0.6140625 0.32109375 0.09677734375 0.0859375
21 0.6984375 0.3421875 0.0625 0.040625
21 0.37734375 0.44609375 0.0453125 0.0609375
21 0.48671875 0.44609375 0.04375 0.059375
21 0.4328125 0.44609375 0.04677734375 0.059375
21 0.7703125 0.45078125 0.03447265625 0.0453125
21 0.81484375 0.45078125 0.0359375 0.0484375
21 0.8578125 0.46015625 0.03447265625 0.0296875
21 0.7828125 0.54921875 0.025 0.021875
21 0.8140625 0.55078125 0.03125 0.021875
21 0.85546875 0.5515625 0.03125 0.02177734375
21 0.428125 0.55625 0.04384765625 0.04384765625
21 0.4796875 0.5578125 0.0408203125 0.0408203125
21 0.3734375 0.5578125 0.046875 0.040625
21 0.53125 0.5578125 0.04384765625 0.04375
21 0.31953125 0.56015625 0.046875 0.040625
21 0.66328125 0.5640625 0.0359375 0.02822265625
21 0.578125 0.5640625 0.03759765625 0.02822265625
21 0.70703125 0.5640625 0.034375 0.02822265625
21 0.74765625 0.5640625 0.0328125 0.0283203125
21 0.62109375 0.56484375 0.0359375 0.0296875
21 0.71015625 0.63671875 0.0453125 0.04375
21 0.7640625 0.63671875 0.04677734375 0.04375
21 0.65859375 0.6390625 0.04375 0.04072265625
21 0.484375 0.64296875 0.053125 0.0390625
21 0.42421875 0.64296875 0.05625 0.0375
21 0.3453125 0.64453125 0.05947265625 0.0359375
21 0.8109375 0.64453125 0.03447265625 0.0328125
21 0.85546875 0.64453125 0.0390625 0.0328125
21 0.27890625 0.6453125 0.0609375 0.0345703125
21 0.40390625 0.7453125 0.0875 0.07822265625
21 0.5046875 0.7453125 0.09052734375 0.07822265625
21 0.3109375 0.7484375 0.08447265625 0.075
21 0.171875 0.75625 0.05615234375 0.06240234375
21 0.10703125 0.75625 0.0546875 0.059375
21 0.23203125 0.75703125 0.05 0.059375
21 0.58984375 0.75703125 0.0578125 0.0515625
21 0.66015625 0.75703125 0.0609375 0.0546875
21 0.87734375 0.7609375 0.0625 0.07177734375
21 0.80625 0.76328125 0.0689453125 0.0671875
21 0.73203125 0.765625 0.0640625 0.06240234375