21 0.57578125 0.49765625 0.0734375 0.0921875
21 0.38125 0.49765625 0.06865234375 0.0921875
21 0.446875 0.50625 0.053125 0.08115234375
21 0.6546875 0.50625 0.06875 0.07490234375
21 0.7296875 0.50625 0.065625 0.071875
21 0.271875 0.50625 0.046875 0.0810546875
21 0.3234375 0.50625 0.0408203125 0.078125
21 0.859375 0.51328125 0.05009765625 0.05625
21 0.7984375 0.51328125 0.053125 0.05625
21 0.50625 0.515625 0.0501953125 0.05625
21 0.9171875 0.52265625 0.053125 0.0359375
21 0.61640625 0.64765625 0.0734375 0.096875
21 0.7015625 0.64765625 0.07822265625 0.096875
21 0.34140625 0.65625 0.090625 0.08759765625
21 0.78359375 0.6578125 0.0703125 0.075
21 0.23828125 0.6578125 0.1 0.08447265625
21 0.13359375 0.6625 0.096875 0.078125
21 0.85078125 0.665625 0.0546875 0.05625
21 0.9109375 0.665625 0.053125 0.05625
21 0.5296875 0.6671875 0.0841796875 0.059375
21 0.4390625 0.6671875 0.090625 0.0625