21 0.55625 0.86640625 0.03759765625 0.0359375
21 0.6046875 0.86640625 0.05302734375 0.0359375
21 0.6546875 0.86796875 0.0470703125 0.0359375
21 0.70546875 0.86796875 0.0484375 0.0375
21 0.0609375 0.3140625 0.08125 0.06552734375
21 0.1453125 0.31953125 0.08427734375 0.0609375
21 0.23828125 0.32109375 0.0890625 0.0640625
21 0.3109375 0.334375 0.04375 0.0376953125
21 0.365625 0.33515625 0.04384765625 0.0390625
21 0.4203125 0.33671875 0.0466796875 0.0375
21 0.47109375 0.3375 0.0421875 0.0375
21 0.515625 0.34765625 0.0375 0.025
21 0.06484375 0.44921875 0.0875 0.0625
21 0.15625 0.45078125 0.084375 0.059375
21 0.24609375 0.453125 0.084375 0.0623046875
21 0.3109375 0.45703125 0.0375 0.05625
21 0.3546875 0.4578125 0.0345703125 0.0591796875
21 0.39765625 0.4578125 0.0390625 0.05625
21 0.43984375 0.459375 0.04375 0.05625
21 0.078125 0.5421875 0.08759765625 0.065625
21 0.1625 0.54296875 0.0875 0.0640625
21 0.25390625 0.5453125 0.0828125 0.0625
21 0.0625 0.65390625 0.0873046875 0.0546875
21 0.15234375 0.65390625 0.084375 0.05625
21 0.3125 0.6546875 0.08134765625 0.059375
21 0.39921875 0.65625 0.0828125 0.05634765625
21 0.48671875 0.6578125 0.0796875 0.05947265625
21 0.81484375 0.66484375 0.05625 0.0484375
21 0.87109375 0.66484375 0.05625 0.0484375
21 0.60703125 0.66796875 0.046875 0.0359375
21 0.5578125 0.66796875 0.04375 0.0359375
21 0.6578125 0.66953125 0.04697265625 0.0375
21 0.709375 0.6703125 0.04375 0.0375
21 0.75859375 0.6703125 0.046875 0.03447265625
21 0.47578125 0.74140625 0.071875 0.0546875
21 0.3078125 0.74140625 0.07822265625 0.05625
21 0.39453125 0.74296875 0.08125 0.0515625
21 0.80859375 0.75 0.0609375 0.05
21 0.86875 0.75 0.0625 0.04990234375
21 0.540625 0.75390625 0.04384765625 0.0359375
21 0.59140625 0.7546875 0.0484375 0.03447265625
21 0.68984375 0.75625 0.046875 0.03740234375
21 0.640625 0.75625 0.04375 0.0373046875
21 0.74375 0.75625 0.046875 0.0375