21 0.45078125 0.29453125 0.0765625 0.075
21 0.5203125 0.29453125 0.06875 0.075
21 0.890625 0.2984375 0.084375 0.07802734375
21 0.321875 0.3015625 0.06240234375 0.05322265625
21 0.38359375 0.3015625 0.0625 0.05625
21 0.96484375 0.30625 0.065625 0.0564453125
21 0.2671875 0.3140625 0.05302734375 0.03427734375
21 0.6875 0.384375 0.05009765625 0.04990234375
21 0.58203125 0.384375 0.0546875 0.05009765625
21 0.5265625 0.3859375 0.05302734375 0.053125
21 0.63359375 0.3859375 0.0515625 0.05302734375
21 0.271875 0.421875 0.090625 0.084375
21 0.36328125 0.4265625 0.0828125 0.0779296875
21 0.44921875 0.42890625 0.084375 0.071875
21 0.52421875 0.4375 0.0484375 0.05009765625
21 0.63125 0.4375 0.04990234375 0.05009765625
21 0.6875 0.4390625 0.05615234375 0.05302734375
21 0.5796875 0.4390625 0.04697265625 0.05302734375