21 0.79296875 0.25390625 0.04375 0.0515625
21 0.8421875 0.25234375 0.04375 0.0515625
21 0.6515625 0.28515625 0.04052734375 0.025
21 0.6984375 0.2859375 0.04375 0.0279296875
21 0.74765625 0.2859375 0.040625 0.0279296875
21 0.0765625 0.290625 0.07197265625 0.0875
21 0.1625 0.290625 0.071875 0.090625
21 0.234375 0.29921875 0.059375 0.0703125
21 0.3078125 0.30078125 0.0625 0.071875
21 0.79453125 0.3078125 0.04375 0.05322265625
21 0.5921875 0.30859375 0.04677734375 0.0546875
21 0.83984375 0.3078125 0.040625 0.053125
21 0.4234375 0.30859375 0.04697265625 0.0515625
21 0.4796875 0.31015625 0.04697265625 0.053125
21 0.36796875 0.30859375 0.0453125 0.0515625
21 0.53984375 0.31015625 0.0453125 0.0515625
21 0.6453125 0.31953125 0.04375 0.0296875
21 0.69921875 0.31953125 0.040625 0.03125
21 0.7484375 0.31953125 0.040625 0.0296875
21 0.36796875 0.4421875 0.0859375 0.06875
21 0.27265625 0.4421875 0.0828125 0.071875
21 0.46015625 0.44375 0.084375 0.06259765625
21 0.63828125 0.45078125 0.0671875 0.053125
21 0.7328125 0.4515625 0.075 0.05
21 0.0828125 0.4515625 0.04677734375 0.05
21 0.82421875 0.4515625 0.0640625 0.05625
21 0.1359375 0.4515625 0.04677734375 0.04697265625
21 0.56015625 0.453125 0.0640625 0.05
21 0.19609375 0.453125 0.0484375 0.05009765625
21 0.384375 0.56875 0.08115234375 0.06884765625
21 0.12109375 0.56953125 0.075 0.06875
21 0.475 0.571875 0.08125 0.065625
21 0.2078125 0.571875 0.0783203125 0.06875
21 0.5625 0.5734375 0.078125 0.06572265625
21 0.2953125 0.57421875 0.075 0.065625
21 0.646875 0.58046875 0.06865234375 0.0578125
21 0.79921875 0.58046875 0.0671875 0.059375
21 0.72265625 0.5828125 0.0671875 0.05625
21 0.28828125 0.85546875 0.084375 0.071875
21 0.12109375 0.8578125 0.078125 0.06552734375
21 0.78359375 0.8578125 0.0671875 0.075
21 0.37734375 0.859375 0.08125 0.065625
21 0.203125 0.8609375 0.08125 0.05947265625
21 0.70703125 0.8609375 0.0609375 0.07197265625
21 0.46015625 0.87265625 0.0671875 0.0515625
21 0.625 0.8734375 0.08125 0.05625
21 0.5359375 0.875 0.07802734375 0.05009765625