21 0.08515625 0.2359375 0.040625 0.05625
21 0.12890625 0.23671875 0.040625 0.05625
21 0.60703125 0.35703125 0.0515625 0.0921875
21 0.66015625 0.35703125 0.046875 0.0921875
21 0.71484375 0.37265625 0.059375 0.05625
21 0.77890625 0.3734375 0.0609375 0.053125
21 0.84375 0.375 0.0626953125 0.0564453125
21 0.21484375 0.46875 0.071875 0.08134765625
21 0.290625 0.4703125 0.06884765625 0.08125
21 0.1390625 0.4734375 0.07177734375 0.06875
21 0.36640625 0.4734375 0.0703125 0.07822265625
21 0.6203125 0.4859375 0.05302734375 0.06572265625
21 0.67421875 0.4859375 0.046875 0.06572265625
21 0.72265625 0.4859375 0.0453125 0.0658203125
21 0.771875 0.48828125 0.04990234375 0.0671875
21 0.8234375 0.48828125 0.046875 0.065625
21 0.43984375 0.4890625 0.0453125 0.0529296875
21 0.48046875 0.490625 0.04375 0.05
21 0.56875 0.49140625 0.04375 0.0515625
21 0.52265625 0.49140625 0.04375 0.0515625
21 0.7828125 0.709375 0.03125 0.03115234375
21 0.8140625 0.709375 0.03125 0.02509765625
21 0.8125 0.73828125 0.03125 0.0265625
21 0.77734375 0.7390625 0.03125 0.02802734375
21 0.80390625 0.865625 0.0546875 0.06240234375
21 0.74765625 0.865625 0.05 0.05625