21 0.546875 0.32421875 0.08115234375 0.078125
21 0.45703125 0.328125 0.084375 0.07490234375
21 0.37109375 0.33046875 0.0828125 0.0640625
21 0.23828125 0.3328125 0.05625 0.06552734375
21 0.30078125 0.3328125 0.05625 0.0625
21 0.61796875 0.33515625 0.0546875 0.0609375
21 0.84140625 0.46875 0.053125 0.08125
21 0.6875 0.4796875 0.06875 0.053125
21 0.76171875 0.48046875 0.0671875 0.0515625
21 0.30546875 0.48203125 0.0703125 0.05625
21 0.37734375 0.4828125 0.0703125 0.05625
21 0.22578125 0.4828125 0.0796875 0.05322265625
21 0.453125 0.4859375 0.08125 0.046875
21 0.553125 0.6234375 0.04375 0.04677734375
21 0.50390625 0.625 0.0421875 0.04384765625
21 0.45546875 0.625 0.040625 0.04384765625
21 0.30546875 0.634375 0.040625 0.03115234375
21 0.259375 0.63671875 0.03759765625 0.028125
21 0.21484375 0.63671875 0.0421875 0.03125