21 0.67890625 0.6546875 0.0671875 0.06875
21 0.7453125 0.65859375 0.0658203125 0.0703125
21 0.81015625 0.6671875 0.0546875 0.05322265625
21 0.6078125 0.16015625 0.096875 0.1078125
21 0.740625 0.1734375 0.0501953125 0.08125
21 0.68359375 0.17421875 0.046875 0.0828125
21 0.52890625 0.1859375 0.053125 0.046875
21 0.47265625 0.1890625 0.053125 0.0466796875
21 0.625 0.296875 0.0998046875 0.090625
21 0.70703125 0.3078125 0.0625 0.06572265625
21 0.76953125 0.31953125 0.065625 0.0484375
21 0.1453125 0.41328125 0.05302734375 0.078125
21 0.0953125 0.41328125 0.0345703125 0.0765625
21 0.1984375 0.41328125 0.0470703125 0.0765625
21 0.2515625 0.4171875 0.0466796875 0.078125
21 0.30546875 0.4171875 0.0453125 0.07802734375
21 0.478125 0.428125 0.034375 0.06240234375
21 0.4375 0.428125 0.03759765625 0.065625
21 0.67578125 0.4328125 0.0453125 0.05927734375
21 0.72578125 0.4359375 0.0390625 0.053125
21 0.51796875 0.43984375 0.0296875 0.040625
21 0.8125 0.44375 0.034375 0.04375
21 0.76953125 0.44453125 0.040625 0.040625
21 0.85078125 0.4546875 0.025 0.02197265625
21 0.8859375 0.4546875 0.02822265625 0.02197265625
21 0.36171875 0.5359375 0.05625 0.071875
21 0.421875 0.5375 0.0501953125 0.0751953125
21 0.53984375 0.53828125 0.05625 0.075
21 0.48046875 0.53984375 0.05625 0.075
21 0.6 0.540625 0.05634765625 0.07490234375
21 0.65625 0.54921875 0.040625 0.0578125
21 0.70546875 0.54921875 0.04375 0.0578125
21 0.75703125 0.553125 0.0421875 0.05625
21 0.8453125 0.5609375 0.034375 0.040625
21 0.803125 0.5609375 0.03125 0.040625
21 0.8890625 0.56484375 0.0345703125 0.0421875