21 0.46875 0.63203125 0.0310546875 0.0453125
21 0.42890625 0.634375 0.03125 0.05
21 0.06015625 0.3640625 0.115625 0.10947265625
21 0.16484375 0.37109375 0.10625 0.103125
21 0.27734375 0.384375 0.0921875 0.08115234375
21 0.4171875 0.3921875 0.05302734375 0.0625
21 0.36171875 0.390625 0.0515625 0.065625
21 0.584375 0.390625 0.040625 0.0625
21 0.47578125 0.39296875 0.04375 0.071875
21 0.52890625 0.39296875 0.04375 0.0640625
21 0.9265625 0.39453125 0.06572265625 0.06875
21 0.853125 0.3953125 0.06259765625 0.06875
21 0.79453125 0.4078125 0.040625 0.03447265625
21 0.5140625 0.5046875 0.053125 0.07802734375
21 0.321875 0.50625 0.0625 0.08134765625
21 0.38828125 0.5046875 0.0609375 0.084375
21 0.453125 0.50703125 0.05625 0.075
21 0.2546875 0.50703125 0.06572265625 0.0828125
21 0.7171875 0.60703125 0.05625 0.0734375
21 0.65859375 0.61640625 0.0484375 0.0609375
21 0.5625 0.61875 0.034375 0.06875
21 0.51328125 0.62109375 0.0359375 0.06875
21 0.60703125 0.62109375 0.04375 0.0609375