21 0.13203125 0.103125 0.0765625 0.09365234375
21 0.21484375 0.10546875 0.075 0.0921875
21 0.6109375 0.1078125 0.04375 0.02802734375
21 0.65625 0.1109375 0.04384765625 0.02802734375
21 0.70078125 0.1109375 0.0453125 0.02802734375
21 0.75 0.11171875 0.04375 0.0296875
21 0.7984375 0.11328125 0.04677734375 0.0265625
21 0.2921875 0.1140625 0.07177734375 0.071875
21 0.36796875 0.115625 0.0734375 0.07509765625
21 0.4953125 0.1265625 0.053125 0.0529296875
21 0.4359375 0.1265625 0.05625 0.05302734375
21 0.84609375 0.12734375 0.040625 0.05625
21 0.54921875 0.12734375 0.05625 0.0515625
21 0.8953125 0.12890625 0.0466796875 0.053125
21 0.6078125 0.13671875 0.04375 0.0328125
21 0.65390625 0.1390625 0.0453125 0.02822265625
21 0.80078125 0.1390625 0.04375 0.02822265625
21 0.7515625 0.1390625 0.04375 0.03125
21 0.7046875 0.1390625 0.05 0.02822265625
21 0.13359375 0.25859375 0.0890625 0.0796875
21 0.22265625 0.2609375 0.0859375 0.078125
21 0.40390625 0.26171875 0.0859375 0.078125
21 0.49140625 0.26171875 0.0859375 0.0765625
21 0.3140625 0.26171875 0.09072265625 0.075
21 0.75859375 0.26171875 0.0828125 0.078125
21 0.84765625 0.26328125 0.0875 0.0796875
21 0.66796875 0.26328125 0.084375 0.0765625
21 0.58046875 0.26328125 0.0859375 0.078125
21 0.13203125 0.4 0.084375 0.07490234375
21 0.22109375 0.4015625 0.0875 0.07197265625
21 0.3109375 0.4015625 0.08427734375 0.07197265625
21 0.48046875 0.4046875 0.084375 0.07177734375
21 0.56640625 0.4046875 0.084375 0.071875
21 0.3953125 0.4046875 0.084375 0.0716796875
21 0.6390625 0.41328125 0.059375 0.0578125
21 0.7046875 0.41328125 0.071875 0.0609375
21 0.8484375 0.4171875 0.059375 0.05625
21 0.78359375 0.4171875 0.078125 0.05625
21 0.1765625 0.5328125 0.084375 0.0720703125
21 0.3546875 0.53359375 0.08427734375 0.075
21 0.26953125 0.53515625 0.0875 0.075
21 0.521875 0.53828125 0.078125 0.0625
21 0.4390625 0.53984375 0.078125 0.0625
21 0.60546875 0.540625 0.078125 0.059375
21 0.6875 0.54296875 0.08134765625 0.0578125
21 0.75859375 0.54921875 0.0453125 0.04375
21 0.80859375 0.55078125 0.0515625 0.0453125
21 0.525 0.66953125 0.0685546875 0.05625
21 0.59140625 0.6703125 0.059375 0.05322265625
21 0.73671875 0.671875 0.071875 0.05009765625
21 0.6625 0.671875 0.0689453125 0.05
21 0.82109375 0.6734375 0.071875 0.05
21 0.4515625 0.07421875 0.053125 0.0515625
21 0.5046875 0.07578125 0.05322265625 0.0515625
21 0.56015625 0.0765625 0.053125 0.046875
21 0.8953125 0.0765625 0.04375 0.04697265625
21 0.84375 0.0796875 0.0439453125 0.04375