21 0.13359375 0.50390625 0.040625 0.0765625
21 0.08984375 0.50390625 0.04375 0.0765625
21 0.21640625 0.51328125 0.0359375 0.0515625
21 0.29296875 0.5140625 0.0390625 0.053125
21 0.2546875 0.5140625 0.03447265625 0.05625
21 0.17890625 0.515625 0.0328125 0.05009765625
21 0.540625 0.60234375 0.05009765625 0.06875
21 0.8015625 0.60234375 0.046875 0.0609375
21 0.13359375 0.6046875 0.06875 0.06875
21 0.7453125 0.6078125 0.05927734375 0.053125
21 0.5890625 0.61171875 0.03447265625 0.0453125
21 0.196875 0.61328125 0.040625 0.046875
21 0.240625 0.6140625 0.046875 0.04677734375
21 0.62890625 0.6203125 0.03125 0.03427734375
21 0.69921875 0.6203125 0.03125 0.03427734375
21 0.66328125 0.62109375 0.0359375 0.0328125