21 0.78125 0.2515625 0.040625 0.0408203125
21 0.70546875 0.25234375 0.034375 0.040625
21 0.6625 0.25390625 0.034375 0.04375
21 0.74375 0.25390625 0.0314453125 0.04375
21 0.6234375 0.25625 0.03125 0.040625
21 0.90234375 0.27265625 0.0296875 0.0328125
21 0.86796875 0.27265625 0.034375 0.0328125
21 0.83046875 0.27421875 0.040625 0.03125
21 0.31640625 0.28359375 0.0609375 0.0875
21 0.3765625 0.28359375 0.059375 0.0875
21 0.43515625 0.28359375 0.059375 0.0875
21 0.259375 0.2859375 0.05634765625 0.0875
21 0.19921875 0.2859375 0.0625 0.0875
21 0.4890625 0.29296875 0.04697265625 0.065625
21 0.58671875 0.29296875 0.05 0.0671875
21 0.53828125 0.29296875 0.05 0.0671875
21 0.671875 0.2953125 0.03740234375 0.03447265625
21 0.7921875 0.2984375 0.03447265625 0.04697265625
21 0.7515625 0.29921875 0.03447265625 0.0484375
21 0.71171875 0.30078125 0.034375 0.046875
21 0.63125 0.3015625 0.03740234375 0.04677734375
21 0.8640625 0.30546875 0.0345703125 0.025
21 0.90234375 0.30546875 0.03125 0.028125
21 0.828125 0.30546875 0.03115234375 0.0296875
21 0.390625 0.40390625 0.05634765625 0.0671875
21 0.4515625 0.40390625 0.05625 0.0703125
21 0.20078125 0.40390625 0.0640625 0.0703125
21 0.26328125 0.40390625 0.059375 0.06875
21 0.51171875 0.40390625 0.059375 0.0703125
21 0.328125 0.4046875 0.059375 0.07177734375
21 0.56875 0.40859375 0.053125 0.05625
21 0.85234375 0.41015625 0.0515625 0.05625
21 0.6828125 0.4109375 0.053125 0.05322265625
21 0.79453125 0.4109375 0.0515625 0.05322265625
21 0.7390625 0.4109375 0.0533203125 0.0533203125
21 0.6265625 0.4125 0.05302734375 0.06240234375
21 0.8140625 0.49296875 0.0345703125 0.0453125
21 0.7390625 0.49375 0.03447265625 0.04384765625
21 0.85234375 0.49296875 0.0359375 0.0453125
21 0.70078125 0.49375 0.0359375 0.04384765625
21 0.77734375 0.49375 0.0359375 0.0439453125
21 0.62109375 0.4953125 0.0359375 0.0466796875
21 0.65859375 0.49609375 0.0359375 0.0453125
21 0.3953125 0.53984375 0.053125 0.05625
21 0.57421875 0.53984375 0.05625 0.0546875
21 0.33671875 0.540625 0.0578125 0.05625
21 0.453125 0.540625 0.05634765625 0.05625
21 0.51328125 0.540625 0.0609375 0.05625
21 0.27734375 0.53828125 0.05625 0.05625
21 0.21875 0.54296875 0.059375 0.05625
21 0.82421875 0.5453125 0.0375 0.04677734375
21 0.703125 0.546875 0.03740234375 0.04375
21 0.86328125 0.5453125 0.0375 0.04677734375
21 0.625 0.546875 0.034375 0.04384765625
21 0.74375 0.546875 0.0375 0.04384765625
21 0.66328125 0.546875 0.0359375 0.04384765625
21 0.7828125 0.5453125 0.0345703125 0.0466796875
21 0.7359375 0.6140625 0.028125 0.04375
21 0.703125 0.6140625 0.03115234375 0.04677734375
21 0.803125 0.6140625 0.03115234375 0.04677734375
21 0.83671875 0.6140625 0.028125 0.04375
21 0.76953125 0.6140625 0.0296875 0.04677734375
21 0.63671875 0.615625 0.0296875 0.04384765625
21 0.66953125 0.615625 0.03125 0.04375
21 0.7015625 0.6578125 0.028125 0.040625
21 0.86875 0.66015625 0.0310546875 0.04375
21 0.66953125 0.6609375 0.0296875 0.04677734375
21 0.734375 0.6609375 0.0310546875 0.0466796875
21 0.83515625 0.6609375 0.028125 0.04677734375
21 0.7671875 0.6609375 0.03125 0.04677734375
21 0.8015625 0.6609375 0.02822265625 0.04677734375
21 0.6359375 0.6625 0.0283203125 0.04375