21 0.46484375 0.1984375 0.1078125 0.09697265625
21 0.6 0.19921875 0.096875 0.0953125
21 0.7140625 0.20078125 0.10302734375 0.0953125
21 0.8265625 0.2015625 0.10322265625 0.096875
21 0.9421875 0.203125 0.10322265625 0.09384765625
21 0.91328125 0.3765625 0.071875 0.05625
21 0.60703125 0.6515625 0.0796875 0.0966796875
21 0.51171875 0.65234375 0.08125 0.096875
21 0.6859375 0.6734375 0.059375 0.059375
21 0.884375 0.6734375 0.05625 0.0533203125
21 0.82421875 0.6734375 0.05625 0.05625
21 0.75625 0.6734375 0.06259765625 0.05625