21 0.046875 0.2234375 0.078125 0.12802734375
21 0.13125 0.22734375 0.075 0.1265625
21 0.20078125 0.24296875 0.0578125 0.103125
21 0.25859375 0.24375 0.0609375 0.1064453125
21 0.31640625 0.2453125 0.059375 0.10625
21 0.5484375 0.25625 0.06572265625 0.09365234375
21 0.61796875 0.25703125 0.0703125 0.0921875
21 0.37734375 0.26171875 0.0453125 0.071875
21 0.8453125 0.265625 0.065625 0.0814453125
21 0.76328125 0.26953125 0.0796875 0.0734375
21 0.915625 0.26953125 0.0625 0.0796875
21 0.68046875 0.271875 0.0546875 0.06259765625
21 0.9703125 0.28828125 0.040625 0.0375
21 0.74375 0.42578125 0.06865234375 0.0703125
21 0.678125 0.4265625 0.06865234375 0.07177734375
21 0.60078125 0.4265625 0.06875 0.071875
21 0.42578125 0.42890625 0.084375 0.0703125
21 0.51953125 0.43046875 0.078125 0.06875
21 0.08046875 0.43125 0.0546875 0.06865234375
21 0.20546875 0.4328125 0.05625 0.06552734375
21 0.33671875 0.43125 0.0859375 0.071875
21 0.26171875 0.43125 0.0515625 0.06865234375
21 0.14453125 0.4328125 0.0578125 0.06572265625