21 0.82109375 0.6265625 0.03125 0.0466796875
21 0.7484375 0.62734375 0.03125 0.046875
21 0.71171875 0.62734375 0.03125 0.046875
21 0.78359375 0.62734375 0.034375 0.046875
21 0.240625 0.62890625 0.03125 0.04375
21 0.16328125 0.6296875 0.0328125 0.04072265625
21 0.2015625 0.6296875 0.03125 0.04072265625
21 0.27890625 0.6296875 0.0359375 0.04072265625
21 0.53515625 0.70703125 0.03125 0.0265625
21 0.7296875 0.709375 0.028125 0.015625
21 0.696875 0.70546875 0.028125 0.025
21 0.63125 0.70703125 0.0310546875 0.0234375
21 0.56875 0.7078125 0.03115234375 0.028125
21 0.5984375 0.7078125 0.03125 0.025
21 0.66484375 0.7078125 0.0296875 0.02197265625
21 0.23671875 0.7234375 0.059375 0.071875
21 0.17578125 0.725 0.0609375 0.065625
21 0.63359375 0.73828125 0.028125 0.025
21 0.5359375 0.7390625 0.03427734375 0.02197265625
21 0.6984375 0.73671875 0.03125 0.025
21 0.5984375 0.73828125 0.034375 0.0234375
21 0.73203125 0.7359375 0.0328125 0.025
21 0.5671875 0.73828125 0.02802734375 0.025
21 0.665625 0.73671875 0.03125 0.025
21 0.2125 0.8765625 0.06240234375 0.05947265625
21 0.1453125 0.8765625 0.0625 0.05927734375
21 0.353125 0.87734375 0.06865234375 0.0671875
21 0.2828125 0.87890625 0.07177734375 0.0640625
21 0.42421875 0.88203125 0.0640625 0.0609375
21 0.2046875 0.40234375 0.0466796875 0.084375
21 0.15234375 0.40234375 0.04375 0.0828125
21 0.81484375 0.4046875 0.05 0.06572265625
21 0.76328125 0.4046875 0.0453125 0.06572265625
21 0.2859375 0.40859375 0.0341796875 0.0703125
21 0.2484375 0.40859375 0.03447265625 0.06875
21 0.34609375 0.53515625 0.0484375 0.0578125
21 0.296875 0.53515625 0.04384765625 0.059375
21 0.203125 0.5359375 0.04375 0.05947265625
21 0.25 0.5359375 0.04365234375 0.05947265625
21 0.15390625 0.5359375 0.040625 0.0595703125
21 0.4703125 0.5375 0.03447265625 0.04384765625
21 0.3890625 0.53984375 0.034375 0.0453125
21 0.42890625 0.53828125 0.0359375 0.0484375