21 0.2859375 0.1 0.06572265625 0.1
21 0.359375 0.103125 0.0685546875 0.0939453125
21 0.2515625 0.56640625 0.07177734375 0.071875
21 0.1875 0.57421875 0.05009765625 0.05625
21 0.134375 0.5828125 0.046875 0.0404296875
21 0.084375 0.58203125 0.04375 0.0375
21 0.70546875 0.5890625 0.04375 0.0470703125
21 0.765625 0.58671875 0.0626953125 0.059375
21 0.65234375 0.5875 0.05 0.04990234375
21 0.5140625 0.66953125 0.071875 0.059375
21 0.59609375 0.6703125 0.075 0.059375
21 0.0671875 0.071875 0.0654296875 0.1064453125
21 0.1859375 0.67578125 0.08125 0.06875
21 0.0984375 0.678125 0.08427734375 0.065625