21 0.19375 0.51796875 0.08115234375 0.0625
21 0.109375 0.5203125 0.07490234375 0.06552734375
21 0.5484375 0.5203125 0.071875 0.065625
21 0.63203125 0.5203125 0.0765625 0.065625
21 0.4671875 0.5203125 0.071875 0.065625
21 0.26796875 0.5265625 0.05625 0.05
21 0.33046875 0.52734375 0.0546875 0.05
21 0.3953125 0.52734375 0.05322265625 0.0484375
21 0.7046875 0.5296875 0.05302734375 0.04697265625
21 0.765625 0.53125 0.05615234375 0.05009765625
21 0.82421875 0.540625 0.0515625 0.0310546875
21 0.88203125 0.540625 0.0515625 0.028125
21 0.93984375 0.540625 0.0484375 0.028125
21 0.5578125 0.63203125 0.09375 0.0703125
21 0.65859375 0.63359375 0.0890625 0.0703125
21 0.45703125 0.6359375 0.096875 0.05927734375
21 0.15390625 0.6359375 0.0875 0.05625
21 0.25859375 0.6390625 0.0859375 0.05322265625
21 0.35703125 0.640625 0.090625 0.053125