21 0.3421875 0.240625 0.06875 0.10625
21 0.4203125 0.240625 0.07177734375 0.109375
21 0.49296875 0.24140625 0.065625 0.1078125
21 0.1890625 0.2453125 0.04697265625 0.096875
21 0.1390625 0.2453125 0.046875 0.09677734375
21 0.56015625 0.2546875 0.059375 0.0875
21 0.62265625 0.2546875 0.0609375 0.09072265625
21 0.28359375 0.259375 0.040625 0.0626953125
21 0.23671875 0.2609375 0.0453125 0.06572265625
21 0.896875 0.265625 0.06865234375 0.08134765625
21 0.828125 0.265625 0.06240234375 0.075
21 0.678125 0.26953125 0.046875 0.0671875
21 0.7296875 0.2703125 0.046875 0.06552734375
21 0.77734375 0.2828125 0.0390625 0.03447265625
21 0.16484375 0.3859375 0.0765625 0.0875
21 0.09375 0.3859375 0.071875 0.090625
21 0.3265625 0.3953125 0.075 0.07802734375
21 0.25 0.396875 0.07509765625 0.071875
21 0.4015625 0.39765625 0.06572265625 0.0671875
21 0.6625 0.40234375 0.04990234375 0.05625
21 0.71015625 0.40234375 0.04375 0.05625