21 0.796875 0.8265625 0.07509765625 0.08447265625
21 0.89453125 0.83046875 0.0765625 0.084375
21 0.1359375 0.303125 0.040625 0.09375
21 0.0375 0.303125 0.04375 0.09375
21 0.08671875 0.303125 0.0421875 0.09375
21 0.03359375 0.4734375 0.0328125 0.0875
21 0.06875 0.4734375 0.028125 0.0875
21 0.140625 0.475 0.034375 0.08759765625
21 0.1046875 0.475 0.03447265625 0.08759765625
21 0.178125 0.47578125 0.03740234375 0.0875
21 0.2171875 0.47734375 0.03447265625 0.0890625
21 0.25625 0.47734375 0.03134765625 0.090625
21 0.021875 0.63359375 0.04375 0.08125
21 0.07578125 0.6359375 0.0515625 0.07822265625
21 0.13203125 0.63828125 0.0515625 0.078125
21 0.1890625 0.6390625 0.05625 0.0841796875
21 0.24765625 0.640625 0.053125 0.0814453125
21 0.30546875 0.64296875 0.0546875 0.0828125
21 0.4015625 0.6453125 0.03427734375 0.0875
21 0.43984375 0.64765625 0.0375 0.0859375
21 0.48203125 0.65 0.0390625 0.0876953125
21 0.521875 0.6515625 0.03740234375 0.08447265625
21 0.5625 0.65234375 0.0375 0.0875
21 0.60078125 0.6546875 0.034375 0.09052734375
21 0.640625 0.65625 0.0375 0.08759765625
21 0.359375 0.65625 0.04375 0.06259765625
21 0.68125 0.6578125 0.03740234375 0.090625
21 0.7234375 0.65859375 0.0345703125 0.0890625
21 0.765625 0.65859375 0.03759765625 0.090625
21 0.80859375 0.6609375 0.040625 0.090625
21 0.85078125 0.66328125 0.0390625 0.090625
21 0.89453125 0.665625 0.040625 0.090625
21 0.93984375 0.6671875 0.040625 0.09375
21 0.98203125 0.66796875 0.034375 0.09375