21 0.33203125 0.78828125 0.046875 0.0515625
21 0.28125 0.78984375 0.04990234375 0.0546875
21 0.22578125 0.78984375 0.046875 0.0515625
21 0.16484375 0.7953125 0.053125 0.05302734375
21 0.11328125 0.7984375 0.0484375 0.053125
21 0.07109375 0.1 0.121875 0.15615234375
21 0.19609375 0.10546875 0.115625 0.15
21 0.31640625 0.1140625 0.1078125 0.146875
21 0.43046875 0.12109375 0.10625 0.1375
21 0.540625 0.13359375 0.09990234375 0.1234375
21 0.646875 0.1421875 0.1 0.11875
21 0.74765625 0.15 0.0984375 0.121875
21 0.85 0.15234375 0.09365234375 0.1171875
21 0.953125 0.15390625 0.08759765625 0.11875
21 0.4015625 0.31953125 0.096875 0.0859375
21 0.5 0.33046875 0.090625 0.071875
21 0.77421875 0.33203125 0.084375 0.075
21 0.68515625 0.3328125 0.0984375 0.07802734375
21 0.58984375 0.334375 0.0875 0.06875
21 0.85546875 0.334375 0.0765625 0.071875
21 0.08984375 0.38828125 0.1078125 0.1171875
21 0.296875 0.3921875 0.10009765625 0.11552734375
21 0.19453125 0.3953125 0.1015625 0.115625
21 0.4015625 0.41484375 0.0875 0.0828125
21 0.50625 0.415625 0.0873046875 0.0810546875
21 0.6984375 0.415625 0.090625 0.08115234375
21 0.5984375 0.4171875 0.09052734375 0.08125
21 0.790625 0.4171875 0.09365234375 0.08427734375
21 0.884375 0.4203125 0.084375 0.07802734375
21 0.11796875 0.51796875 0.0890625 0.0578125
21 0.4 0.51796875 0.07509765625 0.05625
21 0.30546875 0.51796875 0.0828125 0.059375
21 0.48203125 0.51796875 0.0765625 0.0578125
21 0.21484375 0.51953125 0.0859375 0.0609375
21 0.64921875 0.5203125 0.075 0.05947265625
21 0.56875 0.521875 0.075 0.059375
21 0.728125 0.52265625 0.07490234375 0.0625
21 0.803125 0.60078125 0.053125 0.0609375
21 0.65390625 0.59609375 0.06875 0.06875
21 0.4828125 0.59609375 0.08427734375 0.075
21 0.3953125 0.59765625 0.08427734375 0.078125
21 0.85546875 0.60078125 0.0453125 0.059375
21 0.10234375 0.59765625 0.0796875 0.078125
21 0.728125 0.59765625 0.071875 0.0703125
21 0.5734375 0.5984375 0.08427734375 0.07802734375
21 0.203125 0.6 0.090625 0.07509765625
21 0.3078125 0.6 0.090625 0.08115234375
21 0.396875 0.7671875 0.06865234375 0.09375
21 0.7703125 0.7640625 0.0470703125 0.06875
21 0.7140625 0.765625 0.05927734375 0.071875
21 0.6515625 0.76796875 0.0529296875 0.075
21 0.828125 0.76796875 0.059375 0.05625
21 0.52734375 0.7703125 0.05625 0.071875
21 0.5921875 0.7703125 0.05927734375 0.075
21 0.46484375 0.77421875 0.053125 0.075