21 0.88203125 0.33671875 0.0453125 0.0390625
21 0.93515625 0.3375 0.046875 0.040625
21 0.196875 0.3484375 0.096875 0.11572265625
21 0.75390625 0.36171875 0.0734375 0.0984375
21 0.3703125 0.3640625 0.08125 0.08125
21 0.28984375 0.36640625 0.0890625 0.0796875
21 0.821875 0.3734375 0.06240234375 0.078125
21 0.509375 0.37109375 0.065625 0.0765625
21 0.44609375 0.37265625 0.0609375 0.075
21 0.94140625 0.38671875 0.05 0.04375
21 0.88671875 0.38828125 0.0515625 0.0453125
21 0.540625 0.5640625 0.040625 0.071875
21 0.5875 0.56484375 0.040625 0.071875
21 0.6390625 0.56640625 0.04375 0.0734375
21 0.69140625 0.5671875 0.0421875 0.07177734375
21 0.74296875 0.5671875 0.04375 0.075
21 0.79453125 0.56953125 0.04375 0.071875
21 0.8703125 0.6703125 0.0466796875 0.05625
21 0.81640625 0.671875 0.0453125 0.05625
21 0.453125 0.7234375 0.084375 0.0904296875
21 0.765625 0.7359375 0.059375 0.078125
21 0.6921875 0.7390625 0.07197265625 0.06572265625
21 0.6078125 0.74140625 0.07197265625 0.065625
21 0.82421875 0.74765625 0.05 0.0640625
21 0.88359375 0.7484375 0.0484375 0.0625