21 0.5140625 0.6859375 0.040625 0.046875
21 0.303125 0.6890625 0.03115234375 0.0375
21 0.26953125 0.6890625 0.0296875 0.04072265625
21 0.2015625 0.6890625 0.025 0.040625
21 0.5625 0.6890625 0.0439453125 0.0408203125
21 0.2359375 0.6890625 0.02822265625 0.04072265625
21 0.66953125 0.6890625 0.04375 0.04375
21 0.47265625 0.6890625 0.034375 0.040625
21 0.37265625 0.68984375 0.03125 0.0375
21 0.40625 0.68984375 0.03115234375 0.040625
21 0.4390625 0.68984375 0.028125 0.040625
21 0.33671875 0.68984375 0.0296875 0.040625
21 0.615625 0.68984375 0.05009765625 0.0421875
21 0.7203125 0.69140625 0.04072265625 0.0421875
21 0.76953125 0.6921875 0.04375 0.04375
21 0.69375 0.328125 0.025 0.040625
21 0.71875 0.3296875 0.025 0.04052734375
21 0.4859375 0.353125 0.040625 0.06884765625
21 0.52734375 0.353125 0.0359375 0.0689453125
21 0.60078125 0.359375 0.028125 0.05634765625
21 0.634375 0.359375 0.03115234375 0.05634765625
21 0.66796875 0.359375 0.0296875 0.05625
21 0.70078125 0.3703125 0.028125 0.040625
21 0.73046875 0.37109375 0.028125 0.0390625
21 0.71171875 0.38828125 0.0015625 0.0015625
21 0.22734375 0.4375 0.040625 0.05
21 0.50859375 0.4390625 0.0515625 0.05947265625
21 0.2703125 0.4390625 0.04052734375 0.04697265625
21 0.4 0.4390625 0.053125 0.05927734375
21 0.45546875 0.43984375 0.0515625 0.0609375
21 0.3546875 0.4421875 0.0375 0.05302734375
21 0.3140625 0.4421875 0.04052734375 0.04697265625
21 0.5609375 0.44375 0.05302734375 0.05625
21 0.2140625 0.52265625 0.040625 0.0546875
21 0.4 0.52265625 0.0248046875 0.05625
21 0.4265625 0.52265625 0.025 0.0578125
21 0.25703125 0.52421875 0.0421875 0.0546875
21 0.37265625 0.52421875 0.0265625 0.0578125
21 0.29921875 0.52421875 0.0390625 0.053125
21 0.3390625 0.525 0.03447265625 0.05009765625
21 0.4671875 0.525 0.05 0.05009765625
21 0.5203125 0.5265625 0.0470703125 0.0466796875
21 0.57421875 0.52734375 0.05 0.0453125
21 0.6296875 0.53125 0.05302734375 0.05
21 0.73671875 0.53125 0.046875 0.046875
21 0.68125 0.53125 0.05 0.04384765625
21 0.5984375 0.58984375 0.02197265625 0.015625
21 0.65625 0.59140625 0.025 0.01875
21 0.625 0.59140625 0.021875 0.0171875
21 0.6859375 0.5921875 0.02802734375 0.01572265625
21 0.71484375 0.5921875 0.025 0.01875
21 0.775 0.59375 0.02509765625 0.01875
21 0.21484375 0.60234375 0.0453125 0.04375
21 0.271875 0.603125 0.05009765625 0.040625
21 0.34609375 0.60546875 0.03125 0.0375
21 0.41328125 0.60546875 0.0265625 0.0375
21 0.37734375 0.60546875 0.0265625 0.0390625
21 0.446875 0.60703125 0.025 0.0390625
21 0.478125 0.60703125 0.028125 0.0390625
21 0.3125 0.60703125 0.02509765625 0.0359375
21 0.51171875 0.615625 0.0203125 0.01875
21 0.53828125 0.615625 0.0234375 0.01875
21 0.56875 0.61640625 0.03115234375 0.0171875
21 0.59609375 0.61796875 0.0234375 0.0140625
21 0.6265625 0.61796875 0.028125 0.01875
21 0.68515625 0.61875 0.028125 0.01259765625
21 0.71484375 0.61875 0.025 0.01865234375
21 0.6546875 0.6203125 0.025 0.01572265625
21 0.77421875 0.6203125 0.028125 0.0125
21 0.74296875 0.62109375 0.0234375 0.015625