21 0.484375 0.2609375 0.05009765625 0.05947265625
21 0.54296875 0.26328125 0.0546875 0.0671875
21 0.7390625 0.26796875 0.04697265625 0.0640625
21 0.7984375 0.26953125 0.05302734375 0.0609375
21 0.59765625 0.28984375 0.040625 0.059375
21 0.64453125 0.28984375 0.0453125 0.059375
21 0.69140625 0.2875 0.04375 0.059375
21 0.9390625 0.2921875 0.034375 0.0595703125
21 0.8609375 0.28984375 0.03447265625 0.059375
21 0.9015625 0.290625 0.03125 0.059375
21 0.421875 0.3234375 0.0626953125 0.103125
21 0.4890625 0.33671875 0.0529296875 0.0828125
21 0.54453125 0.33515625 0.05625 0.0796875
21 0.80859375 0.3421875 0.0546875 0.07802734375
21 0.75234375 0.34140625 0.0546875 0.0765625
21 0.6 0.3484375 0.040625 0.05322265625
21 0.64921875 0.35 0.0390625 0.05625
21 0.69921875 0.35 0.0421875 0.05615234375
21 0.8609375 0.35078125 0.034375 0.0578125
21 0.90234375 0.353125 0.0359375 0.05625
21 0.946875 0.3546875 0.0375 0.05625
21 0.7671875 0.4328125 0.040625 0.04375
21 0.8125 0.43359375 0.04375 0.0453125
21 0.8578125 0.43515625 0.04677734375 0.0453125
21 0.72109375 0.43125 0.0359375 0.04375
21 0.90390625 0.43359375 0.0421875 0.04375
21 0.09375 0.4625 0.040625 0.08134765625
21 0.046875 0.4625 0.04375 0.084375
21 0.16015625 0.46484375 0.0765625 0.071875
21 0.509375 0.4671875 0.071875 0.09052734375
21 0.375 0.4671875 0.028125 0.08427734375
21 0.41328125 0.4671875 0.028125 0.08125
21 0.33671875 0.46875 0.03125 0.08134765625
21 0.58671875 0.46875 0.075 0.0875
21 0.2390625 0.47109375 0.07802734375 0.0734375
21 0.29921875 0.46875 0.0265625 0.084375
21 0.453125 0.46875 0.034375 0.07509765625
21 0.66484375 0.47265625 0.071875 0.0875
21 0.72109375 0.48828125 0.0375 0.05625
21 0.765625 0.48828125 0.040625 0.053125
21 0.8125 0.4890625 0.040625 0.053125
21 0.90859375 0.490625 0.040625 0.05009765625
21 0.8578125 0.490625 0.040625 0.053125
21 0.8234375 0.571875 0.03447265625 0.028125
21 0.8640625 0.57421875 0.034375 0.0234375
21 0.90625 0.5765625 0.03134765625 0.025
21 0.82421875 0.6078125 0.0265625 0.025
21 0.859375 0.609375 0.034375 0.025
21 0.9015625 0.61171875 0.034375 0.025
21 0.10703125 0.61328125 0.065625 0.0921875
21 0.1828125 0.61328125 0.06572265625 0.0828125
21 0.03359375 0.61328125 0.0625 0.0875
21 0.25859375 0.6140625 0.06875 0.08447265625
21 0.5875 0.6265625 0.05634765625 0.0625
21 0.39453125 0.6265625 0.0515625 0.05947265625
21 0.328125 0.62734375 0.05634765625 0.059375
21 0.65234375 0.62890625 0.05625 0.06875
21 0.51953125 0.62890625 0.0515625 0.05625
21 0.4546875 0.62890625 0.05302734375 0.05625
21 0.7140625 0.6296875 0.05625 0.065625
21 0.775 0.6296875 0.059375 0.065625
21 0.8640625 0.64765625 0.02822265625 0.0265625
21 0.90390625 0.64921875 0.0359375 0.0234375
21 0.8265625 0.64921875 0.034375 0.028125