21 0.80390625 0.2703125 0.04375 0.04052734375
21 0.7609375 0.271875 0.0375 0.04365234375
21 0.75703125 0.31875 0.0375 0.046875
21 0.80078125 0.31875 0.0390625 0.0498046875
21 0.765625 0.38203125 0.040625 0.040625
21 0.7140625 0.38359375 0.040625 0.0390625
21 0.0359375 0.41484375 0.071875 0.065625
21 0.11640625 0.41484375 0.075 0.0640625
21 0.19609375 0.415625 0.084375 0.06259765625
21 0.275 0.4171875 0.075 0.0625
21 0.35078125 0.41796875 0.078125 0.05625
21 0.42578125 0.421875 0.0609375 0.0501953125
21 0.49765625 0.42578125 0.071875 0.046875
21 0.71640625 0.4265625 0.04375 0.04375
21 0.7640625 0.4265625 0.040625 0.04375
21 0.05390625 0.5015625 0.075 0.0595703125
21 0.37265625 0.5 0.075 0.05615234375
21 0.53359375 0.5 0.0671875 0.05625
21 0.45703125 0.5 0.0703125 0.05625
21 0.209375 0.5 0.08115234375 0.05625
21 0.67890625 0.5 0.0515625 0.05625
21 0.13203125 0.5 0.071875 0.059375
21 0.740625 0.5015625 0.05009765625 0.05625
21 0.61640625 0.5015625 0.05625 0.05625
21 0.796875 0.50859375 0.040625 0.0453125
21 0.89453125 0.50703125 0.0390625 0.04375
21 0.8453125 0.50859375 0.04375 0.0453125
21 0.290625 0.5109375 0.078125 0.034375