21 0.51796875 0.4859375 0.059375 0.14375
21 0.1046875 0.5 0.07177734375 0.10634765625
21 0.1859375 0.49765625 0.0720703125 0.1109375
21 0.2703125 0.49765625 0.075 0.1125
21 0.6875 0.50390625 0.04384765625 0.1078125
21 0.83984375 0.50390625 0.0484375 0.1078125
21 0.35234375 0.5046875 0.0484375 0.1091796875
21 0.63828125 0.50234375 0.046875 0.109375
21 0.7921875 0.50390625 0.04375 0.1078125
21 0.40390625 0.5015625 0.0421875 0.10322265625
21 0.46484375 0.50234375 0.0453125 0.1015625
21 0.89296875 0.50234375 0.05 0.1125
21 0.94375 0.50390625 0.053125 0.1109375
21 0.740625 0.50703125 0.04375 0.1078125
21 0.31875 0.821875 0.08134765625 0.16240234375
21 0.08671875 0.82421875 0.078125 0.15
21 0.24140625 0.82421875 0.0765625 0.15625
21 0.734375 0.828125 0.084375 0.171875
21 0.48046875 0.828125 0.075 0.1685546875
21 0.5625 0.8265625 0.08125 0.16875
21 0.165625 0.82421875 0.075 0.159375
21 0.4 0.82421875 0.078125 0.1625
21 0.64921875 0.8265625 0.08125 0.17177734375
21 0.5828125 0.48671875 0.059375 0.1484375