21 0.484375 0.25390625 0.071875 0.1015625
21 0.6734375 0.26171875 0.059375 0.0859375
21 0.61328125 0.26171875 0.059375 0.084375
21 0.55390625 0.26328125 0.0578125 0.0828125
21 0.72578125 0.28359375 0.0421875 0.0390625
21 0.7765625 0.4078125 0.05302734375 0.07802734375
21 0.44140625 0.4078125 0.0625 0.071875
21 0.72109375 0.4078125 0.0484375 0.07802734375
21 0.36640625 0.4078125 0.075 0.071875
21 0.22265625 0.41015625 0.0703125 0.071875
21 0.28984375 0.4109375 0.0671875 0.06875
21 0.82421875 0.415625 0.0453125 0.05625
21 0.86796875 0.4171875 0.040625 0.059375
21 0.15234375 0.509375 0.071875 0.0751953125
21 0.0828125 0.509375 0.07197265625 0.075
21 0.8734375 0.51953125 0.0375 0.053125
21 0.83046875 0.5203125 0.040625 0.0533203125