21 0.74765625 0.1390625 0.0515625 0.071875
21 0.8078125 0.140625 0.0533203125 0.06875
21 0.68046875 0.14453125 0.0671875 0.0640625
21 0.8609375 0.14453125 0.053125 0.0625
21 0.70546875 0.271875 0.0390625 0.08134765625
21 0.6609375 0.275 0.04052734375 0.08740234375
21 0.9359375 0.28515625 0.02822265625 0.0625
21 0.84609375 0.28515625 0.0359375 0.0625
21 0.8890625 0.2875 0.0345703125 0.0625
21 0.7046875 0.3953125 0.03447265625 0.02822265625
21 0.74765625 0.396875 0.040625 0.03125
21 0.6671875 0.39765625 0.034375 0.028125
21 0.1265625 0.40625 0.065625 0.09990234375
21 0.19609375 0.4078125 0.0640625 0.1029296875
21 0.0578125 0.4078125 0.06572265625 0.10302734375
21 0.490625 0.415625 0.053125 0.0748046875
21 0.43359375 0.4171875 0.0515625 0.07802734375
21 0.3765625 0.4171875 0.053125 0.07802734375
21 0.31953125 0.4171875 0.053125 0.07802734375
21 0.26171875 0.4171875 0.0546875 0.07802734375
21 0.63359375 0.42421875 0.04375 0.05625
21 0.540625 0.42578125 0.046875 0.05625
21 0.5875 0.4265625 0.04375 0.0591796875
21 0.75703125 0.4328125 0.0390625 0.034375
21 0.67421875 0.4328125 0.040625 0.03447265625
21 0.71640625 0.43359375 0.040625 0.0359375
21 0.66015625 0.51796875 0.0515625 0.071875
21 0.3078125 0.51796875 0.07802734375 0.0734375
21 0.23203125 0.51953125 0.06875 0.075
21 0.7171875 0.51953125 0.05302734375 0.0703125
21 0.60546875 0.51953125 0.0484375 0.071875
21 0.15390625 0.5203125 0.0796875 0.07802734375
21 0.76953125 0.525 0.0421875 0.05625
21 0.0734375 0.525 0.075 0.071875
21 0.86796875 0.525 0.040625 0.05634765625
21 0.91484375 0.525 0.040625 0.05625
21 0.37734375 0.5265625 0.0546875 0.0625
21 0.81640625 0.5265625 0.040625 0.0533203125
21 0.43359375 0.52734375 0.0546875 0.0578125