21 0.05546875 0.4375 0.103125 0.07509765625
21 0.1578125 0.44140625 0.09677734375 0.065625
21 0.34609375 0.44453125 0.0921875 0.053125
21 0.43359375 0.446875 0.0765625 0.05009765625
21 0.25390625 0.446875 0.0875 0.05009765625
21 0.81484375 0.540625 0.0546875 0.05615234375
21 0.30859375 0.5421875 0.0765625 0.075
21 0.75859375 0.540625 0.0546875 0.05009765625
21 0.225 0.5453125 0.075 0.075
21 0.4515625 0.546875 0.0625 0.0564453125
21 0.86875 0.5453125 0.040625 0.04072265625
21 0.3859375 0.54921875 0.065625 0.0578125
21 0.61640625 0.5515625 0.046875 0.04375
21 0.56640625 0.5515625 0.0484375 0.04072265625
21 0.515625 0.553125 0.046875 0.04365234375
21 0.70703125 0.55546875 0.0359375 0.0234375
21 0.6671875 0.55625 0.0375 0.025
21 0.15234375 0.56015625 0.0453125 0.0484375
21 0.0453125 0.5640625 0.04375 0.05
21 0.0984375 0.5625 0.04697265625 0.04990234375