21 0.11328125 0.65390625 0.0828125 0.05
21 0.53515625 0.7203125 0.0671875 0.04072265625
21 0.46484375 0.72109375 0.0609375 0.04375
21 0.3953125 0.725 0.05322265625 0.040625
21 0.33515625 0.72578125 0.0546875 0.040625
21 0.26953125 0.72578125 0.0609375 0.040625
21 0.209375 0.7296875 0.0560546875 0.040625
21 0.14921875 0.7296875 0.059375 0.04072265625
21 0.0796875 0.73046875 0.0625 0.04375
21 0.60078125 0.25859375 0.0625 0.0765625
21 0.5296875 0.25703125 0.06552734375 0.0765625
21 0.6734375 0.259375 0.05625 0.07509765625
21 0.45546875 0.25859375 0.071875 0.0796875
21 0.74375 0.259375 0.0685546875 0.0751953125
21 0.80546875 0.26796875 0.0515625 0.0640625
21 0.9734375 0.2671875 0.05 0.06552734375
21 0.859375 0.265625 0.05009765625 0.06259765625
21 0.91796875 0.2671875 0.05625 0.06552734375
21 0.6859375 0.35703125 0.04375 0.059375
21 0.73828125 0.35703125 0.0453125 0.0609375
21 0.634375 0.36640625 0.040625 0.04375
21 0.5875 0.365625 0.04375 0.0435546875
21 0.32421875 0.46484375 0.0453125 0.0234375
21 0.37890625 0.475 0.0609375 0.05625
21 0.21484375 0.47578125 0.0609375 0.05625
21 0.43984375 0.48046875 0.0453125 0.0390625
21 0.54453125 0.48046875 0.0453125 0.040625
21 0.27421875 0.48046875 0.04375 0.0421875
21 0.59609375 0.48046875 0.05 0.040625
21 0.49140625 0.48046875 0.0453125 0.040625
21 0.32421875 0.49140625 0.04375 0.0234375
21 0.18125 0.56875 0.08134765625 0.053125
21 0.09140625 0.56953125 0.0796875 0.0546875