21 0.321875 0.06640625 0.08740234375 0.096875
21 0.6921875 0.06953125 0.06552734375 0.090625
21 0.61640625 0.06953125 0.0671875 0.0875
21 0.42421875 0.07421875 0.0890625 0.0796875
21 0.52890625 0.07578125 0.0921875 0.075
21 0.76171875 0.0765625 0.046875 0.0595703125
21 0.8234375 0.0765625 0.05302734375 0.059375
21 0.9375 0.08984375 0.05009765625 0.0359375
21 0.88125 0.08984375 0.04990234375 0.0375
21 0.3578125 0.27421875 0.05947265625 0.1046875
21 0.43125 0.275 0.0626953125 0.10625
21 0.5578125 0.28125 0.05302734375 0.08740234375
21 0.5 0.2828125 0.046875 0.0904296875
21 0.775 0.28515625 0.059375 0.0828125
21 0.66328125 0.29296875 0.040625 0.059375
21 0.7125 0.29296875 0.040625 0.059375
21 0.6109375 0.29296875 0.0408203125 0.0609375
21 0.84140625 0.29296875 0.053125 0.0578125
21 0.9015625 0.29296875 0.05302734375 0.0609375
21 0.4890625 0.41796875 0.090625 0.0921875
21 0.58671875 0.41796875 0.0875 0.09375
21 0.77265625 0.43046875 0.0859375 0.0671875
21 0.68359375 0.4328125 0.0875 0.06572265625