21 0.265625 0.109375 0.078125 0.05625
21 0.1765625 0.109375 0.07822265625 0.05625
21 0.0796875 0.109375 0.090625 0.05625
21 0.57421875 0.3578125 0.053125 0.05302734375
21 0.5203125 0.3578125 0.04677734375 0.05302734375
21 0.4703125 0.3578125 0.0466796875 0.0529296875
21 0.415625 0.359375 0.05009765625 0.05009765625
21 0.3578125 0.359375 0.053125 0.05009765625
21 0.728125 0.384375 0.0376953125 0.0314453125
21 0.63671875 0.384375 0.046875 0.03134765625
21 0.68359375 0.384375 0.0421875 0.03134765625
21 0.29453125 0.4 0.0609375 0.06865234375
21 0.228125 0.4015625 0.05634765625 0.06572265625
21 0.16015625 0.4015625 0.05625 0.06572265625
21 0.09140625 0.40390625 0.05625 0.0703125
21 0.78984375 0.4046875 0.071875 0.0595703125
21 0.8640625 0.40625 0.06552734375 0.06240234375
21 0.35546875 0.4109375 0.0484375 0.046875
21 0.4109375 0.4109375 0.05302734375 0.04677734375
21 0.4671875 0.4109375 0.05302734375 0.04677734375
21 0.5796875 0.4125 0.053125 0.04990234375
21 0.52265625 0.4125 0.0515625 0.046875
21 0.634375 0.41953125 0.04365234375 0.0296875
21 0.67890625 0.41953125 0.0390625 0.0296875
21 0.72578125 0.4203125 0.04375 0.028125
21 0.38203125 0.553125 0.078125 0.078125
21 0.4671875 0.55390625 0.07197265625 0.0765625
21 0.19609375 0.55625 0.078125 0.075
21 0.2875 0.55625 0.0810546875 0.075
21 0.5578125 0.55625 0.071875 0.06875
21 0.8140625 0.55625 0.078125 0.071875
21 0.7296875 0.55625 0.078125 0.06884765625
21 0.10234375 0.55625 0.0765625 0.08115234375
21 0.6453125 0.55625 0.07822265625 0.06875
21 0.35234375 0.66953125 0.0640625 0.0546875
21 0.125 0.66953125 0.06884765625 0.05625
21 0.2015625 0.66953125 0.0625 0.05625
21 0.27734375 0.671875 0.0671875 0.05625
21 0.51328125 0.671875 0.04375 0.04990234375
21 0.615625 0.6734375 0.04384765625 0.04697265625
21 0.5640625 0.6734375 0.04375 0.04697265625
21 0.66796875 0.6734375 0.0421875 0.04697265625
21 0.7171875 0.6734375 0.04375 0.04677734375
21 0.8171875 0.6734375 0.04375 0.04375
21 0.40859375 0.6734375 0.04375 0.05302734375
21 0.4640625 0.6734375 0.04072265625 0.04697265625
21 0.76796875 0.67421875 0.04375 0.0453125