21 0.22109375 0.32578125 0.0984375 0.1328125
21 0.3296875 0.32578125 0.0970703125 0.1296875
21 0.046875 0.33046875 0.071875 0.1109375
21 0.1234375 0.33203125 0.071875 0.109375
21 0.43359375 0.3421875 0.08125 0.0966796875
21 0.525 0.3453125 0.07509765625 0.09697265625
21 0.740625 0.34609375 0.05 0.1078125
21 0.8015625 0.34609375 0.05625 0.1078125
21 0.8890625 0.359375 0.090625 0.08134765625
21 0.60234375 0.37265625 0.0578125 0.04375
21 0.66953125 0.3734375 0.0578125 0.040625
21 0.17421875 0.49765625 0.1015625 0.1015625
21 0.06640625 0.4984375 0.109375 0.10302734375
21 0.4015625 0.5 0.1125 0.10009765625
21 0.28984375 0.5 0.1140625 0.10009765625
21 0.51328125 0.50625 0.1046875 0.1
21 0.62734375 0.50859375 0.1046875 0.1015625
21 0.73671875 0.521875 0.0984375 0.06884765625
21 0.84609375 0.525 0.0984375 0.06884765625