21 0.33671875 0.8375 0.0546875 0.071875
21 0.28125 0.8453125 0.04375 0.059375
21 0.3953125 0.84609375 0.05322265625 0.05625
21 0.228125 0.84609375 0.04375 0.0578125
21 0.18046875 0.84765625 0.040625 0.0609375
21 0.13125 0.85 0.040625 0.05634765625
21 0.2390625 0.275 0.07802734375 0.08134765625
21 0.3234375 0.2765625 0.08125 0.08427734375
21 0.1546875 0.2765625 0.07197265625 0.07822265625
21 0.40234375 0.2796875 0.0703125 0.075
21 0.0796875 0.28125 0.075 0.078125
21 0.25 0.56875 0.06240234375 0.05625
21 0.11875 0.56953125 0.0625 0.059375
21 0.1859375 0.5734375 0.05322265625 0.05302734375
21 0.375 0.71015625 0.05625 0.0546875
21 0.30859375 0.71171875 0.0609375 0.053125