21 0.32109375 0.3578125 0.0390625 0.0779296875
21 0.24296875 0.37109375 0.0375 0.05625
21 0.140625 0.478125 0.05634765625 0.06259765625
21 0.3390625 0.484375 0.04697265625 0.06240234375
21 0.20078125 0.484375 0.053125 0.05625
21 0.290625 0.490625 0.03759765625 0.04990234375
21 0.2515625 0.49140625 0.0375 0.046875
21 0.41484375 0.5 0.034375 0.025
21 0.3796875 0.50234375 0.028125 0.0265625
21 0.4375 0.58671875 0.059375 0.0703125
21 0.646875 0.59609375 0.04990234375 0.0640625
21 0.50703125 0.6 0.0546875 0.05009765625
21 0.5609375 0.6 0.0375 0.04384765625
21 0.60078125 0.60234375 0.040625 0.0453125