21 0.3609375 0.0875 0.04697265625 0.05615234375
21 0.84375 0.94375 0.0814453125 0.0626953125
21 0.68125 0.94453125 0.0814453125 0.0625
21 0.76171875 0.94453125 0.071875 0.0609375
21 0.59140625 0.94453125 0.0890625 0.0671875
21 0.5 0.94609375 0.08740234375 0.0625
21 0.24609375 0.94609375 0.0703125 0.0625
21 0.3265625 0.946875 0.07802734375 0.06865234375
21 0.4109375 0.946875 0.0841796875 0.0623046875
21 0.1625 0.946875 0.08134765625 0.05634765625
21 0.11328125 0.12109375 0.0875 0.1296875
21 0.428125 0.1296875 0.0998046875 0.11875
21 0.196875 0.13125 0.06884765625 0.1
21 0.525 0.140625 0.08759765625 0.09365234375
21 0.6890625 0.146875 0.0875 0.090625
21 0.33515625 0.15 0.0640625 0.071875
21 0.76796875 0.1578125 0.078125 0.071875
21 0.6078125 0.15859375 0.075 0.0671875
21 0.84375 0.1609375 0.06865234375 0.06572265625
21 0.92578125 0.1609375 0.0765625 0.0625
21 0.3703125 0.0328125 0.04697265625 0.053125
21 0.2328125 0.0421875 0.05927734375 0.078125
21 0.43984375 0.665625 0.096875 0.0875
21 0.53828125 0.6671875 0.096875 0.09072265625
21 0.63671875 0.66796875 0.096875 0.0921875