21 0.35078125 0.546875 0.0703125 0.09384765625
21 0.2140625 0.546875 0.065625 0.09990234375
21 0.28125 0.5484375 0.0689453125 0.0970703125
21 0.4125 0.56640625 0.04990234375 0.05625
21 0.50703125 0.5671875 0.05 0.05625
21 0.3640625 0.7078125 0.0779296875 0.0908203125
21 0.44609375 0.7078125 0.0734375 0.09697265625
21 0.28828125 0.709375 0.0765625 0.09990234375
21 0.5265625 0.71015625 0.075 0.0984375
21 0.6046875 0.71484375 0.07197265625 0.09375
21 0.68125 0.7296875 0.07490234375 0.06875
21 0.7546875 0.7296875 0.065625 0.0625
21 0.834375 0.73203125 0.07490234375 0.0609375