21 0.86171875 0.62734375 0.0265625 0.0265625
21 0.89921875 0.62890625 0.028125 0.025
21 0.93515625 0.6296875 0.03125 0.02197265625
21 0.6390625 0.27890625 0.04375 0.059375
21 0.6890625 0.28125 0.04072265625 0.059375
21 0.73671875 0.28125 0.040625 0.05625
21 0.46015625 0.31875 0.0625 0.0998046875
21 0.52421875 0.33046875 0.0546875 0.0765625
21 0.91484375 0.33203125 0.0484375 0.0875
21 0.959375 0.33203125 0.040625 0.084375
21 0.58203125 0.33203125 0.053125 0.08125
21 0.7921875 0.33203125 0.059375 0.078125
21 0.85703125 0.33515625 0.059375 0.0796875
21 0.68515625 0.3421875 0.040625 0.05322265625
21 0.63671875 0.3421875 0.0453125 0.059375
21 0.7359375 0.34375 0.04072265625 0.05625
21 0.75859375 0.4234375 0.0390625 0.03447265625
21 0.9421875 0.4234375 0.0375 0.04052734375
21 0.896875 0.42578125 0.040625 0.0390625
21 0.80546875 0.42578125 0.040625 0.0359375
21 0.85 0.42578125 0.040625 0.0375
21 0.10546875 0.45703125 0.0734375 0.0734375
21 0.553125 0.4578125 0.065625 0.08447265625
21 0.6234375 0.459375 0.071875 0.084375
21 0.38671875 0.46171875 0.0359375 0.0765625
21 0.46015625 0.46171875 0.0296875 0.0765625
21 0.49609375 0.46171875 0.0359375 0.0765625
21 0.42578125 0.46171875 0.03125 0.078125
21 0.7015625 0.46171875 0.071875 0.084375
21 0.26796875 0.47109375 0.0390625 0.059375
21 0.35 0.47109375 0.03759765625 0.05625
21 0.30859375 0.47109375 0.0375 0.053125
21 0.84765625 0.47578125 0.040625 0.053125
21 0.803125 0.47578125 0.03759765625 0.0515625
21 0.75703125 0.47734375 0.034375 0.0546875
21 0.8953125 0.478125 0.0375 0.053125
21 0.94609375 0.4796875 0.0359375 0.05302734375
21 0.8953125 0.584375 0.02822265625 0.028125
21 0.93125 0.58515625 0.03115234375 0.028125
21 0.86328125 0.58671875 0.0234375 0.0234375
21 0.19140625 0.59375 0.0671875 0.07509765625
21 0.11796875 0.5953125 0.0703125 0.075
21 0.33203125 0.5953125 0.0703125 0.078125
21 0.2609375 0.59609375 0.07177734375 0.078125
21 0.459375 0.60546875 0.053125 0.0609375
21 0.39765625 0.60703125 0.0546875 0.0546875
21 0.51953125 0.6078125 0.0546875 0.05625
21 0.7546875 0.6109375 0.05625 0.06552734375
21 0.81640625 0.61171875 0.0578125 0.0625
21 0.69609375 0.61171875 0.0578125 0.0625
21 0.5765625 0.61171875 0.05302734375 0.05625
21 0.6359375 0.61328125 0.0533203125 0.05625