21 0.37109375 0.66953125 0.0375 0.0375
21 0.4359375 0.72109375 0.0408203125 0.0421875
21 0.384375 0.72265625 0.04384765625 0.0421875
21 0.48828125 0.72265625 0.0453125 0.04375
21 0.26796875 0.7234375 0.05625 0.0408203125
21 0.21015625 0.725 0.05625 0.04365234375
21 0.1515625 0.725 0.05625 0.04375
21 0.21171875 0.84609375 0.0453125 0.025
21 0.2640625 0.84765625 0.040625 0.0265625
21 0.16328125 0.8484375 0.0453125 0.02802734375
21 0.7859375 0.58671875 0.10625 0.0640625
21 0.88828125 0.5875 0.0984375 0.06240234375
21 0.35234375 0.59609375 0.0546875 0.0640625
21 0.69140625 0.59609375 0.0796875 0.05
21 0.29296875 0.59765625 0.059375 0.065625
21 0.22734375 0.60078125 0.071875 0.059375
21 0.6046875 0.5984375 0.090625 0.046875