21 0.7015625 0.64296875 0.053125 0.09375
21 0.63828125 0.64296875 0.0484375 0.0921875
21 0.85078125 0.64765625 0.0375 0.0796875
21 0.803125 0.64765625 0.03740234375 0.0828125
21 0.896875 0.65859375 0.034375 0.05625
21 0.94140625 0.66015625 0.0328125 0.0578125
21 0.3078125 0.66796875 0.0408203125 0.0609375
21 0.259375 0.66953125 0.04384765625 0.0578125
21 0.2125 0.6703125 0.04365234375 0.05625
21 0.16328125 0.6703125 0.0453125 0.05625
21 0.1140625 0.671875 0.04677734375 0.05625
21 0.334375 0.34140625 0.07490234375 0.109375
21 0.2609375 0.34140625 0.06572265625 0.1078125
21 0.1 0.34609375 0.0873046875 0.1015625
21 0.1828125 0.35 0.07822265625 0.09365234375
21 0.8328125 0.35 0.08125 0.08134765625
21 0.91328125 0.35078125 0.0765625 0.0828125
21 0.76171875 0.36171875 0.0453125 0.0640625
21 0.71171875 0.36171875 0.0484375 0.0625
21 0.66015625 0.36171875 0.0453125 0.0640625
21 0.7328125 0.4953125 0.05302734375 0.10302734375
21 0.54453125 0.49609375 0.05 0.0984375
21 0.6046875 0.49765625 0.05322265625 0.0984375
21 0.6671875 0.49765625 0.046875 0.1
21 0.28125 0.51328125 0.05625 0.0765625
21 0.2203125 0.51328125 0.05625 0.0765625
21 0.16015625 0.5140625 0.05625 0.075
21 0.09765625 0.5140625 0.0578125 0.075
21 0.30859375 0.609375 0.0421875 0.05615234375
21 0.25859375 0.61171875 0.0484375 0.0515625
21 0.16015625 0.61328125 0.046875 0.0546875
21 0.11171875 0.615625 0.0421875 0.053125