21 0.4890625 0.2203125 0.04677734375 0.0875
21 0.74140625 0.2203125 0.040625 0.0875
21 0.6390625 0.2203125 0.04072265625 0.09072265625
21 0.6890625 0.2203125 0.04677734375 0.0875
21 0.53984375 0.2203125 0.040625 0.090625
21 0.5890625 0.22265625 0.0404296875 0.0875
21 0.9828125 0.234375 0.034375 0.0625
21 0.88828125 0.2359375 0.0375 0.0625
21 0.9390625 0.2359375 0.0375 0.0625
21 0.7359375 0.3546875 0.04052734375 0.03125
21 0.6921875 0.3546875 0.0283203125 0.028125
21 0.78359375 0.3546875 0.040625 0.02822265625
21 0.13125 0.35546875 0.06259765625 0.103125
21 0.19921875 0.35703125 0.05625 0.1015625
21 0.0578125 0.3578125 0.05625 0.103125
21 0.26796875 0.36875 0.0515625 0.08115234375
21 0.3296875 0.3703125 0.0529296875 0.078125
21 0.44609375 0.3703125 0.0515625 0.08125
21 0.38828125 0.3703125 0.0515625 0.07822265625
21 0.65859375 0.38203125 0.040625 0.05625
21 0.5609375 0.38359375 0.0408203125 0.059375
21 0.609375 0.38359375 0.040625 0.059375
21 0.74609375 0.39296875 0.0359375 0.0328125
21 0.78984375 0.39296875 0.040625 0.0328125
21 0.703125 0.39453125 0.03759765625 0.0359375
21 0.1546875 0.478125 0.06875 0.07509765625
21 0.23828125 0.478125 0.0671875 0.0751953125
21 0.3140625 0.4796875 0.07177734375 0.07802734375
21 0.0734375 0.48203125 0.071875 0.06875
21 0.3859375 0.484375 0.0533203125 0.0626953125
21 0.44609375 0.48671875 0.0515625 0.0625
21 0.5046875 0.49140625 0.05302734375 0.05625