21 0.29453125 0.64921875 0.0390625 0.059375
21 0.21484375 0.65 0.040625 0.0564453125
21 0.2546875 0.6515625 0.04052734375 0.059375
21 0.33671875 0.6515625 0.0390625 0.05947265625
21 0.3796875 0.65234375 0.04052734375 0.0640625
21 0.1703125 0.6515625 0.03447265625 0.05927734375
21 0.08671875 0.65234375 0.0359375 0.0578125
21 0.12890625 0.65234375 0.040625 0.0578125
21 0.58515625 0.7609375 0.0796875 0.07822265625
21 0.50859375 0.7609375 0.075 0.0779296875
21 0.43125 0.76171875 0.07509765625 0.0765625
21 0.66328125 0.76171875 0.078125 0.0765625
21 0.7453125 0.76328125 0.078125 0.0734375
21 0.90390625 0.7640625 0.0765625 0.07802734375
21 0.8234375 0.7640625 0.078125 0.0779296875
21 0.08984375 0.7703125 0.0421875 0.0591796875
21 0.18046875 0.7703125 0.0453125 0.059375
21 0.2765625 0.7703125 0.04697265625 0.05927734375
21 0.228125 0.771875 0.04384765625 0.05634765625
21 0.13359375 0.77265625 0.040625 0.05625
21 0.25390625 0.86640625 0.0390625 0.0203125
21 0.1765625 0.86796875 0.040625 0.025
21 0.2140625 0.86796875 0.03427734375 0.025
21 0.13671875 0.86796875 0.0359375 0.028125
21 0.09140625 0.86796875 0.0421875 0.0265625
21 0.38671875 0.8890625 0.0609375 0.07802734375
21 0.31484375 0.890625 0.0625 0.071875
21 0.54921875 0.8921875 0.0734375 0.071875
21 0.63671875 0.89296875 0.0765625 0.0640625
21 0.4671875 0.89453125 0.06572265625 0.071875
21 0.0921875 0.91328125 0.040625 0.028125
21 0.21484375 0.91484375 0.0359375 0.0265625
21 0.2515625 0.91484375 0.0375 0.025
21 0.1765625 0.915625 0.04375 0.02490234375
21 0.13359375 0.915625 0.0375 0.025
21 0.31484375 0.23046875 0.05625 0.1109375
21 0.2515625 0.23046875 0.06552734375 0.1109375
21 0.05625 0.23203125 0.06259765625 0.1046875
21 0.1875 0.2328125 0.06240234375 0.10625
21 0.12265625 0.234375 0.059375 0.10634765625
21 0.67578125 0.38671875 0.0796875 0.09375
21 0.75625 0.38828125 0.078125 0.090625
21 0.5921875 0.38828125 0.0779296875 0.090625
21 0.446875 0.3953125 0.059375 0.0841796875
21 0.38359375 0.3953125 0.0609375 0.07822265625
21 0.50859375 0.3953125 0.0609375 0.08427734375
21 0.32109375 0.39453125 0.0609375 0.0828125
21 0.259375 0.39453125 0.0623046875 0.084375
21 0.2703125 0.51953125 0.0466796875 0.0875
21 0.22109375 0.51953125 0.0453125 0.0875
21 0.17578125 0.5203125 0.0453125 0.0875
21 0.12265625 0.5203125 0.0453125 0.0845703125
21 0.07578125 0.521875 0.04375 0.08740234375