21 0.5171875 0.62109375 0.0345703125 0.0421875
21 0.47265625 0.62109375 0.0359375 0.040625
21 0.42578125 0.62109375 0.0359375 0.04375
21 0.5625 0.62265625 0.0375 0.040625
21 0.3765625 0.62109375 0.04052734375 0.040625
21 0.3296875 0.6234375 0.03427734375 0.040625
21 0.68515625 0.64453125 0.0390625 0.0328125
21 0.72109375 0.6453125 0.040625 0.0283203125
21 0.6046875 0.64453125 0.03427734375 0.03125
21 0.64453125 0.6453125 0.0390625 0.034375
21 0.76171875 0.6453125 0.034375 0.03427734375
21 0.80390625 0.6453125 0.0375 0.03427734375
21 0.21640625 0.67421875 0.053125 0.0734375
21 0.271875 0.67578125 0.059375 0.078125
21 0.1578125 0.67578125 0.05322265625 0.0765625
21 0.0984375 0.6765625 0.05625 0.078125
21 0.9015625 0.68125 0.04072265625 0.05615234375
21 0.85703125 0.6828125 0.040625 0.05322265625
21 0.33046875 0.6828125 0.0515625 0.059375
21 0.37734375 0.6828125 0.0421875 0.05625
21 0.42421875 0.6828125 0.0421875 0.05322265625
21 0.5203125 0.68359375 0.04677734375 0.053125
21 0.56875 0.68359375 0.040625 0.05625
21 0.46875 0.68359375 0.04990234375 0.0546875
21 0.73046875 0.68984375 0.0359375 0.03125
21 0.68984375 0.68984375 0.040625 0.0296875
21 0.6109375 0.69140625 0.0404296875 0.0328125
21 0.771875 0.68984375 0.040625 0.0328125
21 0.8125 0.69140625 0.040625 0.0359375
21 0.6515625 0.6921875 0.04052734375 0.03427734375
21 0.8765625 0.78515625 0.065625 0.075
21 0.50234375 0.7875 0.0671875 0.06875
21 0.72734375 0.78828125 0.0703125 0.08125
21 0.64921875 0.78828125 0.0734375 0.08125
21 0.80078125 0.78828125 0.06875 0.075
21 0.42890625 0.78984375 0.071875 0.0703125
21 0.571875 0.790625 0.06865234375 0.075
21 0.3546875 0.7921875 0.06875 0.06875
21 0.2765625 0.7921875 0.0716796875 0.0779296875
21 0.1359375 0.7984375 0.05947265625 0.06572265625
21 0.0765625 0.7984375 0.05 0.0625
21 0.203125 0.80078125 0.0626953125 0.06875
21 0.47109375 0.9375 0.0703125 0.08125
21 0.17421875 0.9359375 0.075 0.0908203125
21 0.09765625 0.9375 0.075 0.09365234375
21 0.2484375 0.93984375 0.071875 0.0890625
21 0.396875 0.94140625 0.071875 0.0859375
21 0.32109375 0.93984375 0.071875 0.0875