21 0.27890625 0.3546875 0.0328125 0.046875
21 0.31484375 0.35546875 0.0296875 0.0484375
21 0.38203125 0.35703125 0.025 0.0453125
21 0.35 0.3578125 0.03115234375 0.04697265625
21 0.7515625 0.36171875 0.028125 0.0484375
21 0.6703125 0.36328125 0.03447265625 0.0453125
21 0.71015625 0.36328125 0.03125 0.0453125
21 0.7875 0.38671875 0.025 0.0296875
21 0.81640625 0.38671875 0.0265625 0.0296875
21 0.47578125 0.390625 0.0515625 0.08134765625
21 0.4171875 0.3921875 0.05302734375 0.08427734375
21 0.53515625 0.390625 0.0515625 0.08740234375
21 0.5890625 0.4015625 0.0404296875 0.0658203125
21 0.63671875 0.4015625 0.040625 0.065625
21 0.30390625 0.4046875 0.028125 0.0466796875
21 0.26796875 0.40625 0.0359375 0.05009765625
21 0.3390625 0.40625 0.02822265625 0.04990234375
21 0.375 0.40625 0.028125 0.04384765625
21 0.68125 0.4109375 0.034375 0.046875
21 0.71875 0.4125 0.03740234375 0.046875
21 0.75859375 0.41328125 0.028125 0.0453125
21 0.8296875 0.41796875 0.025 0.028125
21 0.7953125 0.41796875 0.028125 0.025
21 0.39453125 0.50234375 0.05625 0.0703125
21 0.2046875 0.50390625 0.053125 0.071875
21 0.14296875 0.50390625 0.059375 0.0734375
21 0.26953125 0.5046875 0.0578125 0.07177734375
21 0.33203125 0.5046875 0.0546875 0.07177734375
21 0.45703125 0.5046875 0.0515625 0.071875
21 0.5796875 0.50703125 0.05302734375 0.0703125
21 0.6421875 0.50703125 0.05625 0.0734375
21 0.5171875 0.50703125 0.053125 0.0703125
21 0.70078125 0.515625 0.0484375 0.05625
21 0.8109375 0.5171875 0.04677734375 0.05625
21 0.75703125 0.51953125 0.0484375 0.05625
21 0.25390625 0.640625 0.0453125 0.059375
21 0.3578125 0.640625 0.04677734375 0.06240234375
21 0.30625 0.6421875 0.04375 0.059375
21 0.4125 0.6421875 0.04384765625 0.05947265625
21 0.19921875 0.64296875 0.0453125 0.059375
21 0.1453125 0.64296875 0.04697265625 0.059375
21 0.62265625 0.64296875 0.04375 0.059375
21 0.67578125 0.64296875 0.0453125 0.059375
21 0.46484375 0.64453125 0.0453125 0.0609375
21 0.7328125 0.64453125 0.0533203125 0.0640625
21 0.56875 0.64453125 0.04375 0.0609375
21 0.5171875 0.64453125 0.04375 0.0609375
21 0.7953125 0.6453125 0.05625 0.0654296875
21 0.26171875 0.74765625 0.0515625 0.0796875
21 0.15 0.74609375 0.05009765625 0.0828125
21 0.37109375 0.74765625 0.0515625 0.0765625
21 0.58984375 0.74765625 0.0515625 0.0765625
21 0.31875 0.7484375 0.05009765625 0.08427734375
21 0.5359375 0.74765625 0.046875 0.078125
21 0.209375 0.74765625 0.0501953125 0.0796875
21 0.4828125 0.7484375 0.0529296875 0.08125
21 0.6453125 0.74765625 0.05302734375 0.0796875
21 0.7015625 0.7484375 0.05302734375 0.07822265625
21 0.4265625 0.74765625 0.0529296875 0.0765625
21 0.80859375 0.74765625 0.0484375 0.0796875
21 0.75234375 0.75 0.05 0.078125