21 0.31015625 0.94375 0.084375 0.08740234375
21 0.39765625 0.94453125 0.0828125 0.0875
21 0.946875 0.1203125 0.096875 0.1
21 0.7609375 0.12265625 0.0845703125 0.103125
21 0.853125 0.1234375 0.0875 0.103125
21 0.66796875 0.1234375 0.0890625 0.1091796875
21 0.5734375 0.1265625 0.090625 0.10625
21 0.2515625 0.2484375 0.075 0.07802734375
21 0.17578125 0.25 0.0734375 0.08115234375
21 0.7296875 0.2515625 0.05322265625 0.059375
21 0.09375 0.25390625 0.08134765625 0.0875
21 0.67578125 0.25390625 0.05625 0.065625
21 0.321875 0.25703125 0.0623046875 0.0578125
21 0.4515625 0.25703125 0.059375 0.0609375
21 0.3859375 0.25703125 0.05947265625 0.059375
21 0.62109375 0.2640625 0.0453125 0.03447265625
21 0.5640625 0.265625 0.04677734375 0.03740234375
21 0.50859375 0.265625 0.0453125 0.03134765625
21 0.9125 0.3734375 0.09990234375 0.0875
21 0.80859375 0.3734375 0.096875 0.0875
21 0.7078125 0.3765625 0.1 0.0875
21 0.5984375 0.37890625 0.090625 0.0890625
21 0.17890625 0.3796875 0.0921875 0.0845703125
21 0.38125 0.3796875 0.09384765625 0.08447265625
21 0.28515625 0.38125 0.0890625 0.0875
21 0.07421875 0.38125 0.0984375 0.0875
21 0.49296875 0.38125 0.0890625 0.090625
21 0.1765625 0.515625 0.084375 0.071875
21 0.26953125 0.515625 0.090625 0.0748046875
21 0.0640625 0.5171875 0.103125 0.071875
21 0.52421875 0.5203125 0.08125 0.06552734375
21 0.79921875 0.5203125 0.078125 0.05947265625
21 0.615625 0.521875 0.09384765625 0.0625
21 0.4421875 0.52265625 0.071875 0.0578125
21 0.71015625 0.52265625 0.08125 0.0640625
21 0.90234375 0.52265625 0.090625 0.0609375
21 0.359375 0.52421875 0.0875 0.053125
21 0.5296875 0.63671875 0.0841796875 0.0828125
21 0.4375 0.6390625 0.0876953125 0.078125
21 0.6265625 0.640625 0.084375 0.06875
21 0.30078125 0.65234375 0.046875 0.05625
21 0.23828125 0.65234375 0.0546875 0.053125
21 0.3578125 0.65234375 0.04697265625 0.0515625
21 0.1765625 0.6546875 0.05302734375 0.05322265625
21 0.115625 0.6546875 0.05625 0.053125
21 0.053125 0.6546875 0.05625 0.05625