21 0.696875 0.39765625 0.0373046875 0.05625
21 0.6578125 0.39765625 0.03447265625 0.05625
21 0.58046875 0.39765625 0.034375 0.05625
21 0.54296875 0.39921875 0.0328125 0.0546875
21 0.50703125 0.39921875 0.03125 0.0515625
21 0.61875 0.39921875 0.03740234375 0.0546875
21 0.734375 0.39921875 0.03740234375 0.0515625
21 0.66484375 0.5484375 0.0265625 0.06552734375
21 0.6390625 0.5484375 0.025 0.059375
21 0.80390625 0.5484375 0.0265625 0.0625
21 0.6921875 0.546875 0.02802734375 0.06240234375
21 0.74765625 0.546875 0.025 0.06240234375
21 0.775 0.5484375 0.02509765625 0.0625
21 0.7203125 0.546875 0.025 0.06240234375
21 0.66953125 0.69609375 0.046875 0.1015625
21 0.7171875 0.696875 0.046875 0.10615234375
21 0.76796875 0.6984375 0.0484375 0.10625
21 0.81953125 0.7015625 0.0484375 0.1
21 0.87109375 0.703125 0.0484375 0.1
21 0.51796875 0.8921875 0.0453125 0.109375
21 0.47109375 0.890625 0.046875 0.11240234375
21 0.56484375 0.8890625 0.0453125 0.1125
21 0.61328125 0.89296875 0.0453125 0.10625
21 0.6625 0.89296875 0.04990234375 0.1109375