21 0.2078125 0.08984375 0.0375 0.0875
21 0.13671875 0.2515625 0.071875 0.115625
21 0.90859375 0.2515625 0.0609375 0.1283203125
21 0.22109375 0.25234375 0.0703125 0.103125
21 0.05546875 0.25234375 0.071875 0.1078125
21 0.53828125 0.25390625 0.075 0.121875
21 0.61171875 0.25859375 0.059375 0.1078125
21 0.68125 0.259375 0.053125 0.10625
21 0.28984375 0.2640625 0.0453125 0.0783203125
21 0.7359375 0.275 0.04072265625 0.08740234375
21 0.78359375 0.27265625 0.040625 0.0828125
21 0.834375 0.28828125 0.04384765625 0.0515625