26 0.7203125 0.74765625 0.478125 0.096875
26 0.72734375 0.678125 0.478125 0.10009765625
26 0.74609375 0.58515625 0.49375 0.13125
26 0.77734375 0.50234375 0.3703125 0.0859375
26 0.23046875 0.71640625 0.4609375 0.0984375
26 0.2359375 0.63359375 0.471875 0.13125
26 0.75234375 0.3109375 0.3921875 0.071875
26 0.75859375 0.26328125 0.3921875 0.071875
26 0.7546875 0.22109375 0.39052734375 0.0671875
26 0.7515625 0.18125 0.39052734375 0.06865234375
26 0.37734375 0.24296875 0.3828125 0.075
26 0.4 0.18125 0.33115234375 0.0625