26 0.82109375 0.27265625 0.3578125 0.1203125
26 0.80546875 0.34609375 0.3890625 0.1265625
26 0.78359375 0.44453125 0.43125 0.1578125
26 0.81015625 0.5375 0.3765625 0.10634765625
26 0.37734375 0.21875 0.5171875 0.13115234375
26 0.32421875 0.30625 0.5515625 0.165625
26 0.6921875 0.7296875 0.42197265625 0.09697265625
26 0.671875 0.7796875 0.42490234375 0.09697265625
26 0.64453125 0.821875 0.4203125 0.090625
26 0.6203125 0.86171875 0.42177734375 0.0921875
26 0.26953125 0.734375 0.4140625 0.09990234375
26 0.25859375 0.8015625 0.3578125 0.08427734375