26 0.43515625 0.2171875 0.1234375 0.0466796875
26 0.38828125 0.18046875 0.1328125 0.0484375
26 0.3484375 0.13828125 0.15947265625 0.071875
26 0.13671875 0.14296875 0.175 0.0671875
26 0.03359375 0.16953125 0.0671875 0.0765625
26 0.0375 0.22734375 0.07490234375 0.0625
26 0.1875 0.1890625 0.10625 0.0470703125
26 0.203125 0.22578125 0.084375 0.0421875
26 0.696875 0.20546875 0.084375 0.0390625
26 0.796875 0.178125 0.084375 0.0375
26 0.86796875 0.203125 0.0546875 0.025
26 0.8015625 0.20546875 0.0533203125 0.025
26 0.51171875 0.3265625 0.1875 0.053125
26 0.521875 0.36171875 0.184375 0.0484375
26 0.5296875 0.3921875 0.18125 0.04697265625
26 0.66328125 0.365625 0.1203125 0.04990234375
26 0.6671875 0.396875 0.11875 0.04384765625
26 0.2046875 0.4796875 0.2533203125 0.078125