26 0.62734375 0.78828125 0.13125 0.053125
26 0.60703125 0.8328125 0.1390625 0.05927734375
26 0.59765625 0.88125 0.1703125 0.0810546875
26 0.3953125 0.91953125 0.1845703125 0.078125
26 0.24296875 0.92421875 0.1609375 0.0828125
26 0.21484375 0.86640625 0.15 0.0703125
26 0.41328125 0.865625 0.1140625 0.053125
26 0.40390625 0.8265625 0.0921875 0.046875
26 0.21640625 0.975 0.0546875 0.040625
26 0.88125 0.74609375 0.090625 0.04375
26 0.97265625 0.75390625 0.053125 0.04375
26 0.975 0.72578125 0.05 0.0296875
26 0.62890625 0.6703125 0.19375 0.065625
26 0.615625 0.6359375 0.190625 0.059375
26 0.6046875 0.60546875 0.1875 0.0609375
26 0.74609375 0.603125 0.128125 0.05615234375
26 0.7296875 0.57421875 0.125 0.053125
26 0.24140625 0.58984375 0.2640625 0.09375