21 0.4796875 0.5015625 0.059375 0.09375
21 0.4078125 0.5015625 0.0625 0.1
21 0.2796875 0.50234375 0.05947265625 0.1
21 0.21484375 0.50234375 0.0609375 0.1078125
21 0.34609375 0.50234375 0.0609375 0.1046875
21 0.15390625 0.5203125 0.05625 0.071875
21 0.5296875 0.5265625 0.034375 0.04697265625
21 0.56640625 0.5265625 0.03125 0.04697265625
21 0.59765625 0.5296875 0.0296875 0.046875
21 0.63359375 0.53125 0.034375 0.04375
21 0.10703125 0.234375 0.0296875 0.071875
21 0.13828125 0.23671875 0.028125 0.0640625
21 0.1734375 0.303125 0.025 0.1123046875
21 0.2015625 0.30390625 0.02822265625 0.1140625
21 0.2328125 0.30390625 0.0283203125 0.10625
21 0.321875 0.31015625 0.053125 0.1015625
21 0.271875 0.3109375 0.04384765625 0.10302734375
21 0.42578125 0.3125 0.05 0.10009765625
21 0.375 0.3125 0.046875 0.103125
21 0.08203125 0.3171875 0.034375 0.08125
21 0.14296875 0.3171875 0.0328125 0.0783203125
21 0.11328125 0.3171875 0.0296875 0.08427734375
21 0.51796875 0.32578125 0.0421875 0.0703125
21 0.475 0.328125 0.04365234375 0.06875