77 0.6234375 0.47421875 0.1125 0.0359375
76 0.62890625 0.55625 0.1515625 0.0501953125
129 0.40703125 0.571875 0.146875 0.065625
84 0.77109375 0.58828125 0.0703125 0.0546875
110 0.64296875 0.59765625 0.203125 0.0921875
126 0.4171875 0.62578125 0.16875 0.0421875
92 0.81953125 0.62578125 0.1265625 0.0578125
107 0.68515625 0.81953125 0.0984375 0.1578125
73 0.53125 0.83125 0.103125 0.05
131 0.77890625 0.83203125 0.1015625 0.1109375
118 0.4015625 0.85 0.14072265625 0.090625
69 0.57578125 0.88515625 0.1859375 0.0875
80 0.76796875 0.91796875 0.2140625 0.1140625
104 0.36171875 0.928125 0.1546875 0.08125
98 0.55546875 0.95234375 0.19375 0.0671875
127 0.340625 0.1609375 0.175 0.178125
113 0.66796875 0.17890625 0.1171875 0.05
131 0.7828125 0.18203125 0.096875 0.128125
99 0.8328125 0.1890625 0.071875 0.115625
132 0.6609375 0.2078125 0.28125 0.078125
134 0.48203125 0.21328125 0.1578125 0.0546875
90 0.5125 0.4125 0.13759765625 0.128125
96 0.77578125 0.41796875 0.178125 0.1546875
90 0.6390625 0.42109375 0.14375 0.0890625
64 0.3984375 0.44296875 0.178125 0.0515625
79 0.4203125 0.45234375 0.134375 0.0546875
77 0.74296875 0.46015625 0.1234375 0.06875