90 0.47890625 0.55859375 0.1328125 0.1109375
110 0.40625 0.59921875 0.159375 0.1046875
77 0.77109375 0.62109375 0.171875 0.075
126 0.56953125 0.6234375 0.1234375 0.04375
129 0.5 0.8640625 0.1625 0.103125
104 0.353125 0.88125 0.11875 0.08125
72 0.75234375 0.8859375 0.20625 0.096875
90 0.8 0.19375 0.11875 0.10625
96 0.40859375 0.21484375 0.2515625 0.0578125
107 0.5984375 0.39453125 0.109375 0.1421875
127 0.4203125 0.44375 0.234375 0.0814453125
134 0.5671875 0.4609375 0.190625 0.065625
97 0.75234375 0.46328125 0.1921875 0.0578125