131 0.77265625 0.56484375 0.1078125 0.1359375
90 0.35625 0.58359375 0.140625 0.1109375
69 0.53671875 0.59453125 0.1765625 0.078125
92 0.71171875 0.621875 0.1140625 0.065625
107 0.66328125 0.81875 0.0953125 0.159375
84 0.3578125 0.86796875 0.071875 0.0671875
99 0.37734375 0.890625 0.0578125 0.10634765625
79 0.61796875 0.9125 0.134375 0.0875
134 0.76171875 0.215625 0.1984375 0.0626953125
73 0.52265625 0.2234375 0.1359375 0.0375
110 0.56484375 0.446875 0.1546875 0.10625
129 0.38671875 0.44921875 0.14375 0.0796875
132 0.79375 0.45234375 0.121875 0.0703125
132 0.68515625 0.45546875 0.0828125 0.0578125