90 0.58828125 0.58984375 0.1671875 0.1203125
134 0.7265625 0.590625 0.146875 0.08125
127 0.38984375 0.60703125 0.2703125 0.0859375
72 0.38046875 0.88671875 0.1859375 0.09375
126 0.54140625 0.890625 0.1265625 0.059375
79 0.74765625 0.890625 0.1078125 0.075
131 0.34140625 0.1765625 0.1171875 0.1375
131 0.59140625 0.18359375 0.11875 0.1203125
77 0.63515625 0.21328125 0.303125 0.0734375
64 0.4546875 0.215625 0.1625 0.06259765625
84 0.78046875 0.21640625 0.0796875 0.053125
110 0.703125 0.43984375 0.2 0.0890625
80 0.3578125 0.44609375 0.209375 0.090625