80 0.75234375 0.603125 0.2078125 0.09375
134 0.56015625 0.60546875 0.1609375 0.0921875
73 0.37109375 0.6203125 0.1234375 0.040625
127 0.7859375 0.85078125 0.159375 0.2234375
110 0.66171875 0.86484375 0.1515625 0.0953125
98 0.409375 0.90859375 0.18125 0.0796875
79 0.58125 0.2109375 0.084375 0.05
92 0.71328125 0.21484375 0.1046875 0.0453125
104 0.80546875 0.2234375 0.1265625 0.04375
99 0.7421875 0.4109375 0.0625 0.07197265625
76 0.396875 0.42734375 0.1875 0.0734375
96 0.7796875 0.44609375 0.190625 0.0921875
77 0.61796875 0.45703125 0.1890625 0.0609375
132 0.39609375 0.46015625 0.25625 0.08125