64 0.71171875 0.21328125 0.0921875 0.0796875
64 0.8078125 0.21796875 0.1 0.0765625
111 0.59140625 0.22890625 0.1234375 0.0609375
107 0.78046875 0.40234375 0.0890625 0.1453125
107 0.38125 0.4109375 0.090625 0.175
89 0.74609375 0.46484375 0.0953125 0.0578125
78 0.55625 0.47109375 0.178125 0.0609375
135 0.4125 0.58203125 0.1375 0.0859375
113 0.75390625 0.58671875 0.1328125 0.1140625
106 0.578125 0.6078125 0.19375 0.0875
80 0.46484375 0.8578125 0.2609375 0.10625
106 0.75390625 0.878125 0.1828125 0.13125