72 0.784375 0.46796875 0.19365234375 0.05
113 0.36796875 0.58359375 0.1515625 0.1078125
127 0.52734375 0.59765625 0.2703125 0.0875
96 0.77265625 0.6 0.2328125 0.10009765625
110 0.56953125 0.85234375 0.171875 0.0921875
64 0.7375 0.865625 0.165625 0.09384765625
118 0.4046875 0.88671875 0.15625 0.1171875
132 0.62578125 0.91953125 0.1140625 0.0890625
132 0.80234375 0.91953125 0.121875 0.0859375
104 0.38046875 0.22109375 0.134375 0.0375
73 0.578125 0.22265625 0.140625 0.0390625
129 0.3625 0.45390625 0.1375 0.078125
77 0.5640625 0.459375 0.2625 0.05625