126 0.3375 0.46796875 0.13125 0.0375
131 0.6953125 0.565625 0.109375 0.13125
90 0.3296875 0.59140625 0.1220703125 0.1234375
110 0.45390625 0.59296875 0.1359375 0.0953125
134 0.60625 0.6078125 0.15625 0.0875
76 0.6875 0.825 0.15625 0.08759765625
72 0.38359375 0.8890625 0.1984375 0.1
127 0.54140625 0.89140625 0.2734375 0.1390625
77 0.75703125 0.90078125 0.1953125 0.1078125
131 0.58984375 0.184375 0.115625 0.121875
80 0.75078125 0.20703125 0.2078125 0.0765625
129 0.37265625 0.20859375 0.1671875 0.0796875
99 0.3515625 0.42265625 0.053125 0.1015625
132 0.5140625 0.45 0.209375 0.075
118 0.7328125 0.4546875 0.165625 0.071875