76 0.63125 0.57421875 0.16875 0.078125
131 0.79375 0.58515625 0.1189453125 0.1421875
69 0.44453125 0.58828125 0.1984375 0.071875
110 0.67421875 0.59453125 0.1828125 0.0859375
73 0.528125 0.62578125 0.11875 0.05
107 0.7609375 0.81875 0.1 0.1625
107 0.67265625 0.81875 0.09375 0.159375
96 0.40703125 0.865625 0.2046875 0.11875
126 0.56484375 0.87421875 0.1078125 0.0578125
118 0.79765625 0.93125 0.1921875 0.1125
98 0.56640625 0.9515625 0.1953125 0.090625
113 0.79140625 0.196875 0.1265625 0.090625
127 0.378125 0.19765625 0.259375 0.08125
77 0.471875 0.21484375 0.215625 0.0609375
134 0.65234375 0.21484375 0.1578125 0.0640625
129 0.37421875 0.4421875 0.1359375 0.084375
79 0.7234375 0.45546875 0.146875 0.0515625
92 0.6 0.46171875 0.1 0.0578125