76 0.62109375 0.56015625 0.1546875 0.0546875
129 0.4015625 0.57734375 0.15625 0.0703125
131 0.78828125 0.58359375 0.1140625 0.1421875
110 0.63828125 0.5984375 0.2015625 0.090625
73 0.43515625 0.62734375 0.1484375 0.05625
107 0.76015625 0.82109375 0.0859375 0.1609375
107 0.67734375 0.82109375 0.0953125 0.165625
126 0.565625 0.8609375 0.11875 0.05
80 0.775 0.92578125 0.20625 0.128125
118 0.5453125 0.9265625 0.171875 0.115625
69 0.36796875 0.94375 0.1828125 0.09375
127 0.37421875 0.18125 0.2453125 0.11875
113 0.79609375 0.2 0.1296875 0.090625
77 0.46953125 0.2140625 0.21875 0.05322265625
134 0.653125 0.2140625 0.15625 0.0625
90 0.64296875 0.42734375 0.1609375 0.0984375
64 0.39609375 0.43671875 0.1515625 0.05625
92 0.5265625 0.4546875 0.09375 0.053125
79 0.42265625 0.45625 0.1359375 0.05625