64 0.39609375 0.59609375 0.1734375 0.0671875
129 0.571875 0.60078125 0.121875 0.0671875
81 0.75546875 0.61171875 0.1625 0.0359375
76 0.74609375 0.86796875 0.1671875 0.1109375
74 0.57265625 0.87890625 0.153125 0.0765625
96 0.40078125 0.88828125 0.1890625 0.1078125
127 0.79765625 0.1625 0.1390625 0.16884765625
89 0.66875 0.21640625 0.11875 0.034375
134 0.45234375 0.21875 0.2125 0.0560546875
99 0.534375 0.4140625 0.059375 0.08447265625
131 0.40625 0.4171875 0.11259765625 0.13427734375
113 0.7625 0.4296875 0.16865234375 0.09052734375
132 0.58984375 0.45234375 0.21875 0.071875