113 0.371875 0.58671875 0.14375 0.096875
76 0.525 0.59296875 0.16875 0.096875
79 0.69609375 0.60234375 0.1453125 0.0609375
104 0.7171875 0.871875 0.059375 0.0375
104 0.80625 0.88359375 0.09375 0.0796875
134 0.4 0.884375 0.18125 0.08134765625
64 0.6078125 0.88984375 0.09697265625 0.103125
64 0.7484375 0.90859375 0.0875 0.06875
80 0.771875 0.2015625 0.228125 0.08125
73 0.35625 0.22421875 0.128125 0.0328125
126 0.5203125 0.2296875 0.14375 0.040625
129 0.37421875 0.440625 0.1328125 0.090625
92 0.684375 0.45390625 0.1 0.0578125
84 0.79375 0.45625 0.08125 0.065625
118 0.53203125 0.46484375 0.1546875 0.0671875