64 0.71796875 0.21484375 0.0734375 0.0546875
106 0.409375 0.2171875 0.184375 0.0625
111 0.57578125 0.2171875 0.1265625 0.046875
64 0.8015625 0.21875 0.09375 0.0625
107 0.78515625 0.40546875 0.0890625 0.1546875
107 0.378125 0.4078125 0.09375 0.1625
89 0.81484375 0.45390625 0.1515625 0.0921875
135 0.40625 0.603125 0.13125 0.0625
79 0.59453125 0.60390625 0.1359375 0.0796875
89 0.7890625 0.61484375 0.109375 0.0890625
104 0.61484375 0.8359375 0.0828125 0.084375
80 0.4703125 0.85546875 0.2375 0.1296875
106 0.759375 0.88203125 0.203125 0.1046875
104 0.603125 0.928125 0.09375 0.04375