80 0.54453125 0.584375 0.25 0.08134765625
81 0.7875 0.60625 0.165625 0.05
96 0.740625 0.82265625 0.196875 0.1171875
113 0.5890625 0.85 0.12822265625 0.115625
90 0.81171875 0.8625 0.096875 0.134375
110 0.4 0.89609375 0.15 0.0765625
134 0.60078125 0.21015625 0.153125 0.0671875
129 0.7796875 0.21171875 0.12822265625 0.065625
118 0.43671875 0.21328125 0.1390625 0.05625
107 0.75 0.396875 0.11240234375 0.15
127 0.4875 0.40078125 0.28115234375 0.134375
89 0.40234375 0.45234375 0.103125 0.053125
97 0.653125 0.4625 0.184375 0.05009765625