26 0.68046875 0.80546875 0.353125 0.0890625
26 0.6890625 0.75 0.3375 0.078125
26 0.7171875 0.69453125 0.36552734375 0.090625
26 0.74296875 0.634375 0.253125 0.075
26 0.321875 0.76796875 0.353125 0.0859375
26 0.33046875 0.709375 0.3703125 0.090625
26 0.23203125 0.0484375 0.2609375 0.096875
26 0.22109375 0.1140625 0.2453125 0.071875
26 0.4734375 0.3765625 0.3095703125 0.0720703125
26 0.484375 0.34140625 0.30009765625 0.0640625
26 0.49609375 0.30546875 0.29375 0.0625
26 0.78515625 0.328125 0.3 0.06865234375
26 0.77734375 0.36875 0.3 0.06865234375
26 0.7703125 0.4109375 0.30302734375 0.07177734375
26 0.7546875 0.45546875 0.30625 0.071875
26 0.76171875 0.49609375 0.328125 0.0640625
26 0.18515625 0.3296875 0.3046875 0.0875