26 0.35703125 0.84609375 0.3453125 0.0828125
26 0.35234375 0.7921875 0.33125 0.07177734375
26 0.3265625 0.73671875 0.35927734375 0.0828125
26 0.30625 0.6765625 0.246875 0.06875
26 0.71171875 0.8171875 0.3453125 0.078125
26 0.70703125 0.75859375 0.3609375 0.0828125
26 0.8265625 0.11171875 0.21572265625 0.0875
26 0.8390625 0.1765625 0.2125 0.06552734375
26 0.58671875 0.428125 0.303125 0.0685546875
26 0.578125 0.39453125 0.29384765625 0.05625
26 0.56875 0.3578125 0.2873046875 0.05625
26 0.2828125 0.375 0.29375 0.059375
26 0.28828125 0.415625 0.29375 0.059375
26 0.2921875 0.45703125 0.29677734375 0.0640625
26 0.30390625 0.5015625 0.3015625 0.065625
26 0.2953125 0.540625 0.321875 0.05625
26 0.8546875 0.38828125 0.25947265625 0.078125