26 0.6 0.8125 0.33115234375 0.09375
26 0.61328125 0.76328125 0.3140625 0.0828125
26 0.646875 0.7125 0.33759765625 0.096875
26 0.6765625 0.6578125 0.23447265625 0.075
26 0.27421875 0.765625 0.328125 0.09365234375
26 0.28828125 0.71171875 0.3453125 0.096875
26 0.2640625 0.1 0.26552734375 0.09990234375
26 0.25625 0.1609375 0.23115234375 0.07197265625
26 0.4578125 0.4109375 0.2875 0.078125
26 0.47265625 0.3796875 0.2796875 0.06875
26 0.48671875 0.34609375 0.2703125 0.0671875
26 0.75 0.37734375 0.278125 0.071875
26 0.73828125 0.41484375 0.278125 0.0703125
26 0.72734375 0.453125 0.2796875 0.075
26 0.7078125 0.49375 0.2845703125 0.0751953125
26 0.709375 0.5328125 0.30615234375 0.07177734375
26 0.19453125 0.35703125 0.2921875 0.090625