26 0.5765625 0.19609375 0.20927734375 0.0765625
26 0.5890625 0.23671875 0.203125 0.0671875
26 0.42578125 0.2640625 0.1671875 0.059375
26 0.1890625 0.28125 0.11572265625 0.04384765625
26 0.2921875 0.259375 0.12177734375 0.04990234375
26 0.29921875 0.28984375 0.1265625 0.0484375
26 0.1984375 0.30859375 0.11552734375 0.0421875
26 0.359375 0.3640625 0.1498046875 0.0470703125
26 0.359375 0.3953125 0.13134765625 0.04697265625
26 0.2390625 0.3765625 0.12177734375 0.04375
26 0.2515625 0.40234375 0.1158203125 0.040625
26 0.303125 0.34140625 0.14365234375 0.046875
26 0.484375 0.35078125 0.15 0.053125
26 0.48828125 0.384375 0.1625 0.059375
26 0.63203125 0.33671875 0.1953125 0.0640625
26 0.646875 0.3734375 0.19375 0.065625
26 0.63359375 0.2953125 0.15625 0.0529296875
26 0.75234375 0.2796875 0.1078125 0.04375
26 0.52421875 0.43984375 0.1796875 0.065625
26 0.39921875 0.44609375 0.1171875 0.0515625
26 0.28359375 0.44921875 0.13125 0.05
26 0.28515625 0.478125 0.1234375 0.04990234375
26 0.3953125 0.4734375 0.12197265625 0.04697265625
26 0.76953125 0.5671875 0.1171875 0.0533203125
26 0.68984375 0.5578125 0.1171875 0.05322265625
26 0.853125 0.546875 0.11865234375 0.05625
26 0.615625 0.5421875 0.125 0.075
26 0.5515625 0.6265625 0.12822265625 0.08447265625
26 0.69375 0.6515625 0.1310546875 0.075
26 0.6390625 0.640625 0.12822265625 0.07509765625
26 0.8125 0.66953125 0.13759765625 0.078125
26 0.41484375 0.615625 0.115625 0.075
26 0.5734375 0.8078125 0.128125 0.07802734375
26 0.66796875 0.83515625 0.134375 0.090625
26 0.83203125 0.875 0.134375 0.09365234375
26 0.375 0.7640625 0.06875 0.06875
26 0.4109375 0.76328125 0.06875 0.06875
26 0.5140625 0.475 0.1470703125 0.059375
26 0.66953125 0.4359375 0.2109375 0.071875
26 0.6765625 0.4734375 0.20927734375 0.06572265625