26 0.3234375 0.759375 0.646875 0.3314453125
26 0.3296875 0.571875 0.659375 0.22490234375
26 0.3578125 0.4359375 0.70302734375 0.25322265625
26 0.4234375 0.30625 0.60927734375 0.21259765625
26 0.82890625 0.48515625 0.3421875 0.1796875
26 0.84609375 0.36796875 0.30625 0.1546875
26 0.51171875 0.2140625 0.4921875 0.15625
26 0.178125 0.1625 0.2001953125 0.1126953125
26 0.74296875 0.86328125 0.3796875 0.271875
26 0.8015625 0.5953125 0.37802734375 0.15322265625
26 0.77734375 0.7078125 0.359375 0.14677734375
26 0.0828125 0.265625 0.09072265625 0.146875