26 0.54296875 0.2140625 0.775 0.3654296875
26 0.6109375 0.4015625 0.684375 0.25
26 0.6515625 0.5359375 0.6966796875 0.284375
26 0.68125 0.6765625 0.61884765625 0.24052734375
26 0.2046875 0.6578125 0.353125 0.1875
26 0.24609375 0.775 0.346875 0.165625
26 0.65859375 0.7921875 0.4984375 0.1779296875
26 0.94375 0.72265625 0.1125 0.1234375
26 0.12265625 0.27421875 0.24375 0.2953125
26 0.1765625 0.54453125 0.353125 0.165625
26 0.14921875 0.43359375 0.2984375 0.1546875
26 0.98203125 0.59609375 0.0359375 0.153125