26 0.3609375 0.97265625 0.26572265625 0.0546875
26 0.73671875 0.94921875 0.2453125 0.0640625
26 0.73671875 0.98046875 0.3484375 0.034375
26 0.97578125 0.96015625 0.046875 0.0296875
26 0.87890625 0.7671875 0.240625 0.05625
26 0.88828125 0.72109375 0.221875 0.05625
26 0.928125 0.6671875 0.14365234375 0.0625
26 0.92421875 0.6203125 0.15 0.0533203125
26 0.1390625 0.33046875 0.278125 0.0703125
26 0.14296875 0.3796875 0.2859375 0.08427734375
26 0.1390625 0.4453125 0.278125 0.075
26 0.13671875 0.5 0.2609375 0.05615234375
26 0.14296875 0.53515625 0.2734375 0.0515625
26 0.39765625 0.5265625 0.2359375 0.0533203125
26 0.421875 0.35234375 0.26865234375 0.084375
26 0.40625 0.4171875 0.25625 0.06875
26 0.3953125 0.4640625 0.24375 0.05
26 0.38828125 0.49296875 0.234375 0.05
26 0.6671875 0.51171875 0.24677734375 0.0546875
26 0.66015625 0.47578125 0.2421875 0.0484375
26 0.6578125 0.44609375 0.24375 0.05625
26 0.6765625 0.396875 0.25927734375 0.07509765625
26 0.6703125 0.35 0.25322265625 0.0625
26 0.88125 0.3640625 0.20009765625 0.07197265625
26 0.8171875 0.2515625 0.14072265625 0.10302734375
26 0.90390625 0.2515625 0.11875 0.09697265625