26 0.16328125 0.03125 0.25625 0.05
26 0.5359375 0.02421875 0.24052734375 0.046875
26 0.8640625 0.01953125 0.15927734375 0.0390625
26 0.7328125 0.17890625 0.246875 0.0515625
26 0.7671875 0.22109375 0.25 0.0515625
26 0.8546875 0.26953125 0.24052734375 0.0609375
26 0.8609375 0.3140625 0.2404296875 0.053125
26 0.14921875 0.6703125 0.2640625 0.06552734375
26 0.1421875 0.62265625 0.26552734375 0.0734375
26 0.125 0.55859375 0.24375 0.06875
26 0.1109375 0.50703125 0.221875 0.0484375
26 0.1109375 0.47265625 0.221875 0.0453125
26 0.33515625 0.45703125 0.228125 0.0484375
26 0.4109375 0.62265625 0.259375 0.078125
26 0.3765625 0.5609375 0.24697265625 0.0625
26 0.35234375 0.51796875 0.2359375 0.04375
26 0.33671875 0.490625 0.228125 0.04375
26 0.6 0.44453125 0.2376953125 0.0484375
26 0.603125 0.48046875 0.23740234375 0.0421875
26 0.6109375 0.509375 0.2375 0.05
26 0.64453125 0.55546875 0.2484375 0.0703125
26 0.6515625 0.60078125 0.246875 0.05625
26 0.875 0.56640625 0.24365234375 0.071875
26 0.8234375 0.68125 0.13427734375 0.09990234375
26 0.92421875 0.6734375 0.14375 0.09677734375
26 0.96640625 0.6609375 0.065625 0.09375