26 0.078125 0.93515625 0.15625 0.0625
26 0.08046875 0.90390625 0.1609375 0.0875
26 0.40234375 0.94453125 0.2546875 0.08125
26 0.38125 0.9734375 0.35615234375 0.053125
26 0.7359375 0.9734375 0.17177734375 0.05302734375
26 0.6515625 0.7984375 0.25947265625 0.07197265625
26 0.6984375 0.75859375 0.265625 0.0734375
26 0.80078125 0.7171875 0.2546875 0.08427734375
26 0.81953125 0.671875 0.2515625 0.075
26 0.21171875 0.24375 0.2484375 0.084375
26 0.19140625 0.2921875 0.253125 0.09375
26 0.1546875 0.35546875 0.23125 0.0875
26 0.1234375 0.4078125 0.2033203125 0.0654296875
26 0.11328125 0.4421875 0.2078125 0.0595703125
26 0.32421875 0.47734375 0.24375 0.0703125
26 0.45078125 0.31484375 0.2796875 0.1015625
26 0.396875 0.375 0.265625 0.08740234375
26 0.359375 0.4171875 0.24990234375 0.06572265625
26 0.33515625 0.44375 0.240625 0.065625
26 0.59140625 0.5140625 0.253125 0.07177734375
26 0.60546875 0.478125 0.2484375 0.06259765625
26 0.62109375 0.4484375 0.2515625 0.071875
26 0.66796875 0.4046875 0.2703125 0.09375
26 0.68984375 0.3578125 0.2640625 0.0783203125
26 0.88828125 0.415625 0.2234375 0.0935546875
26 0.88828125 0.2921875 0.1625 0.109375
26 0.9515625 0.31015625 0.09677734375 0.1078125