26 0.859375 0.2140625 0.2810546875 0.259375
26 0.85 0.33515625 0.3 0.2640625
26 0.5921875 0.24765625 0.25302734375 0.221875
26 0.61171875 0.1203125 0.246875 0.2341796875
26 0.37890625 0.171875 0.2171875 0.20009765625
26 0.21171875 0.0484375 0.16875 0.096875
26 0.19453125 0.1140625 0.171875 0.175
26 0.09375 0.0265625 0.09365234375 0.053125
26 0.08203125 0.0765625 0.0859375 0.11875
26 0.18046875 0.3765625 0.1859375 0.1595703125
26 0.05546875 0.31015625 0.09375 0.1234375
26 0.046875 0.40234375 0.09375 0.1265625
26 0.1671875 0.46875 0.17177734375 0.165625
26 0.109375 0.24140625 0.16875 0.1546875
26 0.359375 0.4578125 0.19365234375 0.17802734375
26 0.334375 0.55859375 0.20009765625 0.196875
26 0.55859375 0.5578125 0.253125 0.23427734375
26 0.540625 0.671875 0.24990234375 0.221875
26 0.81640625 0.67578125 0.3078125 0.2671875
26 0.8015625 0.81640625 0.303125 0.2703125
26 0.8125 0.52890625 0.21884765625 0.1921875
26 0.62265625 0.453125 0.1875 0.16884765625
26 0.459375 0.37890625 0.1625 0.1453125
26 0.50625 0.875 0.25009765625 0.24990234375
26 0.759375 0.94609375 0.30009765625 0.10625
26 0.49296875 0.946875 0.2234375 0.103125
26 0.28359375 0.8484375 0.2125 0.221875
26 0.3171875 0.740625 0.20947265625 0.20615234375
26 0.16484375 0.640625 0.1765625 0.17509765625
26 0.13125 0.73203125 0.17509765625 0.1765625
26 0.0484375 0.56484375 0.09677734375 0.1546875
26 0.03359375 0.6609375 0.0671875 0.14697265625