26 0.8390625 0.07109375 0.29375 0.140625
26 0.8421875 0.17578125 0.29677734375 0.16875
26 0.58984375 0.22734375 0.23125 0.146875
26 0.58671875 0.1046875 0.2234375 0.15947265625
26 0.3859375 0.26328125 0.196875 0.1390625
26 0.2140625 0.20078125 0.15302734375 0.121875
26 0.2125 0.3015625 0.15615234375 0.12197265625
26 0.07109375 0.240625 0.1421875 0.115625
26 0.071875 0.32734375 0.14375 0.1015625
26 0.240625 0.54296875 0.1689453125 0.1078125
26 0.0890625 0.5484375 0.140625 0.103125
26 0.0953125 0.634375 0.140625 0.103125
26 0.24375 0.63203125 0.1560546875 0.115625
26 0.15625 0.45703125 0.15615234375 0.1046875
26 0.41328125 0.52890625 0.175 0.11875
26 0.40625 0.63125 0.18125 0.1375
26 0.60546875 0.521875 0.228125 0.16240234375
26 0.6078125 0.63125 0.22802734375 0.14990234375
26 0.8546875 0.5015625 0.28125 0.17802734375
26 0.86171875 0.63359375 0.275 0.18125
26 0.8296875 0.37109375 0.2 0.1265625
26 0.64765625 0.396875 0.1703125 0.115625
26 0.490625 0.41015625 0.14990234375 0.0984375
26 0.609375 0.8328125 0.228125 0.18125
26 0.859375 0.85234375 0.275 0.2
26 0.61171875 0.9390625 0.2078125 0.11875
26 0.40625 0.915625 0.19365234375 0.16240234375
26 0.41953125 0.80078125 0.190625 0.14375
26 0.2671875 0.7859375 0.1591796875 0.125
26 0.2515625 0.88359375 0.15927734375 0.125
26 0.11328125 0.78515625 0.159375 0.125
26 0.10703125 0.88125 0.1484375 0.121875