26 0.2546875 0.703125 0.196875 0.0625
26 0.08203125 0.69453125 0.1640625 0.065625
26 0.2703125 0.66484375 0.196875 0.0578125
26 0.09375 0.6546875 0.16875 0.05625
26 0.69921875 0.72109375 0.128125 0.04375
26 0.5734375 0.7125 0.13427734375 0.04384765625
26 0.44140625 0.678125 0.1640625 0.053125
26 0.70703125 0.69140625 0.1265625 0.040625
26 0.584375 0.68359375 0.134375 0.0421875
26 0.7171875 0.62109375 0.11572265625 0.040625
26 0.55625 0.63125 0.1185546875 0.0373046875
26 0.44140625 0.6203125 0.1296875 0.04052734375
26 0.48046875 0.5609375 0.1609375 0.05302734375
26 0.6203125 0.58046875 0.1466796875 0.04375
26 0.5953125 0.6078125 0.15 0.04375
26 0.73046875 0.59609375 0.11875 0.0390625
26 0.45546875 0.58984375 0.1546875 0.04375
26 0.2984375 0.571875 0.20322265625 0.053125
26 0.31640625 0.53828125 0.1984375 0.0546875
26 0.1296875 0.553125 0.1625 0.053125
26 0.15 0.5171875 0.165625 0.05625
26 0.1890625 0.59609375 0.11552734375 0.0421875
26 0.08671875 0.58671875 0.0984375 0.040625
26 0.3109375 0.61171875 0.15302734375 0.0453125
26 0.4828125 0.5046875 0.16875 0.05322265625
26 0.3125 0.47578125 0.20634765625 0.059375
26 0.3421875 0.44609375 0.19072265625 0.0515625
26 0.4984375 0.47109375 0.184375 0.0546875
26 0.19453125 0.41015625 0.1671875 0.059375
26 0.1734375 0.4515625 0.1591796875 0.0533203125
26 0.67890625 0.4328125 0.08125 0.0375
26 0.615625 0.41796875 0.0814453125 0.040625
26 0.54921875 0.4125 0.0890625 0.065625
26 0.709375 0.459375 0.08759765625 0.03740234375
26 0.775 0.4734375 0.0810546875 0.034375
26 0.79296875 0.3765625 0.0875 0.04677734375
26 0.72734375 0.36328125 0.0859375 0.0453125
26 0.68359375 0.34375 0.0875 0.05009765625
26 0.6046875 0.3234375 0.1154296875 0.0658203125
26 0.52890625 0.30546875 0.0875 0.065625
26 0.45546875 0.30625 0.11875 0.06240234375
26 0.46875 0.2640625 0.109375 0.04677734375
26 0.3734375 0.24609375 0.109375 0.0453125
26 0.271875 0.24765625 0.1251953125 0.0703125
26 0.359375 0.28359375 0.11259765625 0.05625
26 0.6421875 0.14453125 0.11875 0.0609375
26 0.5484375 0.08515625 0.14677734375 0.090625
26 0.75625 0.19375 0.11875 0.06240234375
26 0.72109375 0.15 0.0828125 0.05625
26 0.81484375 0.3109375 0.0703125 0.05322265625
26 0.7640625 0.290625 0.084375 0.05625
26 0.70703125 0.2703125 0.084375 0.05625
26 0.64765625 0.24765625 0.084375 0.05625
26 0.5796875 0.22265625 0.0904296875 0.065625
26 0.50859375 0.196875 0.096875 0.06865234375
26 0.43125 0.1671875 0.10009765625 0.06572265625
26 0.3484375 0.1296875 0.12822265625 0.07197265625
26 0.63125 0.5296875 0.153125 0.04697265625
26 0.63828125 0.5 0.14375 0.046875
26 0.75703125 0.54921875 0.128125 0.04375
26 0.76171875 0.521875 0.1234375 0.040625