26 0.38125 0.94609375 0.44375 0.10625
26 0.7953125 0.959375 0.39052734375 0.08125
26 0.41015625 0.83515625 0.4109375 0.0890625
26 0.80078125 0.8546875 0.3828125 0.07802734375
26 0.8015625 0.9015625 0.378125 0.04072265625
26 0.08984375 0.94140625 0.1796875 0.1046875
26 0.109375 0.84765625 0.21875 0.103125
26 0.55625 0.240625 0.075 0.134375
26 0.6296875 0.21640625 0.08125 0.178125
26 0.8796875 0.240625 0.059375 0.13115234375
26 0.8234375 0.24375 0.065625 0.14365234375
26 0.76328125 0.23828125 0.065625 0.1265625
26 0.696875 0.234375 0.06875 0.15
26 0.05859375 0.203125 0.0875 0.165625