26 0.49921875 0.05859375 0.4328125 0.1171875
26 0.8484375 0.08984375 0.3029296875 0.1359375
26 0.49765625 0.14921875 0.3984375 0.13125
26 0.8375 0.19140625 0.321875 0.121875
26 0.8484375 0.146875 0.30302734375 0.0875
26 0.21875 0.03125 0.21259765625 0.0625
26 0.2125 0.08984375 0.2498046875 0.1265625
26 0.47734375 0.7171875 0.0984375 0.134375
26 0.53828125 0.7515625 0.1140625 0.17197265625
26 0.775 0.765625 0.08134765625 0.12509765625
26 0.725 0.75390625 0.090625 0.1390625
26 0.6671875 0.75 0.0875 0.125
26 0.6046875 0.7453125 0.09677734375 0.146875
26 0.03515625 0.67890625 0.06875 0.1640625