21 0.98203125 0.290625 0.0359375 0.028125
21 0.9375 0.2921875 0.04365234375 0.02802734375
21 0.15625 0.296875 0.0751953125 0.0685546875
21 0.06640625 0.296875 0.078125 0.065625
21 0.2484375 0.296875 0.08125 0.06865234375
21 0.6859375 0.303125 0.059375 0.05625
21 0.61875 0.30390625 0.05009765625 0.0578125
21 0.7640625 0.31015625 0.071875 0.0484375
21 0.83203125 0.3125 0.0484375 0.04384765625
21 0.88671875 0.3125 0.0421875 0.04375
21 0.9375 0.32109375 0.04375 0.028125
21 0.98046875 0.32109375 0.0359375 0.0296875
21 0.16953125 0.36796875 0.071875 0.0359375
21 0.0875 0.36796875 0.071875 0.0375
21 0.34140625 0.3703125 0.075 0.0404296875
21 0.4265625 0.37109375 0.075 0.040625
21 0.1734375 0.41796875 0.078125 0.05625
21 0.2609375 0.41796875 0.075 0.059375
21 0.0890625 0.41953125 0.071875 0.05625
21 0.3421875 0.421875 0.07197265625 0.053125
21 0.43125 0.4234375 0.07509765625 0.053125
21 0.8140625 0.4234375 0.05322265625 0.05322265625
21 0.51328125 0.4265625 0.0671875 0.04375
21 0.8765625 0.43046875 0.04072265625 0.040625
21 0.928125 0.43046875 0.040625 0.040625
21 0.9796875 0.43125 0.04052734375 0.040625
21 0.69140625 0.10546875 0.040625 0.05
21 0.640625 0.10546875 0.04365234375 0.05
21 0.74140625 0.10546875 0.040625 0.05
21 0.0484375 0.13671875 0.06875 0.0859375
21 0.1203125 0.13671875 0.05947265625 0.084375
21 0.19375 0.13828125 0.06240234375 0.0859375
21 0.2671875 0.13828125 0.0595703125 0.0859375
21 0.3390625 0.1390625 0.05947265625 0.084375
21 0.4109375 0.140625 0.059375 0.0875
21 0.47578125 0.146875 0.0453125 0.071875
21 0.5296875 0.14765625 0.04697265625 0.071875
21 0.5875 0.14921875 0.04990234375 0.071875
21 0.7390625 0.1578125 0.04072265625 0.05302734375
21 0.6890625 0.15859375 0.040625 0.0515625
21 0.640625 0.15859375 0.04365234375 0.0515625
21 0.23203125 0.23828125 0.0796875 0.0421875
21 0.0640625 0.24140625 0.071875 0.0296875
21 0.15 0.24375 0.0689453125 0.03125
21 0.6203125 0.24375 0.05 0.05625
21 0.6828125 0.2453125 0.05302734375 0.05322265625