30 0.48984375 0.3578125 0.203125 0.20947265625
30 0.89921875 0.3890625 0.1953125 0.20947265625
30 0.70078125 0.39375 0.2078125 0.20634765625
30 0.3953125 0.52578125 0.23427734375 0.21875
30 0.821875 0.553125 0.253125 0.24384765625
30 0.40390625 0.75 0.215625 0.21875
30 0.71875 0.76875 0.2373046875 0.2251953125
30 0.5515625 0.8953125 0.246875 0.20322265625
30 0.16640625 0.9296875 0.3171875 0.1345703125
30 0.7640625 0.93671875 0.28125 0.1203125
30 0.41484375 0.17109375 0.1921875 0.1859375
30 0.61484375 0.2125 0.1953125 0.190625
30 0.81328125 0.21875 0.2015625 0.1939453125