44 0.4578125 0.4953125 0.071875 0.08447265625
44 0.84453125 0.565625 0.084375 0.0748046875
44 0.6390625 0.63359375 0.05927734375 0.0515625
44 0.38984375 0.690625 0.0953125 0.09384765625
44 0.68984375 0.74921875 0.203125 0.1484375
44 0.4921875 0.7953125 0.096875 0.04375
44 0.6734375 0.890625 0.090625 0.05634765625
44 0.67578125 0.31640625 0.065625 0.0703125
44 0.44453125 0.36796875 0.0578125 0.04375
44 0.56328125 0.38671875 0.0828125 0.1109375
44 0.7515625 0.41015625 0.09697265625 0.0953125
44 0.4296875 0.41640625 0.06552734375 0.0390625
44 0.80234375 0.459375 0.0828125 0.08740234375