57 0.85625 0.12421875 0.028125 0.03125
57 0.90703125 0.13125 0.053125 0.140625
57 0.8171875 0.13359375 0.075 0.10625
17 0.4359375 0.134375 0.090625 0.125
57 0.859375 0.13515625 0.240625 0.2140625
11 0.51015625 0.13515625 0.0890625 0.0859375
17 0.4078125 0.140625 0.203125 0.2064453125
17 0.33984375 0.15703125 0.08125 0.096875
57 0.85234375 0.20234375 0.0203125 0.0203125
57 0.94765625 0.215625 0.0578125 0.09990234375
57 0.83125 0.23359375 0.03125 0.0296875
57 0.88671875 0.25078125 0.0625 0.125
57 0.89375 0.28203125 0.03759765625 0.059375
17 0.5015625 0.28203125 0.1125 0.153125
57 0.94921875 0.35234375 0.1 0.1734375
11 0.6984375 0.353125 0.109375 0.165625
11 0.6984375 0.35859375 0.10625 0.15
17 0.571875 0.45078125 0.0814453125 0.146875
11 0.75078125 0.5203125 0.0734375 0.10947265625
11 0.846875 0.5875 0.09365234375 0.15634765625
11 0.9234375 0.6890625 0.06552734375 0.09375
17 0.75 0.71640625 0.2375 0.3390625
11 0.846875 0.72734375 0.096875 0.1609375
57 0.8765625 0.07578125 0.0625 0.06875
11 0.57890625 0.0796875 0.0515625 0.103125
57 0.76484375 0.08203125 0.0265625 0.0578125
17 0.3546875 0.0828125 0.09677734375 0.1