135 0.14921875 0.4703125 0.1703125 0.228125
78 0.82578125 0.58671875 0.3484375 0.2
48 0.8203125 0.69140625 0.146875 0.1953125
135 0.16953125 0.70703125 0.1859375 0.2015625
48 0.93828125 0.76328125 0.121875 0.2140625
135 0.27578125 0.81875 0.1921875 0.234375
135 0.096875 0.859375 0.190625 0.26875
48 0.79921875 0.86015625 0.2203125 0.19375
135 0.44140625 0.89140625 0.2078125 0.2171875
48 0.6640625 0.89921875 0.209375 0.2015625
48 0.9171875 0.91015625 0.165625 0.1796875
135 0.21875 0.92109375 0.221875 0.1578125
67 0.51796875 0.42265625 0.2515625 0.3390625
67 0.75625 0.36640625 0.203125 0.3453125
117 0.159375 0.1609375 0.31875 0.321875