59 0.5140625 0.4140625 0.071875 0.071875
59 0.5140625 0.4671875 0.059375 0.0720703125
59 0.58203125 0.55234375 0.05625 0.075
59 0.4890625 0.565625 0.059375 0.06884765625
59 0.496875 0.56796875 0.0623046875 0.0765625
59 0.53671875 0.5703125 0.0484375 0.0875
59 0.15078125 0.06640625 0.0734375 0.103125
59 0.071875 0.0671875 0.071875 0.09375
59 0.53828125 0.78828125 0.059375 0.109375
59 0.4515625 0.79921875 0.06875 0.140625
5 0.75234375 0.80390625 0.2984375 0.3875
59 0.5953125 0.89375 0.08447265625 0.115625
59 0.525 0.91171875 0.0875 0.140625
59 0.44140625 0.93203125 0.0703125 0.1359375
42 0.76015625 0.13359375 0.125 0.1671875
59 0.16875 0.1625 0.06865234375 0.11884765625
59 0.10078125 0.1625 0.0609375 0.134375
59 0.0390625 0.16484375 0.07177734375 0.1296875