17 0.08359375 0.29609375 0.1015625 0.1328125
17 0.31953125 0.3015625 0.0984375 0.13125
17 0.86640625 0.3109375 0.1015625 0.12197265625
17 0.4296875 0.3140625 0.084375 0.15625
17 0.18046875 0.32890625 0.1265625 0.1796875
17 0.73359375 0.33046875 0.0890625 0.1578125
17 0.51796875 0.3359375 0.0796875 0.13125
17 0.63046875 0.34609375 0.0984375 0.121875
11 0.81484375 0.359375 0.0984375 0.15
11 0.03828125 0.36484375 0.0765625 0.1578125
11 0.9078125 0.415625 0.090625 0.11875
11 0.11015625 0.41953125 0.0765625 0.1203125
11 0.278125 0.42109375 0.084375 0.1578125
11 0.70546875 0.4265625 0.0875 0.140625
11 0.98046875 0.428125 0.0390625 0.125
11 0.3640625 0.43125 0.09375 0.14375
11 0.596875 0.44296875 0.08125 0.1390625
11 0.44921875 0.44453125 0.0765625 0.1640625
11 0.190625 0.45390625 0.09375 0.1171875
11 0.534375 0.4703125 0.084375 0.15625
17 0.946875 0.06953125 0.10625 0.1296875
17 0.39921875 0.0703125 0.1109375 0.140625
17 0.56875 0.0734375 0.09375 0.146875
17 0.153125 0.07578125 0.115625 0.1515625
11 0.95625 0.8703125 0.0875 0.19375
11 0.69921875 0.8765625 0.0890625 0.184375
11 0.82265625 0.88828125 0.0796875 0.1890625
11 0.57265625 0.8890625 0.0859375 0.1875
11 0.0359375 0.89296875 0.065625 0.1140625
11 0.42265625 0.9078125 0.0984375 0.171875
11 0.1609375 0.91171875 0.1125 0.1765625
11 0.30625 0.91171875 0.09375 0.1765625