48 0.70390625 0.6359375 0.1296875 0.1095703125
59 0.3953125 0.66171875 0.12197265625 0.140625
48 0.59453125 0.71953125 0.128125 0.090625
48 0.27890625 0.8015625 0.11875 0.09072265625
48 0.346875 0.1875 0.1375 0.08759765625
59 0.49140625 0.246875 0.1375 0.09375
59 0.2828125 0.26875 0.12197265625 0.103125
48 0.69375 0.28125 0.128125 0.084375
59 0.21328125 0.3609375 0.146875 0.109375
59 0.65859375 0.3828125 0.1625 0.1154296875
48 0.4421875 0.42109375 0.13125 0.0703125
59 0.56640625 0.46328125 0.165625 0.0765625
48 0.78125 0.5125 0.1125 0.11259765625
59 0.790625 0.58515625 0.171875 0.1015625