56 0.9546875 0.15 0.0625 0.125
5 0.68359375 0.29765625 0.0984375 0.3234375
5 0.77421875 0.3484375 0.0671875 0.515625
5 0.88359375 0.43359375 0.1203125 0.5625
5 0.953125 0.4578125 0.09375 0.478125
56 0.33203125 0.55234375 0.121875 0.1359375
56 0.971875 0.0578125 0.05625 0.10947265625
56 0.41015625 0.62421875 0.0796875 0.1328125
56 0.63828125 0.6671875 0.090625 0.2
56 0.56484375 0.67421875 0.09375 0.2234375
5 0.39453125 0.7765625 0.4140625 0.434375
5 0.24609375 0.7875 0.4203125 0.353125
56 0.7765625 0.90078125 0.0875 0.1359375
42 0.88828125 0.92109375 0.1546875 0.1578125
56 0.8734375 0.09375 0.075 0.14384765625
42 0.5578125 0.10546875 0.175 0.2109375
42 0.4 0.10703125 0.153125 0.2140625