135 0.7359375 0.1046875 0.08125 0.15
135 0.64921875 0.1859375 0.0703125 0.10625
135 0.6453125 0.2765625 0.08125 0.134375
135 0.66015625 0.36875 0.0859375 0.1375
135 0.7546875 0.48515625 0.096875 0.1765625
78 0.43359375 0.49765625 0.1515625 0.2140625
135 0.6515625 0.53515625 0.0875 0.15625
135 0.73984375 0.6234375 0.078125 0.1658203125
78 0.384375 0.62734375 0.1375 0.2484375
135 0.6671875 0.665625 0.08125 0.134375
78 0.559375 0.671875 0.209375 0.3375
135 0.38203125 0.81171875 0.0828125 0.1703125
135 0.49375 0.81796875 0.09375 0.184375
135 0.4140625 0.8796875 0.09375 0.18125