11 0.6890625 0.184375 0.290625 0.12509765625
17 0.465625 0.228125 0.221875 0.1875
59 0.31015625 0.24375 0.1140625 0.115625
59 0.85234375 0.27265625 0.1625 0.13125
11 0.2484375 0.3109375 0.26572265625 0.15625
17 0.90078125 0.365625 0.1984375 0.1875
59 0.5359375 0.421875 0.128125 0.1125
17 0.70859375 0.4703125 0.2203125 0.240625
11 0.48203125 0.51015625 0.2609375 0.1765625
59 0.13046875 0.5296875 0.1734375 0.096875
59 0.32734375 0.5421875 0.1390625 0.10322265625
59 0.6375 0.5640625 0.175 0.1
11 0.18203125 0.5984375 0.2203125 0.16875
59 0.86875 0.66640625 0.140625 0.1375
59 0.628125 0.0734375 0.1375 0.125
17 0.13203125 0.76484375 0.2640625 0.1921875
17 0.8890625 0.8 0.221875 0.15009765625
11 0.446875 0.89921875 0.165625 0.159375
11 0.68828125 0.90859375 0.2390625 0.153125
17 0.14921875 0.93125 0.290625 0.1375
59 0.578125 0.94296875 0.11875 0.1140625