6 0.603125 0.0625 0.08134765625 0.05625
6 0.7796875 0.0640625 0.075 0.0591796875
6 0.6984375 0.63671875 0.0658203125 0.0390625
6 0.6359375 0.640625 0.0529296875 0.04375
6 0.5734375 0.64296875 0.059375 0.0390625
6 0.5109375 0.64453125 0.0716796875 0.04375
6 0.77421875 0.6578125 0.0609375 0.053125
6 0.39921875 0.65859375 0.0703125 0.0484375
6 0.13828125 0.67578125 0.05625 0.0390625
6 0.32109375 0.73671875 0.071875 0.040625
6 0.80078125 0.80390625 0.065625 0.0359375
6 0.65859375 0.8125 0.0671875 0.04375
6 0.8640625 0.08671875 0.07802734375 0.0484375
6 0.8765625 0.87734375 0.0783203125 0.0390625
6 0.66328125 0.88203125 0.065625 0.0515625
6 0.1203125 0.88203125 0.08427734375 0.040625
6 0.04453125 0.8859375 0.0625 0.04052734375
6 0.38671875 0.0890625 0.0625 0.040625
6 0.2703125 0.88828125 0.08427734375 0.040625
6 0.49140625 0.09375 0.0703125 0.03759765625
6 0.13125 0.0984375 0.05625 0.04375
6 0.3140625 0.10078125 0.07177734375 0.040625
6 0.2171875 0.10078125 0.071875 0.0453125
6 0.0359375 0.1890625 0.053125 0.040625
6 0.10703125 0.19375 0.0875 0.053125
6 0.20078125 0.19375 0.0921875 0.0625
6 0.85 0.1984375 0.09375 0.05625
6 0.7640625 0.19921875 0.09072265625 0.0578125
6 0.94140625 0.2015625 0.0921875 0.05947265625
6 0.30390625 0.21171875 0.075 0.0484375
6 0.68046875 0.2171875 0.0671875 0.04697265625
6 0.4515625 0.21875 0.0716796875 0.0498046875
6 0.52890625 0.2296875 0.0625 0.05927734375
6 0.03359375 0.2828125 0.0609375 0.0470703125
6 0.11171875 0.2859375 0.0984375 0.05322265625
6 0.203125 0.2875 0.0875 0.053125
6 0.93359375 0.28984375 0.075 0.0578125
6 0.84765625 0.290625 0.075 0.053125
6 0.76171875 0.2984375 0.0796875 0.053125
6 0.3109375 0.2984375 0.08447265625 0.040625
6 0.44453125 0.3015625 0.05625 0.04375
6 0.59375 0.30390625 0.053125 0.0296875
6 0.5265625 0.30625 0.05947265625 0.040625
6 0.19453125 0.415625 0.0703125 0.040625
6 0.58984375 0.4171875 0.0703125 0.0466796875
6 0.8734375 0.41796875 0.07177734375 0.0515625
6 0.4515625 0.41953125 0.0779296875 0.053125
6 0.7390625 0.4203125 0.07802734375 0.04697265625
6 0.14921875 0.490625 0.0609375 0.0376953125
6 0.37265625 0.49140625 0.0765625 0.0484375
6 0.51953125 0.49140625 0.0671875 0.04375
6 0.58671875 0.49296875 0.071875 0.0484375
6 0.7296875 0.49375 0.071875 0.04990234375
6 0.4484375 0.49609375 0.06572265625 0.0515625
6 0.80390625 0.49609375 0.0625 0.0484375
6 0.06953125 0.61171875 0.0703125 0.028125