6 0.88828125 0.18046875 0.128125 0.084375
6 0.63671875 0.1859375 0.1203125 0.084375
6 0.50234375 0.1984375 0.1453125 0.084375
6 0.3296875 0.21015625 0.125 0.075
6 0.19375 0.22109375 0.11884765625 0.0765625
6 0.0625 0.22578125 0.11240234375 0.0859375
6 0.490625 0.02890625 0.11884765625 0.0578125
6 0.1703125 0.02890625 0.115625 0.0578125
6 0.62109375 0.03359375 0.1328125 0.0671875
6 0.0453125 0.0359375 0.090625 0.071875
6 0.75625 0.03984375 0.128125 0.0796875
6 0.6078125 0.4421875 0.115625 0.0783203125
6 0.953125 0.44921875 0.09375 0.0921875
6 0.49375 0.45703125 0.11875 0.0796875
6 0.72265625 0.4625 0.09375 0.09375
6 0.834375 0.4640625 0.134375 0.08427734375
6 0.3484375 0.47109375 0.12177734375 0.0625
6 0.2015625 0.48203125 0.125 0.065625
6 0.07421875 0.490625 0.115625 0.0685546875
6 0.7203125 0.60078125 0.09375 0.0765625
6 0.6140625 0.6046875 0.11572265625 0.084375
6 0.49765625 0.6109375 0.103125 0.075
6 0.94921875 0.625 0.1015625 0.0751953125
6 0.834375 0.63359375 0.13115234375 0.0890625
6 0.35703125 0.6453125 0.1171875 0.07177734375
6 0.2203125 0.6546875 0.11552734375 0.075
6 0.08984375 0.66015625 0.1234375 0.0609375