6 0.77421875 0.6359375 0.053125 0.02177734375
6 0.38828125 0.64921875 0.0453125 0.0234375
6 0.2828125 0.68515625 0.05947265625 0.025
6 0.3921875 0.6859375 0.053125 0.025
6 0.5015625 0.72109375 0.04375 0.025
6 0.28359375 0.7234375 0.053125 0.02197265625
6 0.3390625 0.725 0.05927734375 0.02509765625
6 0.0453125 0.1109375 0.0591796875 0.0404296875
6 0.18125 0.1140625 0.0623046875 0.040625
6 0.24296875 0.1140625 0.0625 0.03447265625
6 0.109375 0.11640625 0.06884765625 0.0359375
6 0.7125 0.1296875 0.065625 0.0375
6 0.7765625 0.13203125 0.05927734375 0.0375
6 0.11796875 0.1671875 0.0875 0.03447265625
6 0.04921875 0.16796875 0.0515625 0.0390625
6 0.1859375 0.1734375 0.05625 0.03427734375
6 0.64453125 0.1828125 0.0625 0.0345703125
6 0.459375 0.1828125 0.08134765625 0.04052734375
6 0.52890625 0.18359375 0.0609375 0.0359375
6 0.5875 0.18515625 0.0501953125 0.04375
6 0.71171875 0.18515625 0.059375 0.034375
6 0.7703125 0.1859375 0.05322265625 0.03447265625
6 0.8265625 0.1859375 0.0591796875 0.0283203125
6 0.8859375 0.1875 0.05625 0.03125
6 0.984375 0.19453125 0.03125 0.0296875
6 0.46484375 0.27265625 0.04375 0.021875
6 0.92890625 0.2796875 0.0515625 0.02197265625
6 0.8140625 0.28125 0.05625 0.034375
6 0.26796875 0.31484375 0.05625 0.0234375
6 0.53359375 0.31875 0.065625 0.0251953125
6 0.4515625 0.31953125 0.053125 0.0296875
6 0.8921875 0.32421875 0.05927734375 0.034375
6 0.8328125 0.32578125 0.05947265625 0.03125
6 0.02890625 0.40390625 0.053125 0.0296875
6 0.8390625 0.40390625 0.04697265625 0.0328125
6 0.94609375 0.40390625 0.0515625 0.0296875
6 0.6234375 0.4046875 0.05625 0.03447265625
6 0.78359375 0.4046875 0.053125 0.03125
6 0.8921875 0.40625 0.04697265625 0.034375
6 0.1515625 0.40625 0.0625 0.03115234375
6 0.09140625 0.40625 0.0625 0.034375
6 0.725 0.4078125 0.0501953125 0.03125
6 0.6734375 0.4078125 0.0529296875 0.03125
6 0.6765625 0.446875 0.05302734375 0.03115234375
6 0.88203125 0.4484375 0.0484375 0.03125
6 0.77734375 0.4484375 0.0515625 0.02802734375
6 0.5625 0.44921875 0.06240234375 0.0296875
6 0.83203125 0.44921875 0.0484375 0.025
6 0.72578125 0.44921875 0.053125 0.0296875
6 0.9421875 0.44921875 0.053125 0.0296875
6 0.275 0.4515625 0.05625 0.034375
6 0.33671875 0.4515625 0.0671875 0.02822265625
6 0.51171875 0.4515625 0.053125 0.02822265625
6 0.4015625 0.4515625 0.053125 0.02822265625
6 0.45078125 0.4515625 0.05625 0.02822265625
6 0.03515625 0.4546875 0.065625 0.0279296875
6 0.61796875 0.4546875 0.053125 0.034375
6 0.0953125 0.4546875 0.065625 0.025
6 0.1625 0.45546875 0.07509765625 0.0265625
6 0.771875 0.521875 0.053125 0.034375
6 0.9796875 0.52265625 0.0404296875 0.034375
6 0.61171875 0.525 0.05625 0.034375
6 0.50703125 0.5265625 0.053125 0.034375
6 0.4546875 0.52890625 0.053125 0.034375
6 0.39921875 0.5296875 0.053125 0.02802734375
6 0.3375 0.53125 0.0625 0.034375
6 0.15 0.53359375 0.053125 0.025
6 0.08984375 0.53515625 0.065625 0.03125
6 0.0296875 0.53671875 0.059375 0.0328125
6 0.8140625 0.5578125 0.0529296875 0.0220703125
6 0.9703125 0.55859375 0.05927734375 0.0265625
6 0.71875 0.5625 0.0498046875 0.025
6 0.6625 0.5640625 0.0501953125 0.025
6 0.5578125 0.56484375 0.053125 0.025
6 0.4515625 0.56640625 0.053125 0.0265625
6 0.509375 0.56640625 0.04375 0.021875
6 0.609375 0.56640625 0.05009765625 0.0265625
6 0.3953125 0.57109375 0.05302734375 0.0265625
6 0.33984375 0.571875 0.053125 0.0189453125
6 0.21640625 0.5734375 0.0578125 0.03125
6 0.1546875 0.5734375 0.05625 0.021875
6 0.03359375 0.5765625 0.0609375 0.028125
6 0.09375 0.58046875 0.0625 0.0265625