6 0.09375 0.78359375 0.09365234375 0.0671875
6 0.18046875 0.7875 0.0828125 0.0810546875
6 0.4390625 0.78828125 0.065625 0.071875
6 0.2609375 0.796875 0.07822265625 0.071875
6 0.35078125 0.8015625 0.0859375 0.07822265625
6 0.5203125 0.80546875 0.09052734375 0.0671875
6 0.71171875 0.83046875 0.1015625 0.075
6 0.8125 0.8484375 0.10625 0.0875
6 0.91953125 0.85234375 0.1015625 0.0796875
6 0.109375 0.14921875 0.08134765625 0.0671875
6 0.03359375 0.15390625 0.0671875 0.0671875
6 0.275 0.15625 0.09990234375 0.071875
6 0.19375 0.15625 0.08115234375 0.06865234375
6 0.36640625 0.1609375 0.0984375 0.06572265625
6 0.5515625 0.1703125 0.09052734375 0.065625
6 0.4625 0.171875 0.084375 0.04384765625
6 0.771875 0.1734375 0.09365234375 0.07177734375
6 0.64296875 0.17890625 0.09375 0.0796875
6 0.8734375 0.1828125 0.10927734375 0.0875
6 0.96484375 0.0375 0.065625 0.075
6 0.37734375 0.03515625 0.1109375 0.065625
6 0.34609375 0.34609375 0.0625 0.0765625
6 0.509375 0.35703125 0.0814453125 0.0796875
6 0.87734375 0.0359375 0.0875 0.071875
6 0.8015625 0.0359375 0.05625 0.071875
6 0.4203125 0.359375 0.0875 0.08115234375
6 0.6078125 0.365625 0.096875 0.09365234375
6 0.73671875 0.36796875 0.11875 0.0828125
6 0.9421875 0.3765625 0.0875 0.075
6 0.8453125 0.3796875 0.08427734375 0.08447265625
6 0.28828125 0.0421875 0.096875 0.07177734375
6 0.0421875 0.46484375 0.07822265625 0.084375
6 0.15625 0.4671875 0.07509765625 0.07822265625
6 0.240625 0.47578125 0.1001953125 0.0828125
6 0.33515625 0.4828125 0.0828125 0.071875
6 0.50234375 0.49140625 0.090625 0.0765625
6 0.5984375 0.49375 0.10302734375 0.06865234375
6 0.72578125 0.5140625 0.10625 0.08427734375
6 0.828125 0.515625 0.0935546875 0.0876953125
6 0.94375 0.521875 0.09375 0.090625
6 0.2703125 0.6671875 0.09375 0.065625
6 0.52734375 0.6765625 0.0890625 0.075
6 0.36171875 0.678125 0.0890625 0.075
6 0.615625 0.68125 0.08115234375 0.06865234375
6 0.7171875 0.70546875 0.084375 0.084375
6 0.8265625 0.71171875 0.096875 0.0765625
6 0.9265625 0.72109375 0.07802734375 0.0765625