6 0.90625 0.78359375 0.09365234375 0.0671875
6 0.81953125 0.7875 0.0828125 0.08115234375
6 0.5609375 0.78828125 0.065625 0.071875
6 0.7390625 0.796875 0.07822265625 0.071875
6 0.64921875 0.8015625 0.0859375 0.0783203125
6 0.4796875 0.80546875 0.09052734375 0.0671875
6 0.28828125 0.83046875 0.1015625 0.075
6 0.1875 0.8484375 0.10625 0.0875
6 0.08046875 0.85234375 0.1015625 0.0796875
6 0.890625 0.14921875 0.08134765625 0.0671875
6 0.96640625 0.15390625 0.0671875 0.0671875
6 0.725 0.15625 0.09990234375 0.071875
6 0.80625 0.15625 0.08115234375 0.06865234375
6 0.63359375 0.1609375 0.0984375 0.06572265625
6 0.4484375 0.1703125 0.09052734375 0.065625
6 0.5375 0.171875 0.084375 0.04384765625
6 0.228125 0.1734375 0.09365234375 0.07177734375
6 0.35703125 0.17890625 0.09375 0.0796875
6 0.1265625 0.1828125 0.10927734375 0.0875
6 0.03359375 0.0359375 0.0671875 0.071875
6 0.62265625 0.03515625 0.1109375 0.065625
6 0.65390625 0.34609375 0.0625 0.0765625
6 0.490625 0.35703125 0.08134765625 0.0796875
6 0.12265625 0.0359375 0.0875 0.071875
6 0.1984375 0.0359375 0.05625 0.071875
6 0.5796875 0.359375 0.0875 0.0810546875
6 0.3921875 0.365625 0.09677734375 0.09365234375
6 0.26328125 0.36796875 0.11875 0.0828125
6 0.0578125 0.3765625 0.0875 0.075
6 0.1546875 0.3796875 0.08427734375 0.08447265625
6 0.71171875 0.0421875 0.096875 0.07177734375
6 0.9578125 0.46484375 0.07822265625 0.084375
6 0.84375 0.4671875 0.07509765625 0.07822265625
6 0.759375 0.47578125 0.10009765625 0.0828125
6 0.66484375 0.4828125 0.0828125 0.071875
6 0.49765625 0.49140625 0.0921875 0.0765625
6 0.4015625 0.49375 0.10302734375 0.06865234375
6 0.27421875 0.5140625 0.10625 0.08427734375
6 0.171875 0.515625 0.09365234375 0.08759765625
6 0.05625 0.521875 0.09375 0.090625
6 0.7296875 0.6671875 0.09375 0.065625
6 0.47265625 0.6765625 0.0890625 0.075
6 0.63828125 0.678125 0.0890625 0.075
6 0.384375 0.68125 0.08115234375 0.06865234375
6 0.2828125 0.70546875 0.084375 0.084375
6 0.1734375 0.71171875 0.096875 0.0765625
6 0.0734375 0.72109375 0.0779296875 0.0765625