6 0.921875 0.0796875 0.05625 0.0625
6 0.9734375 0.08203125 0.04697265625 0.0484375
6 0.44140625 0.8265625 0.084375 0.0625
6 0.52421875 0.83671875 0.0859375 0.0765625
6 0.34765625 0.2015625 0.0609375 0.053125
6 0.28828125 0.2046875 0.0515625 0.05927734375
6 0.48203125 0.20546875 0.0578125 0.0609375
6 0.56875 0.21171875 0.05634765625 0.0625
6 0.63671875 0.21171875 0.071875 0.0578125
6 0.41484375 0.2125 0.0515625 0.0625
6 0.771875 0.21640625 0.06865234375 0.0671875
6 0.9078125 0.21640625 0.075 0.0671875
6 0.83671875 0.2171875 0.0671875 0.07177734375
6 0.70546875 0.2203125 0.05625 0.05625
6 0.97109375 0.22109375 0.0578125 0.0578125
6 0.05546875 0.28984375 0.0578125 0.053125
6 0.15625 0.2984375 0.0625 0.04375
6 0.22265625 0.2984375 0.065625 0.053125
6 0.290625 0.30078125 0.071875 0.05625
6 0.415625 0.3015625 0.07509765625 0.05322265625
6 0.478125 0.30546875 0.0625 0.053125
6 0.63359375 0.3078125 0.0703125 0.053125
6 0.55859375 0.3109375 0.071875 0.0625
6 0.84375 0.3125 0.0625 0.05009765625
6 0.703125 0.3140625 0.065625 0.053125
6 0.77265625 0.31484375 0.0703125 0.053125
6 0.9625 0.3171875 0.0564453125 0.071875
6 0.90390625 0.31953125 0.0625 0.0609375
6 0.31953125 0.4328125 0.0671875 0.05927734375
6 0.4265625 0.43359375 0.053125 0.05625
6 0.48828125 0.43359375 0.053125 0.04375
6 0.69609375 0.43984375 0.0546875 0.0625
6 0.56484375 0.4421875 0.0671875 0.05927734375
6 0.63671875 0.44453125 0.053125 0.0609375
6 0.83046875 0.44453125 0.053125 0.053125
6 0.76796875 0.446875 0.059375 0.05625
6 0.0640625 0.51328125 0.06572265625 0.053125
6 0.18984375 0.5140625 0.0625 0.05625
6 0.42578125 0.5140625 0.0625 0.04697265625
6 0.13125 0.51796875 0.05634765625 0.05625
6 0.24765625 0.521875 0.0625 0.05625
6 0.31484375 0.52421875 0.0625 0.0609375
6 0.5625 0.5296875 0.06865234375 0.065625
6 0.634375 0.5328125 0.05009765625 0.053125
6 0.75859375 0.53515625 0.065625 0.05625
6 0.828125 0.53515625 0.053125 0.05625
6 0.69453125 0.53984375 0.0625 0.0515625
6 0.9515625 0.540625 0.0625 0.05625
6 0.03359375 0.0578125 0.0671875 0.05927734375
6 0.16484375 0.0578125 0.0640625 0.05947265625
6 0.10078125 0.0578125 0.0578125 0.0595703125
6 0.2984375 0.0625 0.06572265625 0.05634765625
6 0.2328125 0.06640625 0.071875 0.0609375
6 0.36171875 0.6984375 0.0703125 0.059375
6 0.28984375 0.6984375 0.0703125 0.071875
6 0.59609375 0.69921875 0.071875 0.0671875
6 0.21640625 0.69921875 0.0703125 0.0625
6 0.4375 0.70546875 0.07509765625 0.065625
6 0.66796875 0.70546875 0.071875 0.0625
6 0.51328125 0.709375 0.0703125 0.075
6 0.365625 0.07109375 0.053125 0.0515625
6 0.97265625 0.71171875 0.0515625 0.0625
6 0.91015625 0.7140625 0.0703125 0.071875
6 0.8265625 0.71484375 0.07822265625 0.065625
6 0.4359375 0.071875 0.05927734375 0.053125
6 0.7859375 0.0734375 0.0625 0.065625
6 0.5 0.07421875 0.05634765625 0.053125
6 0.85546875 0.07578125 0.0671875 0.0578125
6 0.71875 0.07578125 0.06865234375 0.065625
6 0.58203125 0.07578125 0.0703125 0.0703125
6 0.65234375 0.0765625 0.065625 0.06572265625