6 0.22578125 0.6359375 0.053125 0.02177734375
6 0.61171875 0.64921875 0.0453125 0.0234375
6 0.7171875 0.68515625 0.059375 0.025
6 0.6078125 0.6859375 0.053125 0.025
6 0.4984375 0.72109375 0.04375 0.025
6 0.71640625 0.7234375 0.053125 0.02197265625
6 0.6609375 0.725 0.05927734375 0.02509765625
6 0.9546875 0.1109375 0.05927734375 0.04052734375
6 0.81875 0.1140625 0.06240234375 0.040625
6 0.75703125 0.1140625 0.0625 0.03447265625
6 0.890625 0.11640625 0.0689453125 0.0359375
6 0.2875 0.1296875 0.06259765625 0.0375
6 0.2234375 0.13203125 0.05927734375 0.0375
6 0.88203125 0.1671875 0.0875 0.03447265625
6 0.95078125 0.16796875 0.0515625 0.0390625
6 0.8140625 0.1734375 0.05625 0.03427734375
6 0.35546875 0.1828125 0.0625 0.0345703125
6 0.540625 0.1828125 0.08134765625 0.04052734375
6 0.47109375 0.18359375 0.059375 0.0359375
6 0.4125 0.18515625 0.05009765625 0.04375
6 0.28828125 0.18515625 0.0578125 0.034375
6 0.2296875 0.1859375 0.05322265625 0.03447265625
6 0.1734375 0.1859375 0.0591796875 0.0283203125
6 0.1140625 0.1875 0.05625 0.03125
6 0.015625 0.19453125 0.03125 0.0296875
6 0.53515625 0.27265625 0.04375 0.021875
6 0.07109375 0.2796875 0.0515625 0.02197265625
6 0.1859375 0.28125 0.05625 0.034375
6 0.73203125 0.31484375 0.05625 0.0234375
6 0.46640625 0.31875 0.0671875 0.02509765625
6 0.5484375 0.31953125 0.053125 0.0296875
6 0.1078125 0.32421875 0.05927734375 0.034375
6 0.1671875 0.32578125 0.0595703125 0.03125
6 0.97109375 0.40390625 0.053125 0.0296875
6 0.1609375 0.40390625 0.04697265625 0.0328125
6 0.05390625 0.40390625 0.0515625 0.0296875
6 0.3765625 0.4046875 0.05322265625 0.03447265625
6 0.21640625 0.4046875 0.053125 0.03125
6 0.1078125 0.40625 0.04697265625 0.034375
6 0.8484375 0.40625 0.0625 0.0310546875
6 0.90859375 0.40625 0.0625 0.034375
6 0.275 0.4078125 0.05009765625 0.03125
6 0.3265625 0.4078125 0.05302734375 0.03125
6 0.3234375 0.446875 0.05302734375 0.03115234375
6 0.11796875 0.4484375 0.0484375 0.03125
6 0.22265625 0.4484375 0.0515625 0.02802734375
6 0.4375 0.44921875 0.0623046875 0.0296875
6 0.16796875 0.44921875 0.0453125 0.025
6 0.27421875 0.44921875 0.053125 0.0296875
6 0.0578125 0.44921875 0.053125 0.0296875
6 0.725 0.4515625 0.05625 0.034375
6 0.66328125 0.4515625 0.0671875 0.0283203125
6 0.48828125 0.4515625 0.053125 0.02822265625
6 0.5984375 0.4515625 0.053125 0.0283203125
6 0.54921875 0.4515625 0.05625 0.02822265625
6 0.96484375 0.4546875 0.065625 0.02802734375
6 0.38203125 0.4546875 0.053125 0.034375
6 0.9046875 0.4546875 0.065625 0.025
6 0.8375 0.45546875 0.0751953125 0.0265625
6 0.228125 0.521875 0.053125 0.034375
6 0.0203125 0.52265625 0.04052734375 0.034375
6 0.38828125 0.525 0.0546875 0.034375
6 0.49296875 0.5265625 0.053125 0.034375
6 0.5453125 0.52890625 0.053125 0.034375
6 0.60078125 0.5296875 0.053125 0.0279296875
6 0.6625 0.53125 0.0625 0.034375
6 0.85 0.53359375 0.053125 0.025
6 0.91015625 0.53515625 0.065625 0.03125
6 0.96953125 0.53671875 0.0609375 0.0328125
6 0.1859375 0.5578125 0.0529296875 0.0220703125
6 0.0296875 0.55859375 0.05927734375 0.0265625
6 0.28125 0.5625 0.04990234375 0.025
6 0.3375 0.5640625 0.05009765625 0.025
6 0.4421875 0.56484375 0.053125 0.025
6 0.5484375 0.56640625 0.053125 0.0265625
6 0.490625 0.56640625 0.04375 0.021875
6 0.390625 0.56640625 0.05009765625 0.0265625
6 0.6046875 0.57109375 0.0529296875 0.0265625
6 0.66015625 0.571875 0.053125 0.01884765625
6 0.78359375 0.5734375 0.0578125 0.03125
6 0.8453125 0.5734375 0.05625 0.021875
6 0.96640625 0.5765625 0.0609375 0.028125
6 0.90625 0.58046875 0.0625 0.0265625