6 0.3453125 0.78125 0.103125 0.06865234375
6 0.15390625 0.89921875 0.1015625 0.0671875
6 0.05546875 0.89921875 0.1015625 0.0609375
6 0.3546875 0.9046875 0.103125 0.07822265625
6 0.13125 0.16015625 0.0814453125 0.065625
6 0.53515625 0.16328125 0.0984375 0.096875
6 0.22734375 0.16484375 0.0921875 0.071875
6 0.671875 0.1671875 0.09990234375 0.07822265625
6 0.3296875 0.16796875 0.09677734375 0.0765625
6 0.040625 0.16953125 0.08125 0.0765625
6 0.92578125 0.17578125 0.096875 0.0875
6 0.81953125 0.18125 0.115625 0.09375
6 0.353125 0.0203125 0.09384765625 0.040625
6 0.2171875 0.02421875 0.11552734375 0.04375
6 0.12109375 0.025 0.0890625 0.04375
6 0.0359375 0.02890625 0.071875 0.0578125
6 0.1578125 0.3953125 0.09697265625 0.04375
6 0.81953125 0.4234375 0.0828125 0.07822265625
6 0.59609375 0.42421875 0.115625 0.0890625
6 0.9359375 0.42578125 0.10625 0.096875
6 0.7125 0.4265625 0.103125 0.084375
6 0.48828125 0.43046875 0.1140625 0.0859375
6 0.8109375 0.5671875 0.09052734375 0.08427734375
6 0.91953125 0.56875 0.1078125 0.09375
6 0.696875 0.57109375 0.1001953125 0.0796875
6 0.36796875 0.571875 0.115625 0.06865234375
6 0.48828125 0.5734375 0.096875 0.075
6 0.59375 0.57421875 0.0935546875 0.0765625
6 0.10703125 0.57578125 0.1078125 0.075
6 0.1421875 0.77421875 0.10302734375 0.0578125
6 0.0421875 0.775 0.071875 0.05625
6 0.24296875 0.77734375 0.0921875 0.0625