6 0.765625 0.10546875 0.0689453125 0.025
6 0.6734375 0.1109375 0.0625 0.0216796875
6 0.553125 0.11328125 0.08134765625 0.025
6 0.4515625 0.11640625 0.07802734375 0.0265625
6 0.34140625 0.11796875 0.0671875 0.021875
6 0.79296875 0.02890625 0.0796875 0.0234375
6 0.8953125 0.0296875 0.07822265625 0.03427734375
6 0.5640625 0.0328125 0.084375 0.021875
6 0.66796875 0.0328125 0.0921875 0.02822265625
6 0.4546875 0.03359375 0.096875 0.025
6 0.359375 0.0359375 0.0689453125 0.0216796875
6 0.2296875 0.040625 0.07177734375 0.025
6 0.1296875 0.040625 0.0875 0.025
6 0.040625 0.04296875 0.0625 0.0203125