6 0.6546875 0.78125 0.103125 0.0685546875
6 0.84609375 0.89921875 0.1015625 0.0671875
6 0.94453125 0.89921875 0.1015625 0.0609375
6 0.6453125 0.9046875 0.103125 0.07822265625
6 0.86875 0.16015625 0.0814453125 0.065625
6 0.46484375 0.16328125 0.0984375 0.096875
6 0.77265625 0.16484375 0.090625 0.071875
6 0.328125 0.1671875 0.09990234375 0.07822265625
6 0.6703125 0.16796875 0.096875 0.0765625
6 0.9578125 0.1703125 0.07822265625 0.08427734375
6 0.07421875 0.17578125 0.096875 0.0875
6 0.18046875 0.18125 0.115625 0.09375
6 0.646875 0.0203125 0.096875 0.040625
6 0.7828125 0.02421875 0.11552734375 0.04375
6 0.87890625 0.025 0.0890625 0.04375
6 0.96171875 0.0296875 0.0703125 0.059375
6 0.8421875 0.3953125 0.0970703125 0.04375
6 0.18046875 0.4234375 0.0828125 0.07822265625
6 0.40390625 0.42421875 0.115625 0.0890625
6 0.0640625 0.42578125 0.10625 0.096875
6 0.2875 0.4265625 0.103125 0.084375
6 0.51171875 0.43046875 0.1140625 0.0859375
6 0.1890625 0.5671875 0.09052734375 0.08427734375
6 0.08046875 0.56875 0.1078125 0.09375
6 0.303125 0.57109375 0.10009765625 0.0796875
6 0.63203125 0.571875 0.115625 0.0685546875
6 0.51171875 0.5734375 0.096875 0.075
6 0.40625 0.57421875 0.09365234375 0.0765625
6 0.89296875 0.57578125 0.1078125 0.075
6 0.8578125 0.77421875 0.1029296875 0.0578125
6 0.9578125 0.775 0.071875 0.05625
6 0.75703125 0.77734375 0.090625 0.0625