6 0.053125 0.81015625 0.071875 0.0515625
6 0.5296875 0.83046875 0.0591796875 0.040625
6 0.32109375 0.8328125 0.0609375 0.05302734375
6 0.1421875 0.83671875 0.075 0.040625
6 0.70546875 0.0875 0.05625 0.05625
6 0.82421875 0.0890625 0.0609375 0.053125
6 0.5296875 0.08984375 0.05625 0.0578125
6 0.46875 0.09140625 0.0625 0.053125
6 0.59375 0.09140625 0.0685546875 0.0453125
6 0.34140625 0.09375 0.053125 0.0564453125
6 0.275 0.0953125 0.0685546875 0.0591796875
6 0.13125 0.10078125 0.05634765625 0.0546875
6 0.19375 0.10234375 0.0625 0.065625
6 0.05859375 0.10546875 0.0625 0.0578125
6 0.8390625 0.209375 0.053125 0.03134765625
6 0.34375 0.225 0.0564453125 0.0439453125
6 0.5046875 0.225 0.05927734375 0.05009765625
6 0.2859375 0.22734375 0.05927734375 0.0484375
6 0.4421875 0.228125 0.05927734375 0.05625
6 0.203125 0.234375 0.06240234375 0.05625
6 0.06953125 0.234375 0.05625 0.05634765625
6 0.1296875 0.23828125 0.04677734375 0.0484375
6 0.9 0.28984375 0.065625 0.0453125
6 0.8390625 0.29296875 0.05625 0.04375
6 0.7453125 0.29453125 0.04052734375 0.0484375
6 0.62265625 0.30859375 0.065625 0.04375
6 0.68984375 0.3109375 0.0578125 0.05302734375
6 0.5625 0.3140625 0.06240234375 0.04677734375
6 0.34609375 0.3140625 0.053125 0.04375
6 0.44453125 0.3171875 0.05625 0.0529296875
6 0.5046875 0.3171875 0.0533203125 0.0470703125
6 0.21484375 0.31953125 0.0578125 0.0515625
6 0.08203125 0.32109375 0.0578125 0.0484375
6 0.140625 0.3265625 0.06865234375 0.053125
6 0.02265625 0.328125 0.0453125 0.04990234375
6 0.68984375 0.4234375 0.05625 0.0470703125
6 0.75390625 0.428125 0.05625 0.04990234375
6 0.125 0.46484375 0.0625 0.0515625
6 0.0578125 0.47109375 0.065625 0.05625
6 0.50625 0.47265625 0.065625 0.053125
6 0.4390625 0.47265625 0.05927734375 0.0484375
6 0.375 0.475 0.06884765625 0.04375
6 0.23203125 0.475 0.0671875 0.05009765625
6 0.3015625 0.478125 0.07177734375 0.04990234375
6 0.9484375 0.5015625 0.05927734375 0.04375
6 0.81015625 0.5015625 0.05625 0.053125
6 0.265625 0.5765625 0.0685546875 0.0470703125
6 0.196875 0.58046875 0.071875 0.0484375
6 0.92578125 0.615625 0.05625 0.03759765625
6 0.86796875 0.61875 0.0625 0.040625
6 0.68984375 0.68359375 0.0625 0.065625
6 0.3171875 0.68515625 0.09072265625 0.0671875
6 0.38828125 0.6859375 0.0453125 0.065625
6 0.8640625 0.6859375 0.053125 0.04677734375
6 0.609375 0.6890625 0.06884765625 0.053125
6 0.51953125 0.6890625 0.0671875 0.04697265625
6 0.9265625 0.69375 0.065625 0.04990234375