6 0.1828125 0.9234375 0.07802734375 0.053125
6 0.0328125 0.9234375 0.065625 0.053125
6 0.27421875 0.92578125 0.075 0.0578125
6 0.34609375 0.92578125 0.0625 0.04375
6 0.4375 0.928125 0.08134765625 0.04990234375
6 0.51796875 0.9359375 0.0765625 0.04697265625
6 0.63671875 0.946875 0.071875 0.04990234375
6 0.81875 0.953125 0.075 0.04384765625
6 0.72578125 0.95703125 0.071875 0.0390625
6 0.90234375 0.96171875 0.0671875 0.053125
6 0.12734375 0.18359375 0.1015625 0.0578125
6 0.228125 0.18359375 0.10634765625 0.0609375
6 0.34375 0.1875 0.10625 0.0625
6 0.44375 0.1890625 0.10634765625 0.05947265625
6 0.5484375 0.19375 0.0875 0.0625
6 0.6765625 0.1984375 0.11552734375 0.08427734375
6 0.93984375 0.21640625 0.115625 0.084375
6 0.88828125 0.02265625 0.103125 0.040625
6 0.56953125 0.02890625 0.090625 0.0578125
6 0.1046875 0.0328125 0.07822265625 0.065625
6 0.328125 0.0328125 0.08759765625 0.04697265625
6 0.4375 0.0359375 0.10009765625 0.05322265625
6 0.2140625 0.03828125 0.0908203125 0.0671875
6 0.69609375 0.40859375 0.090625 0.0625
6 0.78984375 0.41484375 0.0796875 0.0546875
6 0.88671875 0.4171875 0.096875 0.05302734375
6 0.97578125 0.41796875 0.04375 0.0578125
6 0.7796875 0.5265625 0.09375 0.0625
6 0.8703125 0.5296875 0.0908203125 0.0625
6 0.9640625 0.5328125 0.0658203125 0.059375
6 0.67578125 0.53359375 0.0921875 0.0578125
6 0.1703125 0.65 0.08427734375 0.03740234375
6 0.08671875 0.65234375 0.0875 0.040625
6 0.25703125 0.6578125 0.0765625 0.03447265625
6 0.665625 0.6765625 0.071875 0.040625
6 0.8578125 0.68515625 0.0875 0.0390625
6 0.7671875 0.69140625 0.0591796875 0.04375
6 0.3578125 0.74296875 0.071875 0.0390625
6 0.265625 0.74765625 0.075 0.0453125
6 0.1859375 0.75 0.06572265625 0.04990234375
6 0.09609375 0.75234375 0.071875 0.0453125
6 0.43515625 0.7609375 0.071875 0.04677734375