6 0.8171875 0.9234375 0.07802734375 0.053125
6 0.9671875 0.9234375 0.065625 0.053125
6 0.72578125 0.92578125 0.075 0.0578125
6 0.65390625 0.92578125 0.0625 0.04375
6 0.5625 0.928125 0.08134765625 0.04990234375
6 0.48203125 0.9359375 0.0765625 0.04697265625
6 0.36328125 0.946875 0.071875 0.04990234375
6 0.18125 0.953125 0.075 0.0439453125
6 0.27421875 0.95703125 0.071875 0.0390625
6 0.09765625 0.96171875 0.0671875 0.053125
6 0.87265625 0.18359375 0.1015625 0.0578125
6 0.771875 0.18359375 0.11240234375 0.0609375
6 0.65625 0.1875 0.10625 0.0625
6 0.55625 0.1890625 0.10634765625 0.05947265625
6 0.4515625 0.19375 0.09052734375 0.0625
6 0.3234375 0.1984375 0.1154296875 0.0841796875
6 0.06015625 0.21640625 0.115625 0.084375
6 0.11171875 0.02265625 0.103125 0.040625
6 0.43046875 0.02890625 0.0921875 0.0578125
6 0.8953125 0.0328125 0.07822265625 0.065625
6 0.671875 0.0328125 0.08759765625 0.04697265625
6 0.5625 0.0359375 0.10009765625 0.05322265625
6 0.7859375 0.03828125 0.09072265625 0.0671875
6 0.30390625 0.40859375 0.0921875 0.0625
6 0.21015625 0.41484375 0.0796875 0.0546875
6 0.11328125 0.4171875 0.096875 0.05302734375
6 0.02265625 0.41796875 0.0453125 0.0578125
6 0.2203125 0.5265625 0.09375 0.0625
6 0.1296875 0.5296875 0.09072265625 0.0625
6 0.03515625 0.53125 0.0703125 0.0564453125
6 0.32421875 0.53359375 0.0921875 0.0578125
6 0.8296875 0.65 0.084375 0.03740234375
6 0.91328125 0.65234375 0.0875 0.040625
6 0.74296875 0.6578125 0.0765625 0.0345703125
6 0.334375 0.6765625 0.071875 0.040625
6 0.1421875 0.68515625 0.0875 0.0390625
6 0.2328125 0.69140625 0.05927734375 0.04375
6 0.6421875 0.74296875 0.071875 0.0390625
6 0.734375 0.74765625 0.075 0.0453125
6 0.8140625 0.75 0.06572265625 0.04990234375
6 0.90390625 0.75234375 0.071875 0.0453125
6 0.56484375 0.7609375 0.071875 0.0466796875