6 0.071875 0.89921875 0.13115234375 0.071875
6 0.8078125 0.22109375 0.1466796875 0.0875
6 0.6625 0.22265625 0.15009765625 0.0875
6 0.5171875 0.22265625 0.15322265625 0.084375
6 0.38359375 0.2234375 0.1375 0.084375
6 0.940625 0.225 0.11875 0.096875
6 0.0953125 0.2296875 0.1341796875 0.0783203125
6 0.23203125 0.2296875 0.15625 0.09052734375
6 0.22265625 0.04296875 0.165625 0.0828125
6 0.36640625 0.04453125 0.134375 0.084375
6 0.82578125 0.4484375 0.1390625 0.0783203125
6 0.69609375 0.45078125 0.1453125 0.0890625
6 0.0671875 0.053125 0.134375 0.090625
6 0.9484375 0.57578125 0.0970703125 0.075
6 0.8078125 0.58671875 0.125 0.0625
6 0.2875 0.5921875 0.12490234375 0.07177734375
6 0.68515625 0.59375 0.1421875 0.06865234375
6 0.55625 0.59765625 0.13134765625 0.0796875
6 0.41796875 0.59765625 0.134375 0.071875
6 0.14921875 0.60078125 0.134375 0.071875