6 0.41015625 0.62734375 0.065625 0.0359375
6 0.34765625 0.62890625 0.065625 0.0359375
6 0.28359375 0.62890625 0.0625 0.0359375
6 0.20703125 0.63671875 0.0703125 0.0390625
6 0.5875 0.6421875 0.075 0.034375
6 0.828125 0.65859375 0.075 0.0390625
6 0.65 0.7234375 0.08759765625 0.04052734375
6 0.17578125 0.790625 0.071875 0.028125
6 0.25234375 0.790625 0.0765625 0.034375
6 0.0984375 0.79296875 0.075 0.034375
6 0.31953125 0.79453125 0.071875 0.0359375
6 0.4828125 0.796875 0.07802734375 0.04384765625
6 0.56015625 0.7984375 0.0828125 0.04052734375
6 0.17890625 0.859375 0.065625 0.040625
6 0.1046875 0.8640625 0.07802734375 0.04375
6 0.9265625 0.865625 0.07802734375 0.03759765625
6 0.24765625 0.86640625 0.071875 0.0390625
6 0.8578125 0.86640625 0.08427734375 0.0453125
6 0.78359375 0.86796875 0.071875 0.04375
6 0.32109375 0.86796875 0.075 0.0390625
6 0.396875 0.8703125 0.075 0.0470703125
6 0.48203125 0.87109375 0.0875 0.0453125
6 0.55546875 0.87265625 0.0703125 0.0390625
6 0.71171875 0.8734375 0.071875 0.040625
6 0.634375 0.8765625 0.08134765625 0.040625
6 0.12109375 0.16484375 0.0921875 0.04375
6 0.78828125 0.1671875 0.0859375 0.04375
6 0.040625 0.1671875 0.08125 0.04375
6 0.8734375 0.16796875 0.07822265625 0.0390625
6 0.95859375 0.1671875 0.0828125 0.0375
6 0.21015625 0.1703125 0.0890625 0.04375
6 0.52890625 0.19140625 0.0671875 0.03125
6 0.678125 0.19140625 0.0625 0.040625
6 0.30390625 0.19375 0.09375 0.0439453125
6 0.603125 0.19375 0.0625 0.03759765625
6 0.44921875 0.20703125 0.0625 0.0390625
6 0.3796875 0.20703125 0.06572265625 0.0390625
6 0.19375 0.0265625 0.0876953125 0.0529296875
6 0.87265625 0.26328125 0.0828125 0.040625
6 0.95703125 0.2671875 0.0828125 0.04697265625
6 0.7859375 0.26796875 0.084375 0.040625
6 0.040625 0.2703125 0.08125 0.040625
6 0.1265625 0.2703125 0.07822265625 0.04697265625
6 0.21171875 0.2703125 0.0890625 0.03447265625
6 0.67890625 0.27421875 0.0671875 0.0390625
6 0.52890625 0.27890625 0.0796875 0.0328125
6 0.603125 0.2796875 0.0685546875 0.0341796875
6 0.38359375 0.28359375 0.071875 0.0328125
6 0.45546875 0.2875 0.0703125 0.040625
6 0.37109375 0.03984375 0.09375 0.0515625
6 0.53359375 0.39296875 0.0765625 0.0359375
6 0.0953125 0.39453125 0.084375 0.0390625
6 0.6140625 0.396875 0.07822265625 0.034375
6 0.16953125 0.396875 0.084375 0.04375
6 0.4625 0.396875 0.0810546875 0.04375
6 0.3921875 0.396875 0.07802734375 0.04375
6 0.78984375 0.39921875 0.0703125 0.0390625
6 0.2390625 0.39921875 0.0783203125 0.0390625
6 0.53828125 0.4734375 0.0765625 0.03447265625
6 0.9203125 0.4734375 0.0779296875 0.0404296875
6 0.32578125 0.475 0.071875 0.040625
6 0.17421875 0.475 0.0703125 0.04375
6 0.84375 0.47578125 0.07509765625 0.04375
6 0.4625 0.47578125 0.07509765625 0.0484375
6 0.24375 0.47734375 0.084375 0.040625
6 0.6078125 0.47734375 0.0716796875 0.034375
6 0.39453125 0.478125 0.071875 0.04384765625
6 0.11328125 0.053125 0.084375 0.04375
6 0.03515625 0.05859375 0.065625 0.0359375
6 0.82578125 0.59140625 0.075 0.028125
6 0.90625 0.5921875 0.07509765625 0.028125
6 0.5921875 0.06015625 0.084375 0.0390625
6 0.47109375 0.6234375 0.0671875 0.034375