6 0.078125 0.0796875 0.05625 0.0625
6 0.025 0.08046875 0.05 0.0453125
6 0.55859375 0.8265625 0.084375 0.0625
6 0.47578125 0.83671875 0.0875 0.0765625
6 0.65234375 0.2015625 0.0609375 0.053125
6 0.71171875 0.2046875 0.0515625 0.0591796875
6 0.51796875 0.20546875 0.0578125 0.0609375
6 0.43125 0.21171875 0.05634765625 0.0625
6 0.36328125 0.21171875 0.071875 0.0578125
6 0.58515625 0.2125 0.0515625 0.0625
6 0.228125 0.21640625 0.06865234375 0.0671875
6 0.0921875 0.21640625 0.075 0.0671875
6 0.16328125 0.2171875 0.0671875 0.07177734375
6 0.29453125 0.2203125 0.0546875 0.05625
6 0.02890625 0.22109375 0.0578125 0.0578125
6 0.94453125 0.28984375 0.0578125 0.053125
6 0.84375 0.2984375 0.0625 0.04375
6 0.77734375 0.2984375 0.065625 0.053125
6 0.709375 0.30078125 0.071875 0.05625
6 0.584375 0.3015625 0.07509765625 0.05322265625
6 0.521875 0.30546875 0.0625 0.053125
6 0.36640625 0.3078125 0.0703125 0.053125
6 0.44140625 0.3109375 0.071875 0.0625
6 0.15625 0.3125 0.0625 0.05009765625
6 0.296875 0.3140625 0.065625 0.053125
6 0.22734375 0.31484375 0.0703125 0.053125
6 0.0375 0.3171875 0.05634765625 0.071875
6 0.09609375 0.31953125 0.0625 0.0609375
6 0.68046875 0.4328125 0.0671875 0.05927734375
6 0.5734375 0.43359375 0.053125 0.05625
6 0.51171875 0.43359375 0.053125 0.04375
6 0.30390625 0.43984375 0.0546875 0.0625
6 0.43515625 0.4421875 0.0671875 0.05927734375
6 0.36328125 0.44453125 0.053125 0.0609375
6 0.16953125 0.44453125 0.053125 0.053125
6 0.23203125 0.446875 0.0609375 0.05625
6 0.9359375 0.51328125 0.06572265625 0.053125
6 0.81015625 0.5140625 0.0625 0.05625
6 0.57421875 0.5140625 0.0625 0.04697265625
6 0.86875 0.51796875 0.05634765625 0.05625
6 0.75234375 0.521875 0.0625 0.05625
6 0.68515625 0.52421875 0.0625 0.0609375
6 0.4375 0.5296875 0.06865234375 0.065625
6 0.365625 0.5328125 0.05009765625 0.053125
6 0.24140625 0.53515625 0.065625 0.05625
6 0.171875 0.53515625 0.053125 0.05625
6 0.30546875 0.53984375 0.0609375 0.0515625
6 0.0484375 0.540625 0.0625 0.05625
6 0.96640625 0.0578125 0.0671875 0.05927734375
6 0.83515625 0.0578125 0.065625 0.0595703125
6 0.89921875 0.0578125 0.0578125 0.05947265625
6 0.7015625 0.0625 0.06572265625 0.05634765625
6 0.7671875 0.06640625 0.07177734375 0.0609375
6 0.63828125 0.6984375 0.0703125 0.059375
6 0.71015625 0.6984375 0.0703125 0.071875
6 0.40390625 0.69921875 0.071875 0.0671875
6 0.78359375 0.69921875 0.0703125 0.0625
6 0.5625 0.70546875 0.0751953125 0.065625
6 0.33203125 0.70546875 0.071875 0.0625
6 0.48671875 0.709375 0.0703125 0.075
6 0.634375 0.07109375 0.053125 0.0515625
6 0.0265625 0.71171875 0.053125 0.059375
6 0.08984375 0.7140625 0.0703125 0.071875
6 0.1734375 0.71484375 0.07822265625 0.065625
6 0.5640625 0.071875 0.0591796875 0.053125
6 0.2140625 0.0734375 0.0625 0.065625
6 0.5 0.07421875 0.05634765625 0.053125
6 0.14453125 0.07578125 0.0671875 0.0578125
6 0.28125 0.07578125 0.06865234375 0.065625
6 0.41796875 0.07578125 0.0703125 0.0703125
6 0.34765625 0.0765625 0.065625 0.06572265625