6 0.478125 0.64921875 0.06865234375 0.034375
6 0.41484375 0.64921875 0.0609375 0.0390625
6 0.3484375 0.65 0.0625 0.03740234375
6 0.28515625 0.65390625 0.0609375 0.0390625
6 0.59765625 0.66015625 0.065625 0.0359375
6 0.20703125 0.665625 0.0703125 0.04375
6 0.9109375 0.6703125 0.08427734375 0.04052734375
6 0.76328125 0.6875 0.0796875 0.04375
6 0.11640625 0.07109375 0.0828125 0.0453125
6 0.67578125 0.74140625 0.0875 0.040625
6 0.0515625 0.0796875 0.0625 0.0404296875
6 0.50390625 0.81875 0.084375 0.04384765625
6 0.584375 0.82109375 0.0875 0.04375
6 0.4234375 0.82109375 0.0845703125 0.0453125
6 0.33515625 0.8234375 0.075 0.04375
6 0.18125 0.828125 0.084375 0.034375
6 0.259375 0.828125 0.07509765625 0.040625
6 0.103125 0.8328125 0.08115234375 0.03447265625
6 0.953125 0.8765625 0.0810546875 0.0345703125
6 0.88125 0.88125 0.065625 0.040625
6 0.8109375 0.884375 0.071875 0.03759765625
6 0.60546875 0.0890625 0.0828125 0.034375
6 0.7390625 0.89296875 0.09375 0.04375
6 0.58671875 0.8953125 0.0828125 0.04375
6 0.66328125 0.89765625 0.0765625 0.0359375
6 0.2640625 0.9 0.0875 0.04384765625
6 0.50859375 0.9015625 0.084375 0.04375
6 0.4234375 0.90234375 0.0845703125 0.0453125
6 0.3421875 0.90234375 0.0783203125 0.040625
6 0.18359375 0.90234375 0.0796875 0.040625
6 0.10703125 0.90625 0.0828125 0.04990234375
6 0.96171875 0.09609375 0.075 0.04375
6 0.5015625 0.09765625 0.075 0.034375
6 0.84375 0.10234375 0.071875 0.03125
6 0.0515625 0.18125 0.0904296875 0.040625
6 0.14296875 0.18515625 0.0890625 0.04375
6 0.228125 0.1890625 0.0875 0.040625
6 0.95703125 0.19609375 0.0765625 0.0328125
6 0.8734375 0.196875 0.0841796875 0.0376953125
6 0.31875 0.21171875 0.084375 0.0328125
6 0.75703125 0.2140625 0.0765625 0.034375
6 0.540625 0.21640625 0.071875 0.034375
6 0.6890625 0.2171875 0.075 0.04052734375
6 0.61640625 0.21875 0.075 0.04375
6 0.459375 0.22578125 0.071875 0.0390625
6 0.390625 0.22578125 0.065625 0.0296875
6 0.9546875 0.28359375 0.0875 0.0390625
6 0.875 0.28359375 0.0875 0.0390625
6 0.05390625 0.28515625 0.084375 0.0390625
6 0.146875 0.2859375 0.0875 0.0404296875
6 0.78828125 0.2859375 0.0828125 0.04052734375
6 0.234375 0.2859375 0.084375 0.034375
6 0.6875 0.2984375 0.07509765625 0.03427734375
6 0.54296875 0.29921875 0.0765625 0.0296875
6 0.6140625 0.29921875 0.07177734375 0.0359375
6 0.39453125 0.30625 0.0703125 0.0251953125
6 0.46640625 0.30859375 0.071875 0.034375
6 0.6234375 0.41328125 0.07802734375 0.0390625
6 0.40625 0.41328125 0.071875 0.0390625
6 0.5453125 0.41484375 0.0779296875 0.04375
6 0.1765625 0.41484375 0.07822265625 0.040625
6 0.78125 0.41484375 0.07509765625 0.040625
6 0.4734375 0.415625 0.075 0.04375
6 0.3296875 0.415625 0.075 0.04375
6 0.0984375 0.415625 0.0875 0.03759765625
6 0.2515625 0.4171875 0.0783203125 0.04375
6 0.21875 0.046875 0.08134765625 0.04384765625
6 0.303125 0.0484375 0.0873046875 0.0404296875
6 0.78125 0.4828125 0.06865234375 0.034375
6 0.6234375 0.490625 0.07822265625 0.040625
6 0.853125 0.490625 0.07509765625 0.03759765625
6 0.69375 0.490625 0.08115234375 0.03759765625
6 0.5484375 0.49375 0.07802734375 0.040625
6 0.33515625 0.4953125 0.0703125 0.04052734375
6 0.4046875 0.4953125 0.065625 0.0470703125
6 0.475 0.49609375 0.071875 0.040625
6 0.25703125 0.49609375 0.0765625 0.040625
6 0.18046875 0.49609375 0.0765625 0.040625
6 0.915625 0.6046875 0.08134765625 0.03447265625
6 0.38828125 0.0625 0.084375 0.04990234375