6 0.16953125 0.96875 0.0890625 0.04375
6 0.0421875 0.2046875 0.08427734375 0.05927734375
6 0.1609375 0.2078125 0.090625 0.0595703125
6 0.2765625 0.22109375 0.10625 0.0625
6 0.62890625 0.22109375 0.084375 0.0625
6 0.4015625 0.22265625 0.0908203125 0.0609375
6 0.51171875 0.2234375 0.096875 0.0658203125
6 0.1515625 0.39921875 0.09072265625 0.0390625
6 0.0453125 0.40390625 0.090625 0.0484375
6 0.52265625 0.41015625 0.0890625 0.053125
6 0.3953125 0.41328125 0.09375 0.0484375
6 0.2671875 0.41328125 0.10302734375 0.0484375
6 0.640625 0.415625 0.09375 0.053125
6 0.14453125 0.5140625 0.0828125 0.04375
6 0.03828125 0.5171875 0.0765625 0.04375
6 0.38828125 0.5328125 0.09375 0.040625
6 0.62734375 0.53515625 0.10625 0.05625
6 0.2640625 0.5359375 0.10625 0.053125
6 0.96640625 0.5375 0.0671875 0.04990234375
6 0.74140625 0.53984375 0.0984375 0.0515625
6 0.51328125 0.540625 0.1109375 0.053125
6 0.93515625 0.696875 0.1109375 0.053125
6 0.72578125 0.6984375 0.090625 0.03447265625
6 0.83515625 0.7015625 0.0703125 0.04375
6 0.48671875 0.703125 0.0984375 0.040625
6 0.25234375 0.703125 0.0921875 0.04384765625
6 0.60078125 0.70546875 0.1109375 0.0453125
6 0.1265625 0.70703125 0.0970703125 0.04375
6 0.36796875 0.70703125 0.0890625 0.0484375
6 0.04296875 0.07265625 0.0859375 0.0515625
6 0.1625 0.078125 0.0876953125 0.05625
6 0.71171875 0.8109375 0.096875 0.05625
6 0.93515625 0.81484375 0.0875 0.0484375
6 0.83046875 0.81484375 0.0796875 0.0484375
6 0.24765625 0.81640625 0.1015625 0.0515625
6 0.271875 0.08203125 0.09375 0.0671875
6 0.37109375 0.81875 0.1015625 0.05625
6 0.6046875 0.81953125 0.09375 0.053125
6 0.48671875 0.81953125 0.1078125 0.053125
6 0.13828125 0.82109375 0.090625 0.0453125
6 0.396875 0.09140625 0.10009765625 0.0625
6 0.52265625 0.09140625 0.1015625 0.0671875
6 0.63125 0.0953125 0.084375 0.0595703125