19 0.71796875 0.3359375 0.328125 0.165625
19 0.47421875 0.3453125 0.2 0.20322265625
19 0.2703125 0.37890625 0.23427734375 0.159375
19 0.48203125 0.5328125 0.175 0.2125
19 0.31328125 0.55 0.178125 0.19365234375
19 0.15390625 0.57578125 0.1859375 0.1640625
19 0.50625 0.80703125 0.184375 0.2671875
19 0.33984375 0.8296875 0.1765625 0.24052734375
19 0.15 0.846875 0.19990234375 0.26240234375
19 0.49140625 0.10234375 0.2734375 0.2046875
19 0.2203125 0.11171875 0.2404296875 0.2234375
19 0.78828125 0.11484375 0.375 0.184375