62 0.57265625 0.3375 0.15 0.13134765625
62 0.4546875 0.37109375 0.096875 0.1359375
62 0.71171875 0.378125 0.178125 0.11240234375
62 0.89375 0.40390625 0.1876953125 0.134375
62 0.1765625 0.4171875 0.0966796875 0.10625
62 0.38828125 0.42109375 0.1 0.1046875
62 0.27265625 0.44453125 0.10625 0.103125
62 0.60703125 0.5046875 0.0828125 0.11572265625
62 0.68828125 0.525 0.1046875 0.146875
62 0.471875 0.5359375 0.11240234375 0.11572265625
62 0.74453125 0.621875 0.128125 0.16240234375
62 0.5671875 0.63125 0.0841796875 0.1310546875
62 0.64453125 0.66328125 0.096875 0.1546875
62 0.9546875 0.71484375 0.090625 0.16875
62 0.0859375 0.07421875 0.0875 0.0484375
62 0.2671875 0.0875 0.08427734375 0.059375
62 0.5328125 0.103125 0.175 0.11865234375
62 0.409375 0.1125 0.084375 0.06240234375
62 0.71015625 0.128125 0.1921875 0.11884765625
62 0.16796875 0.2359375 0.1109375 0.09052734375
62 0.2828125 0.26171875 0.13125 0.1
62 0.71015625 0.2796875 0.171875 0.1154296875