33 0.19765625 0.3765625 0.09375 0.17802734375
33 0.275 0.39140625 0.0814453125 0.20625
33 0.3546875 0.3921875 0.0845703125 0.2029296875
33 0.52265625 0.4109375 0.0921875 0.1908203125
33 0.8828125 0.465625 0.09677734375 0.23740234375
33 0.3765625 0.60390625 0.0845703125 0.1640625
33 0.540625 0.63359375 0.134375 0.1984375
33 0.775 0.7 0.15 0.203125
33 0.9234375 0.7125 0.14072265625 0.2125
33 0.34375 0.778125 0.10634765625 0.153125
33 0.54140625 0.825 0.1140625 0.153125
33 0.7484375 0.89296875 0.12822265625 0.203125
33 0.08984375 0.12890625 0.0953125 0.184375
33 0.37265625 0.140625 0.0984375 0.2123046875
33 0.290625 0.15078125 0.10625 0.20625