137 0.0984375 0.2375 0.159375 0.06884765625
137 0.22578125 0.24609375 0.1421875 0.0484375
137 0.3546875 0.25 0.159375 0.046875
137 0.228125 0.2890625 0.1189453125 0.046875
137 0.35 0.290625 0.1125 0.0375
79 0.359375 0.3375 0.203125 0.03759765625
137 0.46875 0.3921875 0.20625 0.0625
79 0.24140625 0.3921875 0.2234375 0.06875
76 0.90546875 0.40859375 0.1140625 0.1140625
68 0.46796875 0.47890625 0.2078125 0.06875
135 0.496875 0.56796875 0.1875 0.0671875
89 0.08984375 0.60859375 0.1578125 0.0609375
137 0.80859375 0.76171875 0.1546875 0.1171875