36 0.31640625 0.3453125 0.1296875 0.109375
36 0.67890625 0.35234375 0.1015625 0.090625
36 0.175 0.35234375 0.1560546875 0.0890625
36 0.88671875 0.35390625 0.1015625 0.0875
36 0.45234375 0.3546875 0.128125 0.1125
36 0.57265625 0.359375 0.121875 0.10634765625
36 0.78203125 0.36171875 0.096875 0.0859375
36 0.85 0.459375 0.08759765625 0.06884765625
36 0.7578125 0.4671875 0.10927734375 0.07177734375
36 0.64921875 0.47578125 0.10625 0.0765625
36 0.3203125 0.478125 0.11875 0.1125
36 0.44765625 0.4796875 0.1375 0.07822265625
36 0.17265625 0.4890625 0.15 0.0875
36 0.64921875 0.56328125 0.0921875 0.10625
36 0.54921875 0.56640625 0.115625 0.0984375
36 0.4359375 0.5734375 0.11552734375 0.09375
36 0.3203125 0.5796875 0.12197265625 0.09677734375
36 0.18828125 0.59140625 0.153125 0.0890625
36 0.70625 0.65078125 0.140625 0.0953125
36 0.4890625 0.6734375 0.115625 0.096875
36 0.35546875 0.6890625 0.153125 0.103125
36 0.1859375 0.7078125 0.17802734375 0.09677734375
36 0.175 0.21328125 0.16240234375 0.1140625
36 0.32890625 0.2265625 0.1453125 0.10947265625
36 0.46328125 0.2359375 0.128125 0.10322265625
36 0.5828125 0.24375 0.134375 0.10625
36 0.80390625 0.246875 0.09375 0.0998046875
36 0.703125 0.24765625 0.10625 0.0875
36 0.90390625 0.25859375 0.109375 0.0859375