33 0.85703125 0.33515625 0.0640625 0.1171875
33 0.66328125 0.33671875 0.0703125 0.10625
33 0.10703125 0.33984375 0.059375 0.096875
33 0.32734375 0.3421875 0.0609375 0.10302734375
33 0.0921875 0.4546875 0.05625 0.08427734375
33 0.27578125 0.46015625 0.046875 0.0984375
33 0.38046875 0.465625 0.0546875 0.08759765625
33 0.48046875 0.471875 0.0421875 0.10009765625
33 0.5265625 0.47265625 0.05 0.1015625
33 0.6203125 0.4796875 0.053125 0.103125
33 0.57421875 0.48046875 0.053125 0.1015625
33 0.82109375 0.48359375 0.0640625 0.1171875
33 0.67109375 0.49296875 0.0578125 0.1328125
33 0.05859375 0.54765625 0.0625 0.0859375
33 0.121875 0.55703125 0.04375 0.084375
33 0.24296875 0.56484375 0.0640625 0.09375
33 0.315625 0.57421875 0.05625 0.1
33 0.37265625 0.5828125 0.0515625 0.0779296875
33 0.4875 0.6015625 0.05 0.1095703125
33 0.56875 0.60390625 0.065625 0.1046875
33 0.52578125 0.60546875 0.059375 0.090625
33 0.65390625 0.6171875 0.0625 0.1154296875
33 0.82265625 0.62421875 0.0609375 0.121875
33 0.88515625 0.628125 0.0734375 0.13115234375
33 0.0828125 0.64296875 0.06572265625 0.09375
33 0.14140625 0.66171875 0.0515625 0.078125
33 0.26484375 0.67890625 0.065625 0.1015625
33 0.40078125 0.71015625 0.0515625 0.09375
33 0.5265625 0.7234375 0.05927734375 0.109375
33 0.59296875 0.734375 0.0703125 0.125
33 0.66484375 0.75078125 0.0859375 0.1140625
33 0.78203125 0.77109375 0.0828125 0.15625
33 0.84921875 0.78046875 0.084375 0.121875
33 0.9265625 0.78984375 0.078125 0.1265625
33 0.92734375 0.17109375 0.0796875 0.109375
33 0.86171875 0.17734375 0.05625 0.109375
33 0.809375 0.1875 0.0501953125 0.1125
33 0.6640625 0.19375 0.078125 0.11259765625
33 0.603125 0.2046875 0.065625 0.1158203125
33 0.55 0.20703125 0.059375 0.1109375
33 0.50703125 0.209375 0.0625 0.109375
33 0.5359375 0.32890625 0.053125 0.1109375
33 0.60859375 0.3328125 0.059375 0.1154296875