23 0.63828125 0.04453125 0.1 0.0890625
23 0.55703125 0.04921875 0.2640625 0.0984375
35 0.090625 0.51953125 0.17490234375 0.1875
23 0.6859375 0.05625 0.103125 0.10009765625
35 0.37421875 0.56796875 0.38125 0.4234375
23 0.57421875 0.109375 0.1046875 0.04384765625
23 0.5109375 0.1171875 0.115625 0.09052734375
23 0.33671875 0.12578125 0.065625 0.128125
23 0.584375 0.14765625 0.15009765625 0.0796875
23 0.41796875 0.24296875 0.1671875 0.134375
23 0.46953125 0.2796875 0.1375 0.146875
35 0.1703125 0.303125 0.340625 0.23125