35 0.56953125 0.36484375 0.178125 0.2125
35 0.38515625 0.37109375 0.1796875 0.203125
35 0.07109375 0.371875 0.1421875 0.19990234375
35 0.76796875 0.37890625 0.2078125 0.2046875
35 0.22578125 0.3796875 0.1734375 0.1845703125
35 0.19609375 0.63125 0.18125 0.1873046875
35 0.534375 0.63515625 0.190625 0.2
35 0.73125 0.64453125 0.2001953125 0.2234375
35 0.35859375 0.64765625 0.1796875 0.1828125
35 0.91328125 0.66640625 0.1734375 0.203125
35 0.69921875 0.88046875 0.2328125 0.1578125
14 0.47578125 0.88359375 0.128125 0.1140625
14 0.284375 0.88671875 0.13134765625 0.1796875
14 0.13828125 0.8890625 0.1484375 0.153125
35 0.9078125 0.915625 0.184375 0.16875
14 0.55859375 0.93515625 0.1265625 0.128125
35 0.85390625 0.1328125 0.1703125 0.11875
35 0.51875 0.1421875 0.1810546875 0.1091796875
35 0.69296875 0.1421875 0.175 0.10927734375
35 0.35625 0.14921875 0.1748046875 0.1125
35 0.2078125 0.15546875 0.1595703125 0.1015625