36 0.6890625 0.3625 0.171875 0.1935546875
36 0.55390625 0.38984375 0.1609375 0.1921875
36 0.4453125 0.41328125 0.15 0.184375
36 0.04140625 0.44375 0.0828125 0.08740234375
36 0.2359375 0.45703125 0.240625 0.0828125
36 0.23984375 0.51171875 0.2734375 0.1109375
36 0.79921875 0.53046875 0.1890625 0.1203125
36 0.04921875 0.54375 0.0984375 0.128125
36 0.671875 0.57265625 0.140625 0.159375
36 0.56640625 0.6 0.153125 0.178125
36 0.36015625 0.69765625 0.128125 0.0859375
36 0.82578125 0.071875 0.2140625 0.084375
36 0.846875 0.7203125 0.1875 0.12177734375
36 0.25234375 0.72265625 0.1234375 0.08125
36 0.09453125 0.72890625 0.1890625 0.140625
36 0.91328125 0.80703125 0.1734375 0.1328125
36 0.67109375 0.81484375 0.1609375 0.203125
36 0.76875 0.81796875 0.14384765625 0.16875
36 0.55078125 0.871875 0.15 0.190625
36 0.34296875 0.921875 0.2703125 0.15625
36 0.5421875 0.12890625 0.18447265625 0.1984375
36 0.665625 0.13046875 0.16865234375 0.178125
36 0.396875 0.1703125 0.175 0.19677734375
36 0.1671875 0.175 0.29375 0.08740234375
36 0.15703125 0.2625 0.3140625 0.10634765625
36 0.865625 0.3078125 0.215625 0.115625