36 0.8671875 0.453125 0.24677734375 0.146875
36 0.63828125 0.49765625 0.29375 0.121875
36 0.359375 0.5390625 0.30615234375 0.13427734375
36 0.69375 0.60390625 0.296875 0.11875
36 0.4140625 0.62890625 0.309375 0.1421875
36 0.12578125 0.6984375 0.2515625 0.17822265625
36 0.67265625 0.73203125 0.290625 0.1203125
36 0.8828125 0.78125 0.234375 0.2
36 0.40546875 0.81015625 0.290625 0.1484375
36 0.7046875 0.859375 0.275 0.15625
36 0.4484375 0.91328125 0.3279296875 0.1734375
36 0.15078125 0.9296875 0.271875 0.14052734375
36 0.80234375 0.165625 0.2734375 0.10625
36 0.87265625 0.2546875 0.2546875 0.12822265625
36 0.39765625 0.2578125 0.221875 0.2375
36 0.54140625 0.28203125 0.1515625 0.18125
36 0.68046875 0.28203125 0.2 0.184375