37 0.78984375 0.42109375 0.109375 0.1625
37 0.93984375 0.44765625 0.1203125 0.1671875
37 0.0671875 0.4484375 0.125 0.153125
37 0.27109375 0.44921875 0.109375 0.1578125
37 0.48671875 0.44921875 0.1015625 0.1625
37 0.59921875 0.4515625 0.103125 0.1595703125
37 0.778125 0.62421875 0.1 0.125
37 0.196875 0.63046875 0.1 0.1453125
37 0.28046875 0.64140625 0.103125 0.1453125
37 0.09609375 0.6421875 0.1109375 0.14375
37 0.38203125 0.64453125 0.1 0.1453125
37 0.59296875 0.64609375 0.0984375 0.153125
37 0.6953125 0.65 0.10302734375 0.153125
37 0.90703125 0.653125 0.1171875 0.153125
37 0.4046875 0.79375 0.084375 0.09375
37 0.56328125 0.79609375 0.0828125 0.090625
37 0.11875 0.81015625 0.09384765625 0.134375
37 0.20859375 0.8125 0.09375 0.1373046875
37 0.30234375 0.8140625 0.0953125 0.1375
37 0.83984375 0.8265625 0.0625 0.1375
37 0.659375 0.82890625 0.0998046875 0.1375
37 0.75859375 0.8328125 0.0984375 0.14677734375
37 0.95234375 0.203125 0.0953125 0.184375
37 0.8484375 0.21015625 0.09677734375 0.1828125
37 0.7546875 0.21328125 0.09072265625 0.178125
37 0.51953125 0.2171875 0.0734375 0.17197265625
37 0.36328125 0.221875 0.0890625 0.17490234375
37 0.09140625 0.221875 0.0578125 0.171875
37 0.0390625 0.22265625 0.075 0.1734375
37 0.28125 0.22421875 0.0875 0.171875
37 0.59453125 0.22578125 0.075 0.1546875
37 0.66796875 0.22578125 0.0625 0.1546875