19 0.80859375 0.48203125 0.11875 0.1640625
19 0.6015625 0.4859375 0.15625 0.14677734375
19 0.39375 0.50078125 0.13115234375 0.1546875
19 0.49921875 0.503125 0.125 0.16865234375
19 0.271875 0.5109375 0.13759765625 0.159375
19 0.146875 0.51640625 0.11875 0.140625
19 0.76484375 0.62109375 0.0890625 0.1421875
19 0.6734375 0.6234375 0.09697265625 0.12822265625
19 0.85546875 0.6265625 0.1125 0.1220703125
19 0.571875 0.63046875 0.109375 0.1515625
19 0.47734375 0.64921875 0.1046875 0.1375
19 0.36484375 0.6515625 0.121875 0.140625
19 0.26171875 0.66015625 0.10625 0.140625
19 0.1515625 0.67890625 0.1283203125 0.1109375
19 0.7578125 0.7765625 0.0875 0.12177734375
19 0.48125 0.78671875 0.1060546875 0.1140625
19 0.5828125 0.79140625 0.09375 0.109375
19 0.38359375 0.8015625 0.103125 0.14375
19 0.27734375 0.8171875 0.109375 0.12177734375
19 0.17109375 0.82109375 0.1046875 0.125
19 0.8078125 0.93203125 0.175 0.125
19 0.64140625 0.09375 0.178125 0.1875
19 0.6640625 0.94140625 0.17197265625 0.1171875
19 0.85234375 0.103125 0.153125 0.203125
19 0.38984375 0.103125 0.1328125 0.20625
19 0.50703125 0.11796875 0.1140625 0.1734375
19 0.10546875 0.11953125 0.16875 0.165625
19 0.240625 0.1234375 0.134375 0.17177734375
19 0.7171875 0.30703125 0.109375 0.1640625
19 0.82265625 0.30859375 0.1078125 0.1671875
19 0.4796875 0.31015625 0.125 0.1203125
19 0.60234375 0.3109375 0.1203125 0.1591796875
19 0.23984375 0.3171875 0.1453125 0.14697265625