16 0.16328125 0.346875 0.3046875 0.10634765625
39 0.703125 0.3890625 0.13740234375 0.10302734375
39 0.82421875 0.39140625 0.096875 0.1078125
39 0.9296875 0.40859375 0.140625 0.10625
16 0.3671875 0.515625 0.2966796875 0.084375
16 0.121875 0.521875 0.2375 0.05634765625
39 0.6875 0.54453125 0.109375 0.06875
39 0.5765625 0.55390625 0.11572265625 0.078125
39 0.94453125 0.55859375 0.1109375 0.10625
39 0.82578125 0.56953125 0.1171875 0.1046875
39 0.81328125 0.696875 0.10625 0.071875
39 0.69921875 0.7046875 0.1234375 0.0658203125
39 0.58671875 0.70859375 0.1203125 0.075
39 0.93203125 0.76171875 0.1359375 0.0828125
39 0.828125 0.77265625 0.13740234375 0.0890625
39 0.7125 0.7828125 0.134375 0.0904296875
39 0.59296875 0.78671875 0.1328125 0.090625
39 0.86953125 0.859375 0.1375 0.090625
39 0.7515625 0.871875 0.14677734375 0.1
39 0.628125 0.8875 0.14375 0.109375
16 0.09921875 0.0953125 0.1984375 0.078125
16 0.31171875 0.1265625 0.2828125 0.11875
16 0.084375 0.1625 0.16875 0.053125
39 0.625 0.1921875 0.1935546875 0.2
39 0.95859375 0.19453125 0.0828125 0.190625
39 0.82421875 0.2 0.19375 0.190625
16 0.3890625 0.27265625 0.246875 0.059375
16 0.42890625 0.3328125 0.2203125 0.059375