62 0.33125 0.36640625 0.10615234375 0.1375
62 0.12734375 0.41640625 0.1359375 0.13125
62 0.9515625 0.05546875 0.096875 0.084375
36 0.703125 0.6015625 0.59375 0.55927734375
62 0.85546875 0.071875 0.1125 0.08134765625
62 0.73828125 0.075 0.109375 0.084375
62 0.63203125 0.14296875 0.109375 0.1578125
62 0.38828125 0.16796875 0.1 0.0734375
62 0.90234375 0.18828125 0.1328125 0.165625
62 0.7828125 0.19296875 0.12197265625 0.165625
62 0.67265625 0.2234375 0.121875 0.165625
62 0.08046875 0.25859375 0.1296875 0.153125
62 0.3265625 0.25859375 0.1 0.075
62 0.440625 0.26953125 0.115625 0.1546875
62 0.20703125 0.31953125 0.14375 0.1625