33 0.275 0.35234375 0.1873046875 0.0890625
33 0.95703125 0.4046875 0.0859375 0.159375
33 0.853125 0.4140625 0.13740234375 0.14375
33 0.07421875 0.41484375 0.0828125 0.075
33 0.63125 0.41953125 0.115625 0.1328125
33 0.7421875 0.421875 0.13447265625 0.13134765625
33 0.5484375 0.425 0.121875 0.125
33 0.20078125 0.434375 0.103125 0.10009765625
33 0.125 0.4375 0.134375 0.09375
33 0.48671875 0.07890625 0.1765625 0.1578125
33 0.3921875 0.08828125 0.190625 0.1765625
33 0.3203125 0.096875 0.18125 0.19375
33 0.2453125 0.115625 0.19375 0.21259765625
33 0.18203125 0.12734375 0.1875 0.1921875
33 0.128125 0.1421875 0.16875 0.171875
33 0.496875 0.278125 0.096875 0.125
33 0.871875 0.2859375 0.13115234375 0.12197265625
33 0.7515625 0.29765625 0.11572265625 0.1109375
33 0.64765625 0.30625 0.0984375 0.10009765625
33 0.55546875 0.3109375 0.0953125 0.10302734375
33 0.36328125 0.315625 0.16875 0.1375