36 0.23515625 0.36328125 0.26875 0.153125
19 0.80703125 0.52734375 0.1921875 0.203125
19 0.64609375 0.54296875 0.2 0.190625
19 0.4609375 0.54921875 0.190625 0.1953125
36 0.2578125 0.62421875 0.25302734375 0.13125
19 0.78828125 0.72734375 0.15625 0.165625
19 0.6296875 0.74375 0.184375 0.175
19 0.47109375 0.75234375 0.1640625 0.16875
36 0.2828125 0.80234375 0.228125 0.1109375
19 0.709375 0.85546875 0.14990234375 0.090625
19 0.56484375 0.8734375 0.1484375 0.08427734375
19 0.421875 0.88359375 0.15625 0.084375
19 0.8734375 0.8921875 0.1904296875 0.075
19 0.7265625 0.9109375 0.18125 0.09697265625
19 0.2734375 0.91171875 0.16875 0.084375
36 0.21015625 0.09453125 0.303125 0.1296875
19 0.834375 0.290625 0.2560546875 0.19375
19 0.65390625 0.3015625 0.209375 0.209375
19 0.46796875 0.31171875 0.225 0.2234375