11 0.5140625 0.39609375 0.14677734375 0.1734375
50 0.90546875 0.40546875 0.1734375 0.1984375
50 0.31015625 0.40625 0.1734375 0.16865234375
50 0.1640625 0.41328125 0.1595703125 0.159375
11 0.70859375 0.41484375 0.1765625 0.196875
11 0.1859375 0.615625 0.14697265625 0.17509765625
12 0.60859375 0.62265625 0.140625 0.15625
12 0.471875 0.6296875 0.14375 0.16552734375
17 0.33203125 0.634375 0.14375 0.16875
50 0.74921875 0.64375 0.159375 0.16240234375
11 0.20625 0.8328125 0.1248046875 0.1595703125
17 0.465625 0.83359375 0.13740234375 0.16875
50 0.6015625 0.85390625 0.140625 0.1671875
12 0.678125 0.18203125 0.18759765625 0.2265625