36 0.45234375 0.03359375 0.2640625 0.0671875
36 0.82109375 0.3453125 0.1671875 0.22177734375
36 0.93046875 0.35625 0.1390625 0.20625
36 0.4671875 0.3578125 0.271875 0.115625
36 0.671875 0.365625 0.165625 0.215625
36 0.21171875 0.4203125 0.2234375 0.12197265625
36 0.0515625 0.44140625 0.103125 0.11875
36 0.46875 0.534375 0.24384765625 0.06259765625
36 0.26640625 0.55625 0.1828125 0.075
36 0.08203125 0.56875 0.1640625 0.08125
36 0.9265625 0.58046875 0.146875 0.1921875
36 0.79375 0.58359375 0.14990234375 0.1984375
36 0.67421875 0.5875 0.1328125 0.2
36 0.48203125 0.5984375 0.2375 0.0658203125
36 0.25234375 0.65546875 0.209375 0.125
36 0.07421875 0.66328125 0.1484375 0.1140625
36 0.47890625 0.6671875 0.2484375 0.08125
36 0.19609375 0.075 0.2203125 0.08115234375
36 0.86015625 0.76796875 0.11875 0.1484375
36 0.65 0.77265625 0.121875 0.1375
36 0.75625 0.778125 0.1125 0.146875
36 0.54296875 0.7890625 0.11875 0.140625
36 0.45 0.79140625 0.1125 0.15625
36 0.2984375 0.79921875 0.184375 0.1453125
36 0.14140625 0.8328125 0.153125 0.115625
36 0.70703125 0.084375 0.1796875 0.16875
36 0.86328125 0.08515625 0.184375 0.1703125
36 0.46640625 0.08984375 0.275 0.05
36 0.9578125 0.92578125 0.08427734375 0.1203125
36 0.50625 0.93828125 0.21240234375 0.1234375
36 0.8125 0.9453125 0.1314453125 0.109375
36 0.47578125 0.14296875 0.3140625 0.0609375
36 0.178125 0.15703125 0.26259765625 0.096875
36 0.23359375 0.3203125 0.19375 0.071875