35 0.36171875 0.4171875 0.04375 0.11552734375
35 0.59765625 0.43203125 0.1046875 0.15
35 0.509375 0.43671875 0.07490234375 0.121875
14 0.35703125 0.559375 0.109375 0.103125
14 0.56796875 0.5875 0.1140625 0.08759765625
14 0.4546875 0.58828125 0.115625 0.1109375
14 0.6703125 0.6 0.10302734375 0.10009765625
14 0.76875 0.646875 0.121875 0.11884765625
14 0.6125 0.6796875 0.0998046875 0.0908203125
14 0.7015625 0.703125 0.11572265625 0.08759765625
35 0.2328125 0.2671875 0.07177734375 0.0625
35 0.13203125 0.26875 0.0796875 0.059375
35 0.29921875 0.27109375 0.0703125 0.0609375