33 0.22109375 0.33359375 0.140625 0.1859375
33 0.95703125 0.3453125 0.0859375 0.12197265625
33 0.85078125 0.3546875 0.140625 0.12197265625
33 0.72734375 0.36328125 0.140625 0.1078125
33 0.3328125 0.3703125 0.13447265625 0.10927734375
33 0.59921875 0.371875 0.121875 0.096875
33 0.47109375 0.3734375 0.1328125 0.10927734375
33 0.87109375 0.475 0.134375 0.1375
33 0.74609375 0.49296875 0.14375 0.146875
33 0.47265625 0.5 0.1234375 0.153125
33 0.6109375 0.5015625 0.12177734375 0.1375
33 0.34765625 0.51796875 0.140625 0.14375
33 0.20234375 0.5265625 0.1296875 0.12802734375
33 0.07421875 0.5296875 0.1328125 0.140625
33 0.78359375 0.0796875 0.1546875 0.159375
33 0.640625 0.08203125 0.14990234375 0.1640625
33 0.47578125 0.08671875 0.13125 0.1734375
33 0.33203125 0.09140625 0.1765625 0.1828125
33 0.1765625 0.09296875 0.175 0.1859375
33 0.93984375 0.24375 0.1203125 0.1189453125
33 0.82734375 0.2453125 0.121875 0.103125
33 0.465625 0.26015625 0.109375 0.1078125
33 0.59296875 0.26640625 0.0984375 0.1
33 0.340625 0.275 0.1125 0.096875