49 0.1578125 0.36328125 0.17822265625 0.1609375
49 0.34921875 0.37578125 0.1421875 0.1703125
49 0.50234375 0.3875 0.15 0.1625
49 0.6625 0.3921875 0.16875 0.16552734375
49 0.8640625 0.39921875 0.2 0.178125
55 0.24609375 0.52734375 0.2640625 0.1546875
55 0.5171875 0.54296875 0.24052734375 0.2
55 0.8015625 0.571875 0.35947265625 0.27509765625
49 0.50703125 0.06640625 0.1859375 0.1328125
55 0.09765625 0.75078125 0.19375 0.2890625
55 0.421875 0.753125 0.21259765625 0.26865234375
55 0.75859375 0.828125 0.375 0.34375
49 0.16875 0.196875 0.16240234375 0.1875
49 0.89296875 0.21015625 0.209375 0.1875
49 0.33984375 0.21171875 0.1703125 0.1625
49 0.68046875 0.21328125 0.1640625 0.18125
49 0.5203125 0.2203125 0.171875 0.2029296875