33 0.9328125 0.41015625 0.09697265625 0.2265625
33 0.8390625 0.4203125 0.09052734375 0.22802734375
33 0.7171875 0.43203125 0.1125 0.2578125
33 0.53125 0.4484375 0.09375 0.2654296875
33 0.30625 0.45 0.08759765625 0.2875
33 0.4109375 0.45859375 0.1 0.2640625
33 0.1859375 0.475 0.096875 0.290625
33 0.06953125 0.48515625 0.115625 0.2765625
33 0.95234375 0.653125 0.0953125 0.19990234375
33 0.871875 0.6640625 0.109375 0.19072265625
33 0.69765625 0.68984375 0.1046875 0.196875
33 0.41171875 0.6953125 0.0921875 0.175
33 0.60859375 0.69921875 0.090625 0.2140625
33 0.52109375 0.71640625 0.0796875 0.2
33 0.32578125 0.74296875 0.109375 0.234375
33 0.21484375 0.765625 0.096875 0.159375
33 0.08515625 0.778125 0.1703125 0.2375
33 0.92890625 0.85625 0.13125 0.1501953125
33 0.8203125 0.86640625 0.12177734375 0.14375
33 0.6921875 0.903125 0.10302734375 0.16865234375
33 0.428125 0.9203125 0.121875 0.12177734375
33 0.56875 0.92265625 0.14384765625 0.1546875
33 0.30234375 0.92734375 0.1078125 0.1125
33 0.634375 0.10859375 0.11875 0.2171875
33 0.390625 0.1265625 0.13134765625 0.253125