39 0.87265625 0.34375 0.1546875 0.115625
16 0.68359375 0.346875 0.1234375 0.053125
22 0.1890625 0.36796875 0.0720703125 0.0625
16 0.575 0.37578125 0.1125 0.034375
16 0.4734375 0.3890625 0.1 0.059375
22 0.103125 0.39921875 0.059375 0.059375
39 0.88359375 0.040625 0.125 0.08125
35 0.2453125 0.46796875 0.1220703125 0.096875
16 0.66328125 0.47421875 0.1796875 0.071875
16 0.49453125 0.509375 0.1515625 0.06875
16 0.35234375 0.5296875 0.1 0.07197265625
35 0.309375 0.5859375 0.115625 0.10625
16 0.58125 0.59453125 0.140625 0.0625
35 0.23046875 0.59765625 0.096875 0.103125
35 0.090625 0.60390625 0.11884765625 0.1015625
16 0.4453125 0.61953125 0.1375 0.05625
16 0.41875 0.06796875 0.1 0.1328125
54 0.32265625 0.70546875 0.0609375 0.0515625
54 0.18828125 0.709375 0.078125 0.05615234375
54 0.45234375 0.73046875 0.08125 0.090625
54 0.80078125 0.73125 0.1 0.09990234375
54 0.39921875 0.746875 0.0625 0.05634765625
54 0.06640625 0.7609375 0.065625 0.0841796875
54 0.1546875 0.76328125 0.11552734375 0.0671875
54 0.55390625 0.7640625 0.0765625 0.10302734375
54 0.70546875 0.765625 0.0859375 0.11875
54 0.59921875 0.76640625 0.09375 0.103125
39 0.7796875 0.07734375 0.09052734375 0.0875
54 0.74296875 0.77421875 0.0875 0.0984375
54 0.26171875 0.7796875 0.059375 0.05947265625
54 0.37265625 0.78203125 0.06875 0.0515625
16 0.34921875 0.10703125 0.0734375 0.0984375
16 0.25703125 0.14609375 0.065625 0.1046875
16 0.659375 0.171875 0.1875 0.08125
16 0.509375 0.1828125 0.1375 0.1125
16 0.1875 0.184375 0.08125 0.1
39 0.8109375 0.2140625 0.12802734375 0.078125
16 0.41875 0.24765625 0.08759765625 0.0890625
16 0.2625 0.309375 0.12509765625 0.06875