38 0.1625 0.36171875 0.09384765625 0.0703125
38 0.365625 0.36796875 0.1 0.06875
38 0.265625 0.36875 0.10634765625 0.06884765625
38 0.91875 0.3703125 0.128125 0.07822265625
38 0.790625 0.37265625 0.125 0.075
38 0.66953125 0.3765625 0.1046875 0.0875
38 0.121875 0.43046875 0.1125 0.0765625
38 0.21796875 0.440625 0.1125 0.07509765625
38 0.31796875 0.44296875 0.1171875 0.0765625
38 0.5484375 0.44453125 0.1283203125 0.090625
38 0.4296875 0.44453125 0.121875 0.0828125
38 0.090625 0.0453125 0.12490234375 0.090625
38 0.78125 0.45546875 0.1375 0.0953125
38 0.9234375 0.4578125 0.14697265625 0.084375
38 0.096875 0.5109375 0.11259765625 0.08427734375
38 0.19453125 0.51953125 0.1234375 0.08125
38 0.29453125 0.521875 0.1234375 0.0875
38 0.40078125 0.52578125 0.128125 0.0890625
38 0.51875 0.53359375 0.12490234375 0.0953125
38 0.59296875 0.05390625 0.146875 0.1078125
38 0.646875 0.54140625 0.13125 0.096875
38 0.7796875 0.546875 0.13427734375 0.1
38 0.925 0.55234375 0.14990234375 0.0984375
38 0.08046875 0.21328125 0.1015625 0.0921875
38 0.79921875 0.22265625 0.14375 0.1296875
38 0.934375 0.2265625 0.13125 0.121875
38 0.6546875 0.2296875 0.1375 0.11572265625
38 0.271875 0.234375 0.11240234375 0.103125
38 0.38984375 0.23671875 0.140625 0.103125