51 0.94609375 0.3953125 0.1078125 0.25625
51 0.09921875 0.71484375 0.0765625 0.2859375
51 0.034375 0.71953125 0.06875 0.28125
51 0.16875 0.71953125 0.07509765625 0.271875
51 0.45703125 0.73125 0.0953125 0.26875
51 0.3078125 0.73125 0.07177734375 0.25
51 0.2359375 0.73359375 0.06875 0.2703125
51 0.375 0.734375 0.08115234375 0.25615234375
51 0.640625 0.734375 0.0875 0.24375
51 0.728125 0.73984375 0.0939453125 0.259375
51 0.8203125 0.7421875 0.103125 0.25322265625
51 0.91796875 0.7421875 0.090625 0.2625
51 0.55546875 0.74375 0.090625 0.25634765625
51 0.76171875 0.075 0.0921875 0.15
51 0.68046875 0.07578125 0.078125 0.1515625
51 0.9453125 0.07578125 0.07822265625 0.1515625
51 0.8625 0.07890625 0.0875 0.1515625
51 0.60078125 0.084375 0.0859375 0.16875
51 0.16171875 0.08515625 0.084375 0.1578125
51 0.07421875 0.08984375 0.09375 0.1703125