14 0.440625 0.4828125 0.21875 0.17822265625
14 0.225 0.490625 0.221875 0.175
14 0.6515625 0.5015625 0.17822265625 0.203125
14 0.83203125 0.50546875 0.2296875 0.190625
14 0.18203125 0.74921875 0.2421875 0.2
14 0.4109375 0.75546875 0.18447265625 0.21875
14 0.6125 0.76796875 0.215625 0.221875
14 0.3609375 0.896875 0.20625 0.20625
14 0.74453125 0.91015625 0.2078125 0.1796875
14 0.54140625 0.91640625 0.2078125 0.1671875
14 0.19453125 0.91796875 0.1671875 0.15625
14 0.371875 0.10546875 0.215625 0.2109375
14 0.56328125 0.1125 0.2109375 0.225
14 0.18671875 0.11796875 0.196875 0.1828125
14 0.7734375 0.12578125 0.2033203125 0.1859375