36 0.9546875 0.346875 0.090625 0.10009765625
36 0.79296875 0.04921875 0.1359375 0.0921875
36 0.19609375 0.07734375 0.0921875 0.05
36 0.48984375 0.7765625 0.4984375 0.44677734375
36 0.04140625 0.09296875 0.0671875 0.04375
36 0.46484375 0.09453125 0.1109375 0.0625
36 0.5578125 0.103125 0.109375 0.0625
36 0.03046875 0.14296875 0.0609375 0.0265625
36 0.0640625 0.14765625 0.05322265625 0.0375
36 0.43671875 0.15625 0.1109375 0.06865234375
36 0.52734375 0.16796875 0.11875 0.0765625
36 0.6359375 0.18515625 0.1158203125 0.0734375
36 0.76171875 0.19921875 0.1265625 0.09375
36 0.0828125 0.21015625 0.090625 0.053125
36 0.1484375 0.22265625 0.075 0.0515625
36 0.209375 0.22578125 0.07490234375 0.06875
36 0.503125 0.23828125 0.0625 0.046875
36 0.54296875 0.24765625 0.059375 0.05
36 0.39609375 0.26328125 0.0765625 0.0671875
36 0.58046875 0.271875 0.0640625 0.04990234375
36 0.43203125 0.28046875 0.065625 0.053125
36 0.50390625 0.3 0.075 0.05615234375
36 0.6734375 0.30546875 0.10625 0.1265625
36 0.72265625 0.3296875 0.071875 0.09072265625
36 0.78203125 0.3328125 0.0890625 0.12802734375