28 0.5375 0.33828125 0.3060546875 0.0609375
28 0.23046875 0.3453125 0.31875 0.10927734375
28 0.7515625 0.4359375 0.24677734375 0.04697265625
28 0.74609375 0.4765625 0.2453125 0.046875
28 0.91796875 0.478125 0.1640625 0.103125
28 0.2671875 0.49765625 0.29677734375 0.065625
28 0.2734375 0.55546875 0.303125 0.0546875
28 0.534375 0.5609375 0.26865234375 0.08447265625
28 0.34296875 0.75546875 0.2328125 0.0953125
28 0.540625 0.79375 0.246875 0.10634765625
28 0.58828125 0.91015625 0.2734375 0.1484375
28 0.51875 0.1296875 0.30009765625 0.05947265625
28 0.7796875 0.1421875 0.2375 0.071875
28 0.8375 0.25 0.290625 0.0875
28 0.5359375 0.275 0.31552734375 0.09384765625
28 0.83046875 0.3265625 0.3390625 0.065625