36 0.0953125 0.459375 0.11552734375 0.13759765625
36 0.20859375 0.496875 0.1421875 0.18115234375
36 0.375 0.54296875 0.18125 0.1125
36 0.83359375 0.55 0.3328125 0.19375
36 0.57890625 0.5609375 0.215625 0.14072265625
36 0.1875 0.64765625 0.10615234375 0.0890625
36 0.33359375 0.6703125 0.171875 0.09375
36 0.16640625 0.72890625 0.1109375 0.078125
36 0.59375 0.73828125 0.20615234375 0.1765625
36 0.8859375 0.74765625 0.11572265625 0.1765625
36 0.76796875 0.7484375 0.134375 0.184375
36 0.18828125 0.8453125 0.19375 0.096875
36 0.40078125 0.88828125 0.2 0.1703125
36 0.83203125 0.9296875 0.3359375 0.140625
36 0.18671875 0.175 0.1625 0.115625
36 0.8625 0.21875 0.275 0.1185546875
36 0.36640625 0.2953125 0.196875 0.11572265625
36 0.58046875 0.29765625 0.21875 0.121875
36 0.83515625 0.30546875 0.328125 0.090625