35 0.603125 0.4234375 0.16884765625 0.15927734375
35 0.1203125 0.42421875 0.1875 0.2078125
35 0.32578125 0.4421875 0.2109375 0.2033203125
35 0.87265625 0.44453125 0.2546875 0.20625
35 0.43359375 0.58671875 0.2015625 0.1515625
35 0.6234375 0.59453125 0.2 0.2015625
35 0.26328125 0.6015625 0.171875 0.16572265625
35 0.84453125 0.615625 0.2140625 0.21240234375
35 0.91171875 0.0828125 0.1765625 0.165625
35 0.659375 0.08671875 0.309375 0.1734375
35 0.34375 0.0890625 0.30634765625 0.178125
35 0.11171875 0.090625 0.2234375 0.18125