51 0.25859375 0.0390625 0.05625 0.078125
51 0.22265625 0.04765625 0.0578125 0.0953125
62 0.1921875 0.5828125 0.384375 0.47197265625
51 0.18671875 0.0640625 0.0609375 0.10322265625
51 0.4109375 0.084375 0.04375 0.08759765625
51 0.38359375 0.1 0.040625 0.090625
51 0.35546875 0.12890625 0.0375 0.0671875
51 0.28828125 0.1515625 0.05 0.0875
51 0.25546875 0.1734375 0.0578125 0.090625
51 0.22421875 0.18828125 0.0484375 0.09375
51 0.434375 0.18828125 0.03759765625 0.0796875
51 0.4046875 0.2015625 0.040625 0.07822265625
51 0.3828125 0.221875 0.04677734375 0.078125
51 0.35 0.23671875 0.04375 0.078125
51 0.32265625 0.25703125 0.05 0.0796875
51 0.29375 0.27578125 0.05 0.0796875