11 0.63046875 0.3484375 0.09375 0.1375
50 0.31015625 0.3515625 0.2015625 0.2158203125
17 0.54609375 0.37421875 0.0875 0.140625
11 0.45546875 0.38515625 0.1171875 0.1671875
50 0.12578125 0.39921875 0.2140625 0.253125
17 0.603125 0.5265625 0.0875 0.125
35 0.325 0.57890625 0.15615234375 0.2015625
11 0.4265625 0.58125 0.121875 0.16875
50 0.159375 0.628125 0.215625 0.2
17 0.63984375 0.68359375 0.121875 0.14375
11 0.565625 0.7140625 0.11259765625 0.1875
53 0.38984375 0.76171875 0.2515625 0.2375
53 0.228125 0.8390625 0.265625 0.246875
50 0.28984375 0.08984375 0.1796875 0.1796875
50 0.10625 0.10234375 0.209375 0.2046875
11 0.8515625 0.14453125 0.08427734375 0.1328125
11 0.775 0.153125 0.08134765625 0.1375
11 0.5859375 0.15546875 0.1154296875 0.1640625
50 0.4390625 0.18515625 0.140625 0.1734375
12 0.79296875 0.31796875 0.1078125 0.1234375