19 0.7359375 0.41796875 0.25927734375 0.2375
19 0.5296875 0.48359375 0.2654296875 0.2140625
19 0.32265625 0.5234375 0.24375 0.2
19 0.82734375 0.596875 0.2 0.08740234375
19 0.48125 0.6828125 0.19375 0.08447265625
19 0.29921875 0.7265625 0.203125 0.07822265625
19 0.12265625 0.7734375 0.203125 0.1
19 0.734375 0.7796875 0.2189453125 0.1091796875
19 0.534375 0.8203125 0.234375 0.134375
19 0.31796875 0.875 0.2484375 0.1248046875
19 0.109375 0.93203125 0.21875 0.1296875
19 0.70234375 0.13671875 0.290625 0.2734375
19 0.4828125 0.203125 0.31572265625 0.28115234375
19 0.22578125 0.21796875 0.34375 0.3234375