36 0.7546875 0.33984375 0.14052734375 0.09375
36 0.62578125 0.3421875 0.121875 0.09697265625
36 0.4953125 0.3515625 0.12822265625 0.1
36 0.3546875 0.3578125 0.14072265625 0.103125
36 0.21796875 0.36328125 0.13125 0.103125
36 0.88359375 0.43671875 0.1328125 0.09375
36 0.75234375 0.45546875 0.1265625 0.1046875
36 0.6265625 0.45703125 0.11875 0.1109375
36 0.36484375 0.4609375 0.1328125 0.09677734375
36 0.48984375 0.465625 0.125 0.090625
36 0.24375 0.47890625 0.1125 0.0953125
36 0.1328125 0.48515625 0.1216796875 0.1
36 0.9046875 0.04921875 0.15302734375 0.0984375
36 0.6328125 0.053125 0.134375 0.10625
36 0.7609375 0.05390625 0.128125 0.1078125
36 0.871875 0.5515625 0.11875 0.096875
36 0.61640625 0.5609375 0.121875 0.0970703125
36 0.746875 0.56796875 0.13759765625 0.10625
36 0.5 0.56953125 0.13740234375 0.0890625
36 0.36796875 0.57890625 0.1390625 0.0984375
36 0.15234375 0.59296875 0.1125 0.109375
36 0.253125 0.59453125 0.10625 0.1171875
36 0.50625 0.065625 0.1375 0.1064453125
36 0.628125 0.671875 0.121875 0.08125
36 0.7546875 0.67578125 0.115625 0.0921875
36 0.37421875 0.69375 0.1171875 0.084375
36 0.50390625 0.69921875 0.1265625 0.0828125
36 0.24765625 0.709375 0.1390625 0.090625
36 0.240625 0.07265625 0.15 0.109375
36 0.87109375 0.7671875 0.125 0.0970703125
36 0.6328125 0.77265625 0.10322265625 0.1015625
36 0.76171875 0.77890625 0.121875 0.0875
36 0.38828125 0.7890625 0.13125 0.08125
36 0.51875 0.790625 0.140625 0.0935546875
36 0.7578125 0.19140625 0.14375 0.1125
36 0.8953125 0.19296875 0.140625 0.0984375
36 0.6203125 0.19765625 0.12822265625 0.103125
36 0.4859375 0.21640625 0.15947265625 0.10625
36 0.3390625 0.21953125 0.1375 0.11875
36 0.20234375 0.228125 0.1390625 0.1125
36 0.07890625 0.2359375 0.1171875 0.121875
36 0.88671875 0.32734375 0.1359375 0.0921875