36 0.49921875 0.48515625 0.190625 0.0765625
36 0.3 0.50546875 0.20625 0.0921875
36 0.09609375 0.55 0.1828125 0.096875
36 0.66328125 0.55859375 0.1859375 0.2109375
36 0.859375 0.56328125 0.2125 0.2203125
36 0.47109375 0.5859375 0.21875 0.13427734375
36 0.51796875 0.753125 0.2078125 0.109375
36 0.10703125 0.76796875 0.19375 0.1171875
36 0.30078125 0.7984375 0.196875 0.1375
36 0.68203125 0.8265625 0.1734375 0.2
36 0.50234375 0.840625 0.1734375 0.115625
36 0.865625 0.84921875 0.20009765625 0.23125
36 0.34296875 0.95 0.1765625 0.1
36 0.5234375 0.96015625 0.203125 0.0796875
36 0.11953125 0.96015625 0.1890625 0.0796875
36 0.8796875 0.11484375 0.165625 0.10625
36 0.28828125 0.1203125 0.1671875 0.090625
36 0.42265625 0.13359375 0.153125 0.0671875
36 0.5875 0.1359375 0.1626953125 0.059375
36 0.73984375 0.15234375 0.1359375 0.109375
36 0.13515625 0.17421875 0.15 0.065625
36 0.33515625 0.24140625 0.2046875 0.0625
36 0.16484375 0.24921875 0.16875 0.06875
36 0.903125 0.26953125 0.19375 0.1859375
36 0.5 0.31171875 0.23134765625 0.1171875
36 0.2828125 0.321875 0.2125 0.090625
36 0.09296875 0.32421875 0.1796875 0.0953125