36 0.0625 0.34375 0.11240234375 0.128125
36 0.15234375 0.36015625 0.1171875 0.0859375
36 0.26796875 0.3609375 0.14375 0.08427734375
36 0.515625 0.36796875 0.128125 0.0734375
36 0.40078125 0.36953125 0.1234375 0.06875
36 0.7671875 0.37109375 0.1404296875 0.0703125
36 0.63046875 0.38046875 0.146875 0.078125
36 0.18203125 0.45546875 0.1234375 0.071875
36 0.75625 0.47578125 0.140625 0.0859375
36 0.071875 0.48828125 0.1125 0.1375
36 0.396875 0.50546875 0.11875 0.0875
36 0.515625 0.51015625 0.13115234375 0.0796875
36 0.28359375 0.51171875 0.1234375 0.0828125
36 0.88671875 0.5140625 0.1328125 0.09677734375
36 0.640625 0.515625 0.13115234375 0.09365234375
36 0.1765625 0.51875 0.11552734375 0.05615234375
36 0.190625 0.596875 0.12490234375 0.06259765625
36 0.64609375 0.61015625 0.1453125 0.0734375
36 0.7671875 0.61953125 0.1216796875 0.059375
36 0.88046875 0.625 0.1265625 0.07490234375
36 0.06640625 0.6265625 0.10625 0.134375
36 0.41796875 0.6421875 0.11875 0.0875
36 0.525 0.6453125 0.1314453125 0.09375
36 0.1640625 0.653125 0.1375 0.075
36 0.29375 0.6578125 0.134375 0.09375
36 0.2890625 0.77421875 0.075 0.125
36 0.88125 0.7765625 0.084375 0.14697265625
36 0.39296875 0.77734375 0.1046875 0.128125
36 0.203125 0.778125 0.08134765625 0.11865234375
36 0.65625 0.78671875 0.09384765625 0.1109375
36 0.9484375 0.7890625 0.103125 0.14697265625
36 0.48671875 0.790625 0.0828125 0.09384765625
36 0.825 0.79921875 0.09384765625 0.0953125
36 0.5734375 0.80078125 0.0904296875 0.1078125
36 0.740625 0.80078125 0.08740234375 0.1078125
36 0.11953125 0.8015625 0.090625 0.07822265625
36 0.50859375 0.11796875 0.128125 0.065625
36 0.1921875 0.17265625 0.1283203125 0.078125
36 0.07265625 0.2 0.1234375 0.1375
36 0.9078125 0.21328125 0.14375 0.0609375
36 0.76015625 0.21640625 0.1359375 0.0828125
36 0.2859375 0.221875 0.12177734375 0.078125
36 0.16640625 0.2265625 0.121875 0.06552734375
36 0.6453125 0.228125 0.125 0.06884765625
36 0.525 0.2296875 0.13134765625 0.07177734375
36 0.40859375 0.309375 0.1296875 0.06875
36 0.625 0.31875 0.153125 0.06865234375
36 0.88203125 0.32578125 0.1265625 0.078125
36 0.515625 0.3296875 0.13115234375 0.059375