62 0.91484375 0.35546875 0.065625 0.0546875
62 0.75546875 0.3640625 0.0703125 0.05322265625
62 0.65078125 0.36875 0.0640625 0.04384765625
62 0.4546875 0.371875 0.09697265625 0.06259765625
62 0.553125 0.39453125 0.0810546875 0.0453125
62 0.16328125 0.39921875 0.10625 0.0453125
62 0.45 0.4046875 0.075 0.05
62 0.37265625 0.40703125 0.0796875 0.046875
62 0.08359375 0.40859375 0.0953125 0.040625
62 0.72109375 0.4515625 0.121875 0.1
62 0.50625 0.47890625 0.16240234375 0.0890625
62 0.903125 0.4921875 0.1310546875 0.078125
62 0.371875 0.5015625 0.1560546875 0.0875
62 0.71640625 0.51484375 0.1359375 0.08125
62 0.23828125 0.525 0.1625 0.07490234375
62 0.60078125 0.525 0.140625 0.08125
62 0.10546875 0.5484375 0.15625 0.0875
62 0.2515625 0.5828125 0.16875 0.08447265625
62 0.63828125 0.64609375 0.0859375 0.109375
62 0.83515625 0.653125 0.0890625 0.11259765625
62 0.56875 0.65703125 0.08115234375 0.10625
62 0.73046875 0.6734375 0.0890625 0.1154296875
62 0.34296875 0.703125 0.1078125 0.096875
62 0.6578125 0.75546875 0.09052734375 0.0921875
62 0.2703125 0.7640625 0.090625 0.11875
62 0.34765625 0.78203125 0.0890625 0.1109375
62 0.51640625 0.7875 0.1046875 0.115625
62 0.43203125 0.80234375 0.09375 0.115625
62 0.1328125 0.85 0.10322265625 0.11865234375
62 0.9125 0.1203125 0.07509765625 0.05927734375
62 0.89140625 0.16015625 0.08125 0.0640625
62 0.465625 0.1734375 0.090625 0.05
62 0.6046875 0.175 0.090625 0.05009765625
62 0.0875 0.2015625 0.090625 0.05625
62 0.89140625 0.20234375 0.0859375 0.0515625
62 0.7203125 0.20390625 0.07177734375 0.0578125
62 0.66875 0.2078125 0.0685546875 0.059375
62 0.390625 0.21328125 0.0689453125 0.05
62 0.59921875 0.215625 0.0984375 0.04990234375
62 0.47109375 0.21796875 0.090625 0.0578125
62 0.32578125 0.221875 0.0625 0.046875
62 0.25390625 0.22421875 0.0828125 0.05625
62 0.1765625 0.225 0.075 0.05009765625
62 0.10859375 0.24296875 0.096875 0.046875
62 0.5421875 0.2578125 0.096875 0.05625
62 0.40703125 0.2609375 0.0765625 0.059375
62 0.4703125 0.2625 0.06572265625 0.05625
62 0.10390625 0.2828125 0.0890625 0.053125