39 0.05 0.503125 0.1 0.10634765625
39 0.16953125 0.50859375 0.1484375 0.13125
39 0.328125 0.51171875 0.16865234375 0.1375
39 0.61953125 0.5421875 0.1765625 0.153125
39 0.7953125 0.546875 0.16572265625 0.1375
39 0.03828125 0.6265625 0.0765625 0.12822265625
39 0.14140625 0.63984375 0.1421875 0.1296875
39 0.29140625 0.6515625 0.146875 0.1466796875
39 0.45 0.6703125 0.16865234375 0.15625
39 0.61796875 0.6828125 0.175 0.159375
39 0.79375 0.69765625 0.16884765625 0.15625
39 0.89921875 0.0765625 0.2015625 0.153125
39 0.10546875 0.08984375 0.2109375 0.1796875
39 0.30078125 0.0984375 0.2609375 0.196875
39 0.0953125 0.2875 0.190625 0.103125
39 0.4375 0.2984375 0.2125 0.15
39 0.64765625 0.31796875 0.2078125 0.1421875
39 0.87109375 0.321875 0.234375 0.1310546875