62 0.7640625 0.365625 0.1716796875 0.1875
62 0.57734375 0.36875 0.1140625 0.11875
62 0.66953125 0.4609375 0.1703125 0.165625
62 0.4734375 0.6359375 0.17177734375 0.153125
62 0.25390625 0.6890625 0.1734375 0.12177734375
62 0.44453125 0.753125 0.159375 0.1126953125
62 0.28125 0.79921875 0.18115234375 0.140625
62 0.08984375 0.83515625 0.1796875 0.1203125
62 0.90234375 0.09296875 0.1453125 0.1140625
62 0.79296875 0.18671875 0.134375 0.1140625
62 0.6671875 0.2703125 0.125 0.109375
62 0.89765625 0.2828125 0.1671875 0.19375