16 0.55703125 0.346875 0.1265625 0.040625
16 0.6671875 0.359375 0.09375 0.040625
50 0.32109375 0.36484375 0.096875 0.1109375
16 0.45390625 0.365625 0.0875 0.0376953125
16 0.76796875 0.390625 0.1359375 0.0625
16 0.81640625 0.040625 0.1546875 0.08125
16 0.709375 0.04453125 0.109375 0.0890625
50 0.1296875 0.4484375 0.0875 0.10322265625
16 0.38828125 0.4515625 0.103125 0.0625
39 0.9359375 0.45703125 0.128125 0.1375
50 0.253125 0.47578125 0.075 0.109375
50 0.334375 0.49375 0.09365234375 0.11865234375
16 0.53046875 0.49375 0.1390625 0.05634765625
16 0.68125 0.4953125 0.16240234375 0.059375
16 0.61015625 0.053125 0.0984375 0.0939453125
16 0.44765625 0.57578125 0.1109375 0.0578125
16 0.5734375 0.6 0.12177734375 0.059375
16 0.6734375 0.60078125 0.115625 0.078125
16 0.5359375 0.06171875 0.09052734375 0.1
16 0.79921875 0.63125 0.153125 0.084375
39 0.92421875 0.70859375 0.0921875 0.096875
16 0.42265625 0.0734375 0.06875 0.078125
16 0.353125 0.0875 0.059375 0.071875
39 0.88046875 0.88671875 0.0953125 0.071875
39 0.96015625 0.93046875 0.0796875 0.071875
39 0.85234375 0.9421875 0.1109375 0.07822265625
39 0.9515625 0.96875 0.09677734375 0.0625
39 0.94296875 0.1796875 0.109375 0.09052734375
16 0.6390625 0.190625 0.10625 0.065625
16 0.453125 0.19921875 0.06875 0.0484375
16 0.55 0.19921875 0.09990234375 0.03125
16 0.3734375 0.20234375 0.09677734375 0.0359375
22 0.140625 0.25234375 0.0564453125 0.0515625
22 0.29921875 0.25234375 0.059375 0.053125
22 0.20703125 0.2546875 0.0703125 0.053125
22 0.0921875 0.25546875 0.046875 0.05625
22 0.05 0.25546875 0.046875 0.04375
39 0.93125 0.31640625 0.10625 0.0890625