51 0.26015625 0.5515625 0.125 0.203125
51 0.57421875 0.5546875 0.1234375 0.159375
51 0.36328125 0.5671875 0.134375 0.190625
51 0.79609375 0.5828125 0.1375 0.20322265625
51 0.93046875 0.5953125 0.1390625 0.2
51 0.1765625 0.728125 0.10625 0.15
51 0.265625 0.74140625 0.08740234375 0.11875
51 0.3390625 0.7484375 0.1 0.134375
51 0.42734375 0.7578125 0.0859375 0.13447265625
51 0.52109375 0.76484375 0.1109375 0.15
51 0.7984375 0.7875 0.09375 0.153125
51 0.7015625 0.7953125 0.103125 0.13125
51 0.81640625 0.2453125 0.175 0.278125
51 0.52578125 0.25703125 0.1484375 0.2640625
51 0.41796875 0.259375 0.1484375 0.275
51 0.640625 0.28046875 0.1564453125 0.3046875
51 0.0875 0.28828125 0.175 0.24375
51 0.2703125 0.29140625 0.165625 0.259375