36 0.16328125 0.04453125 0.1015625 0.0890625
36 0.08125 0.04921875 0.08125 0.0984375
36 0.55859375 0.0515625 0.1234375 0.090625
36 0.68203125 0.0546875 0.1328125 0.07177734375
36 0.2734375 0.06875 0.1341796875 0.078125
36 0.41328125 0.07578125 0.1296875 0.06875
36 0.528125 0.20546875 0.109375 0.1140625
36 0.08203125 0.21328125 0.115625 0.1
36 0.42734375 0.2171875 0.0875 0.1029296875
36 0.17578125 0.2203125 0.09375 0.09052734375
36 0.6328125 0.228125 0.09375 0.09375
36 0.7234375 0.22890625 0.08447265625 0.0984375
36 0.25234375 0.23046875 0.0890625 0.09375
36 0.3359375 0.23125 0.09697265625 0.0875
36 0.80859375 0.23125 0.109375 0.08740234375
36 0.90546875 0.23203125 0.103125 0.084375