50 0.9078125 0.56640625 0.15947265625 0.2
50 0.5796875 0.5734375 0.1375 0.22177734375
50 0.39453125 0.578125 0.1671875 0.2375
50 0.74609375 0.58359375 0.1640625 0.1875
50 0.2125 0.61484375 0.15 0.25
50 0.90078125 0.7625 0.1375 0.171875
50 0.759375 0.7953125 0.1375 0.17802734375
50 0.609375 0.7984375 0.1564453125 0.1716796875
50 0.42265625 0.81328125 0.1640625 0.1796875
50 0.2375 0.85 0.18740234375 0.1875
50 0.93046875 0.26875 0.1390625 0.23125
50 0.76953125 0.271875 0.171875 0.23740234375
50 0.5859375 0.28984375 0.190625 0.234375
50 0.3828125 0.31484375 0.19697265625 0.2375
50 0.1578125 0.328125 0.234375 0.25