39 0.11015625 0.52109375 0.1578125 0.1640625
39 0.45 0.52578125 0.165625 0.165625
39 0.26171875 0.5265625 0.1578125 0.15927734375
39 0.6265625 0.53203125 0.1875 0.184375
39 0.82578125 0.534375 0.1984375 0.20009765625
39 0.1375 0.6703125 0.09384765625 0.09052734375
39 0.43046875 0.7109375 0.1171875 0.10625
39 0.5375 0.7203125 0.11865234375 0.125
39 0.84765625 0.7328125 0.146875 0.1158203125
39 0.08203125 0.7875 0.0859375 0.084375
39 0.24375 0.83984375 0.10009765625 0.1046875
39 0.35625 0.85 0.1060546875 0.090625
39 0.58203125 0.8765625 0.121875 0.11875
39 0.7046875 0.88515625 0.128125 0.1125
39 0.82578125 0.9078125 0.1375 0.1095703125
39 0.68203125 0.10703125 0.184375 0.11875
39 0.521875 0.11328125 0.1375 0.11875
39 0.39921875 0.12265625 0.109375 0.121875
39 0.2953125 0.128125 0.14052734375 0.1375
39 0.37421875 0.3296875 0.121875 0.09697265625
39 0.50390625 0.33046875 0.125 0.109375