13 0.15390625 0.48515625 0.203125 0.2421875
13 0.3078125 0.4984375 0.14677734375 0.228125
13 0.42578125 0.5125 0.134375 0.22509765625
13 0.53828125 0.528125 0.14375 0.221875
13 0.11171875 0.71484375 0.165625 0.24375
13 0.2578125 0.74375 0.165625 0.275
13 0.38046875 0.74921875 0.16875 0.278125
13 0.5 0.75234375 0.13759765625 0.2296875
13 0.340625 0.08515625 0.140625 0.1703125
13 0.48515625 0.0921875 0.146875 0.184375
13 0.19296875 0.26328125 0.175 0.2359375
13 0.32421875 0.2796875 0.121875 0.246875
13 0.45234375 0.296875 0.1390625 0.23740234375
13 0.571875 0.30859375 0.14375 0.23125