23 0.7546875 0.35859375 0.17197265625 0.125
23 0.19296875 0.403125 0.3296875 0.17490234375
23 0.8640625 0.440625 0.109375 0.075
23 0.91796875 0.45390625 0.1203125 0.0921875
23 0.621875 0.4859375 0.153125 0.12177734375
23 0.95234375 0.51640625 0.0953125 0.09375
23 0.7421875 0.52421875 0.13447265625 0.1140625
23 0.45859375 0.5390625 0.1890625 0.13125
23 0.8046875 0.546875 0.140625 0.11240234375
23 0.165625 0.56328125 0.25 0.1421875
23 0.853125 0.60859375 0.13740234375 0.128125
23 0.17421875 0.61640625 0.24375 0.13125
23 0.234375 0.7015625 0.31240234375 0.22177734375
23 0.31796875 0.865625 0.228125 0.190625
23 0.353125 0.91875 0.21884765625 0.1625
23 0.8375 0.1265625 0.14375 0.07177734375
23 0.71171875 0.16171875 0.1765625 0.1046875
23 0.3640625 0.165625 0.28125 0.11875
23 0.096875 0.22109375 0.19375 0.1203125
23 0.36015625 0.23984375 0.2703125 0.1234375
23 0.10703125 0.2921875 0.2140625 0.12822265625
23 0.8625 0.30234375 0.10634765625 0.08125
23 0.4515625 0.30859375 0.25302734375 0.1421875