49 0.665625 0.36328125 0.17509765625 0.1671875
8 0.27109375 0.4765625 0.19375 0.17197265625
49 0.865625 0.5015625 0.2123046875 0.1779296875
8 0.490625 0.51640625 0.19375 0.19375
49 0.67265625 0.5234375 0.1625 0.140625
8 0.54296875 0.66171875 0.225 0.215625
8 0.27109375 0.6796875 0.2203125 0.21552734375
49 0.70078125 0.68515625 0.134375 0.1640625
49 0.8671875 0.69296875 0.1783203125 0.159375
49 0.70234375 0.88828125 0.16875 0.2109375
49 0.89140625 0.89296875 0.215625 0.2140625
8 0.26953125 0.89453125 0.203125 0.209375
8 0.49296875 0.8984375 0.23125 0.203125
8 0.47421875 0.14296875 0.1796875 0.1875
8 0.29296875 0.1453125 0.1640625 0.15927734375
49 0.82578125 0.16796875 0.1765625 0.15
49 0.6546875 0.175 0.16572265625 0.1625
8 0.284375 0.3046875 0.175 0.16552734375
49 0.84765625 0.328125 0.1953125 0.15
8 0.48125 0.3296875 0.18125 0.1595703125