63 0.19609375 0.3484375 0.1375 0.059375
54 0.0765625 0.49140625 0.11552734375 0.0609375
54 0.18203125 0.50078125 0.0828125 0.0484375
54 0.14921875 0.5421875 0.115625 0.0470703125
11 0.0359375 0.6359375 0.06875 0.05
11 0.0359375 0.73515625 0.071875 0.0765625
11 0.18203125 0.7671875 0.075 0.0779296875
17 0.325 0.80234375 0.11884765625 0.1171875
11 0.209375 0.83046875 0.096875 0.0875
17 0.4609375 0.890625 0.12822265625 0.11884765625
17 0.3375 0.928125 0.146875 0.14375
17 0.46953125 0.98125 0.15 0.0375
63 0.1484375 0.290625 0.09677734375 0.03740234375
63 0.1703125 0.31015625 0.1125 0.0375
63 0.053125 0.31328125 0.09375 0.0375
63 0.17578125 0.33046875 0.115625 0.040625
63 0.06953125 0.33203125 0.0890625 0.0421875