62 0.93984375 0.346875 0.0953125 0.1375
62 0.67890625 0.3890625 0.109375 0.10947265625
62 0.06640625 0.39609375 0.1328125 0.1765625
62 0.78515625 0.45078125 0.096875 0.084375
62 0.51953125 0.46484375 0.096875 0.1140625
62 0.64453125 0.484375 0.0921875 0.11875
62 0.39375 0.05 0.13115234375 0.1
62 0.4421875 0.50078125 0.11572265625 0.1234375
62 0.365625 0.5671875 0.109375 0.084375
62 0.28125 0.60546875 0.10615234375 0.084375
62 0.0953125 0.746875 0.1654296875 0.15625
62 0.2703125 0.07578125 0.14072265625 0.1140625
62 0.8828125 0.10546875 0.09052734375 0.125
62 0.3984375 0.11171875 0.115625 0.0765625
62 0.80546875 0.13125 0.0859375 0.1251953125
62 0.29375 0.1359375 0.109375 0.103125
62 0.0625 0.14921875 0.125 0.11875
62 0.18515625 0.1765625 0.125 0.115625
62 0.62890625 0.19921875 0.1203125 0.1359375
62 0.51875 0.23125 0.1314453125 0.1310546875
62 0.81875 0.32734375 0.08134765625 0.115625