33 0.32421875 0.4296875 0.090625 0.23427734375
33 0.40703125 0.43203125 0.0796875 0.2234375
33 0.57421875 0.434375 0.096875 0.209375
33 0.23671875 0.43515625 0.0953125 0.2328125
33 0.490625 0.4375 0.08134765625 0.21875
33 0.15 0.4390625 0.09990234375 0.225
33 0.86953125 0.6453125 0.128125 0.1875
33 0.6375 0.65234375 0.11865234375 0.19375
33 0.52578125 0.653125 0.121875 0.196875
33 0.4140625 0.65546875 0.1158203125 0.2015625
33 0.1828125 0.65703125 0.128125 0.1921875
33 0.75 0.6578125 0.115625 0.2
33 0.30078125 0.6578125 0.1234375 0.190625
33 0.76484375 0.87734375 0.121875 0.190625
33 0.91796875 0.92421875 0.1640625 0.1390625
33 0.56171875 0.9265625 0.125 0.146875
33 0.68359375 0.9296875 0.1265625 0.1404296875
33 0.44140625 0.93125 0.11875 0.1375
33 0.321875 0.9359375 0.13134765625 0.128125
33 0.19609375 0.9375 0.125 0.125
33 0.49921875 0.1484375 0.1078125 0.2658203125
33 0.22578125 0.14921875 0.13125 0.2625
33 0.95078125 0.15078125 0.0984375 0.2453125
33 0.59453125 0.153125 0.0953125 0.2751953125
33 0.125 0.153125 0.1125 0.26259765625
33 0.8671875 0.15390625 0.08447265625 0.2515625
33 0.31875 0.1546875 0.0814453125 0.2408203125
33 0.40703125 0.1546875 0.109375 0.2625
33 0.77109375 0.1578125 0.0953125 0.253125
33 0.6828125 0.1625 0.09375 0.271875