107 0.43125 0.16328125 0.10625 0.1390625
107 0.3546875 0.1671875 0.053125 0.1125
124 0.7625 0.27265625 0.040625 0.0984375
124 0.87265625 0.27421875 0.0609375 0.0921875
124 0.81015625 0.275 0.053125 0.09375
101 0.44140625 0.2765625 0.0453125 0.028125
101 0.5109375 0.27890625 0.05 0.028125
124 0.71640625 0.28359375 0.05 0.071875
124 0.5796875 0.2890625 0.05322265625 0.05
74 0.36875 0.29765625 0.06875 0.0546875
74 0.26953125 0.29921875 0.1171875 0.053125
64 0.47890625 0.30234375 0.0515625 0.0375
101 0.4296875 0.30703125 0.04072265625 0.0296875
137 0.265625 0.39375 0.09375 0.06875
124 0.57265625 0.49140625 0.0703125 0.090625