79 0.3546875 0.2984375 0.065625 0.0375
64 0.1875 0.31015625 0.059375 0.071875
101 0.5109375 0.315625 0.04375 0.053125
64 0.43046875 0.31953125 0.046875 0.0578125
79 0.35546875 0.33515625 0.0890625 0.0296875
64 0.2359375 0.37109375 0.0625 0.0765625
64 0.17578125 0.37265625 0.0546875 0.0921875
103 0.39921875 0.46953125 0.0859375 0.1078125
64 0.61171875 0.590625 0.040625 0.0375
64 0.6546875 0.590625 0.046875 0.0625
64 0.54921875 0.6 0.0484375 0.05625
77 0.3640625 0.603125 0.021875 0.034375
77 0.38203125 0.60703125 0.0171875 0.0390625
77 0.43125 0.6140625 0.01875 0.04375
77 0.4109375 0.61796875 0.021875 0.0703125
77 0.39765625 0.625 0.0171875 0.05
77 0.34765625 0.625 0.0125 0.059375
77 0.32578125 0.6265625 0.028125 0.040625
64 0.59453125 0.62890625 0.0453125 0.0578125
77 0.3640625 0.63515625 0.01875 0.0265625
77 0.44609375 0.6359375 0.01875 0.05625
64 0.65078125 0.6375 0.0453125 0.04375
77 0.37890625 0.6453125 0.0171875 0.03125
77 0.33203125 0.64921875 0.0171875 0.0234375
134 0.65625 0.7515625 0.04375 0.05
136 0.4515625 0.78671875 0.046875 0.08125
134 0.56484375 0.79375 0.0390625 0.059375
94 0.34609375 0.79453125 0.0546875 0.0703125
94 0.4 0.7953125 0.05 0.0720703125
134 0.6390625 0.7984375 0.04375 0.065625
134 0.6 0.8 0.03125 0.053125
134 0.6703125 0.80078125 0.021875 0.0578125