136 0.28984375 0.27109375 0.0546875 0.0578125
136 0.3421875 0.28359375 0.08125 0.04375
136 0.36171875 0.31015625 0.0828125 0.0546875
79 0.39921875 0.4390625 0.1546875 0.046875
79 0.3953125 0.47421875 0.159375 0.0296875
89 0.23515625 0.509375 0.034375 0.01875
89 0.18203125 0.51328125 0.0421875 0.0171875
125 0.59375 0.51484375 0.0375 0.015625
134 0.85859375 0.51484375 0.021875 0.0203125
125 0.62890625 0.51796875 0.0328125 0.0171875
134 0.8125 0.51796875 0.02509765625 0.0140625
134 0.7484375 0.51796875 0.021875 0.015625
134 0.77890625 0.521875 0.0234375 0.021875
137 0.31796875 0.528125 0.1203125 0.059375
134 0.83203125 0.528125 0.0359375 0.01884765625
134 0.70546875 0.5296875 0.0359375 0.021875
125 0.57890625 0.53125 0.0578125 0.021875
125 0.628125 0.53359375 0.02509765625 0.0109375
134 0.74140625 0.534375 0.03125 0.015625
134 0.79609375 0.534375 0.0375 0.0125
89 0.22109375 0.53515625 0.0359375 0.0109375
89 0.16484375 0.53984375 0.053125 0.0203125
89 0.2125 0.55078125 0.040625 0.0171875
89 0.1515625 0.55234375 0.05625 0.0203125
137 0.31875 0.5765625 0.109375 0.053125
129 0.58125 0.58671875 0.0375 0.0265625
89 0.1421875 0.5875 0.05625 0.04375
129 0.62265625 0.5890625 0.0390625 0.03125
129 0.5484375 0.5890625 0.03125 0.028125
89 0.20390625 0.5890625 0.059375 0.04375
78 0.534375 0.6828125 0.18115234375 0.034375
97 0.3015625 0.88046875 0.20625 0.0359375
107 0.8359375 0.2421875 0.109375 0.228125
107 0.7109375 0.2453125 0.109375 0.225
136 0.3359375 0.2609375 0.040625 0.02822265625
136 0.42265625 0.26171875 0.0390625 0.03125