137 0.34140625 0.15546875 0.09375 0.115625
129 0.6859375 0.43515625 0.028125 0.04375
129 0.7203125 0.4390625 0.03427734375 0.040625
115 0.40546875 0.46015625 0.084375 0.0796875
129 0.68828125 0.47265625 0.0453125 0.046875
129 0.72578125 0.48515625 0.0265625 0.04375
101 0.446875 0.67265625 0.05615234375 0.078125
107 0.8578125 0.703125 0.05 0.265625
107 0.91640625 0.7171875 0.0671875 0.27822265625
107 0.975 0.728125 0.05 0.28134765625
64 0.28125 0.74609375 0.06865234375 0.10625
64 0.3625 0.75078125 0.0689453125 0.0890625
64 0.43828125 0.7515625 0.071875 0.103125
137 0.24765625 0.134375 0.096875 0.15
74 0.703125 0.13671875 0.10625 0.140625
74 0.80703125 0.1390625 0.0796875 0.13427734375