115 0.778125 0.03125 0.14384765625 0.0625
101 0.50234375 0.5640625 0.0578125 0.0375
101 0.52734375 0.609375 0.0703125 0.05625
94 0.61640625 0.6140625 0.0546875 0.0404296875
94 0.625 0.66171875 0.09375 0.0625
64 0.58125 0.803125 0.08125 0.065625
116 0.746875 0.80625 0.071875 0.0625
116 0.67265625 0.8171875 0.0734375 0.0625
114 0.7234375 0.8625 0.08125 0.05
114 0.8046875 0.86875 0.06875 0.053125
114 0.678125 0.90546875 0.08125 0.0625
114 0.590625 0.90625 0.084375 0.065625
114 0.759375 0.90625 0.08125 0.05009765625
114 0.8578125 0.90859375 0.08125 0.0578125