89 0.75078125 0.375 0.1328125 0.0625
89 0.753125 0.4421875 0.146875 0.065625
134 0.575 0.51875 0.021875 0.015625
134 0.6640625 0.52421875 0.01572265625 0.0140625
134 0.64296875 0.525 0.0234375 0.0125
134 0.58984375 0.52578125 0.021875 0.0140625
134 0.6125 0.52734375 0.02490234375 0.0125
134 0.5734375 0.53828125 0.021875 0.0109375
134 0.62109375 0.5390625 0.0171875 0.009375
134 0.59765625 0.53984375 0.01875 0.0109375
64 0.2640625 0.70234375 0.07822265625 0.034375
64 0.43046875 0.71640625 0.0796875 0.0484375
64 0.184375 0.721875 0.075 0.046875
64 0.325 0.73125 0.08134765625 0.065625
77 0.59140625 0.75 0.0515625 0.109375
77 0.5515625 0.7515625 0.053125 0.1125
64 0.23671875 0.75546875 0.0796875 0.0671875
77 0.62578125 0.76796875 0.046875 0.0765625
101 0.39765625 0.7703125 0.0890625 0.05947265625
77 0.653125 0.77109375 0.03125 0.0484375
107 0.665625 0.16640625 0.090625 0.2390625
107 0.5703125 0.18125 0.096875 0.209375
75 0.871875 0.18984375 0.1875 0.184375
129 0.4453125 0.26484375 0.06875 0.0234375
129 0.47421875 0.3015625 0.04375 0.0283203125
129 0.40625 0.31953125 0.05 0.0421875