101 0.1 0.246875 0.12509765625 0.05625
101 0.1609375 0.29140625 0.09677734375 0.046875
137 0.35078125 0.2921875 0.1328125 0.08447265625
101 0.06015625 0.296875 0.1078125 0.0435546875
107 0.8609375 0.3125 0.13447265625 0.1875
74 0.71875 0.33828125 0.146875 0.1375
137 0.35625 0.37109375 0.159375 0.0703125
109 0.06328125 0.4578125 0.1140625 0.04375
75 0.184375 0.5125 0.1689453125 0.125
64 0.3203125 0.53125 0.1125 0.08740234375
115 0.05078125 0.5640625 0.09375 0.05302734375
137 0.30390625 0.06953125 0.13125 0.0546875
101 0.5296875 0.8703125 0.0841796875 0.040625
101 0.384375 0.8765625 0.10009765625 0.04677734375
101 0.6125 0.8765625 0.078125 0.04677734375
64 0.6953125 0.878125 0.08447265625 0.040625
64 0.90390625 0.878125 0.0859375 0.04384765625
137 0.30390625 0.121875 0.13125 0.05