114 0.35390625 0.16328125 0.0609375 0.1015625
114 0.29765625 0.16875 0.059375 0.07509765625
114 0.415625 0.18046875 0.04990234375 0.0640625
129 0.39140625 0.1984375 0.0375 0.02802734375
89 0.90234375 0.2078125 0.0390625 0.025
89 0.040625 0.2078125 0.06865234375 0.04697265625
89 0.86875 0.21640625 0.028125 0.025
89 0.83515625 0.22421875 0.0328125 0.0265625
101 0.80546875 0.22578125 0.0328125 0.046875
94 0.353125 0.29453125 0.053125 0.0703125
101 0.71953125 0.2984375 0.03125 0.053125
134 0.68125 0.303125 0.04990234375 0.04990234375
94 0.31796875 0.35078125 0.0484375 0.06875
134 0.41171875 0.3625 0.028125 0.0435546875
134 0.37265625 0.36796875 0.0515625 0.078125
67 0.47421875 0.36796875 0.090625 0.0765625
134 0.58515625 0.38203125 0.0109375 0.021875
134 0.565625 0.384375 0.015625 0.0248046875
128 0.68515625 0.3921875 0.1421875 0.03125
101 0.41015625 0.39453125 0.028125 0.0296875
101 0.5359375 0.39609375 0.0408203125 0.0296875
115 0.91015625 0.4265625 0.1703125 0.165625
120 0.54375 0.48671875 0.05634765625 0.0671875
103 0.1765625 0.49453125 0.146875 0.1578125
101 0.49375 0.496875 0.040625 0.053125
107 0.07265625 0.50390625 0.0515625 0.178125
107 0.02421875 0.5078125 0.0453125 0.196875
101 0.69609375 0.55 0.025 0.034375
120 0.95859375 0.5515625 0.0828125 0.0841796875
75 0.59921875 0.55625 0.075 0.10009765625
101 0.65234375 0.58984375 0.03125 0.040625
118 0.60078125 0.7859375 0.0390625 0.0283203125
118 0.55 0.79453125 0.0251953125 0.034375
118 0.5703125 0.8421875 0.03125 0.04052734375
107 0.8609375 0.85625 0.0625 0.2875
67 0.68125 0.86015625 0.121875 0.065625
118 0.59609375 0.8640625 0.0296875 0.034375
129 0.47734375 0.11328125 0.0203125 0.0390625
129 0.45 0.121875 0.02509765625 0.05615234375
129 0.5 0.12734375 0.0375 0.0359375
129 0.47265625 0.1390625 0.021875 0.04052734375
129 0.52109375 0.14921875 0.025 0.025
129 0.44140625 0.15078125 0.0328125 0.028125
64 0.96171875 0.1546875 0.0734375 0.0875