89 0.86328125 0.33359375 0.0265625 0.0453125
134 0.65078125 0.33671875 0.0390625 0.0609375
89 0.8890625 0.33515625 0.025 0.0390625
89 0.83671875 0.34140625 0.0234375 0.046875
89 0.81328125 0.340625 0.0203125 0.040625
89 0.79375 0.34375 0.021875 0.046875
89 0.76953125 0.34765625 0.0265625 0.0453125
95 0.6078125 0.36171875 0.075 0.0453125
134 0.68359375 0.36171875 0.0390625 0.0421875
107 0.2015625 0.625 0.05625 0.13134765625
107 0.14296875 0.66015625 0.0703125 0.2109375
136 0.6265625 0.89609375 0.04375 0.0546875
136 0.71796875 0.91328125 0.0359375 0.0640625
64 0.41484375 0.9203125 0.0453125 0.05947265625
136 0.6625 0.9359375 0.05 0.071875
64 0.4609375 0.95546875 0.04375 0.0828125
120 0.70234375 0.96640625 0.0484375 0.0546875
64 0.41171875 0.97265625 0.0515625 0.04375