46 0.38828125 0.33203125 0.0984375 0.10625
46 0.04453125 0.3703125 0.084375 0.12802734375
46 0.284375 0.3703125 0.103125 0.09697265625
46 0.06328125 0.47578125 0.1203125 0.1015625
46 0.17265625 0.47578125 0.1140625 0.10625
46 0.05 0.5828125 0.1 0.115625
46 0.19140625 0.63515625 0.1359375 0.0984375
46 0.1203125 0.753125 0.1216796875 0.1251953125
46 0.32890625 0.1640625 0.1125 0.1279296875
46 0.08203125 0.17265625 0.1296875 0.0859375
46 0.25 0.246875 0.109375 0.115625
46 0.15234375 0.27890625 0.115625 0.109375