40 0.4078125 0.32890625 0.1216796875 0.1171875
40 0.1796875 0.3703125 0.140625 0.1279296875
40 0.70859375 0.371875 0.1359375 0.1125
40 0.50546875 0.4640625 0.1328125 0.140625
40 0.36328125 0.47109375 0.140625 0.1328125
40 0.86953125 0.49453125 0.1296875 0.1375
40 0.5703125 0.5703125 0.140625 0.146875
40 0.16953125 0.5890625 0.1203125 0.14375
40 0.76171875 0.81484375 0.1609375 0.1578125
40 0.41796875 0.890625 0.175 0.190625
40 0.34921875 0.18515625 0.134375 0.1296875
40 0.5703125 0.21875 0.146875 0.15625
40 0.125 0.24453125 0.146875 0.14375