76 0.8515625 0.178125 0.296875 0.1
76 0.578125 0.29375 0.16259765625 0.025
89 0.17578125 0.3203125 0.1328125 0.059375
101 0.7046875 0.3453125 0.090625 0.084375
137 0.1984375 0.39453125 0.09375 0.01875
137 0.1875 0.4125 0.13759765625 0.01875
137 0.37890625 0.4125 0.0578125 0.028125
79 0.36484375 0.50625 0.065625 0.046875
106 0.26796875 0.5546875 0.1734375 0.01875
107 0.57109375 0.575 0.0796875 0.140625
106 0.29375 0.5859375 0.221875 0.01875
107 0.66953125 0.59375 0.0796875 0.15
107 0.63359375 0.59609375 0.0734375 0.175
107 0.7015625 0.634375 0.08447265625 0.11875