24 0.12734375 0.3375 0.1921875 0.28115234375
24 0.3015625 0.34609375 0.19072265625 0.253125
24 0.4796875 0.34609375 0.16875 0.2625
24 0.6453125 0.35546875 0.16875 0.2390625
24 0.80859375 0.36328125 0.1609375 0.221875
24 0.1078125 0.6234375 0.18125 0.24677734375
24 0.2875 0.6203125 0.1689453125 0.2404296875
24 0.6359375 0.615625 0.16552734375 0.215625
24 0.77734375 0.6140625 0.15625 0.2033203125
24 0.91015625 0.5984375 0.1234375 0.20322265625
24 0.125 0.88359375 0.18740234375 0.196875
24 0.44921875 0.8578125 0.1546875 0.20302734375
24 0.60078125 0.8546875 0.15625 0.17197265625
24 0.75703125 0.834375 0.1515625 0.1873046875