24 0.1875 0.1453125 0.09365234375 0.084375
24 0.3140625 0.140625 0.16875 0.09375
24 0.428125 0.1453125 0.071875 0.084375
24 0.53515625 0.1453125 0.1515625 0.0904296875
24 0.64765625 0.14921875 0.0890625 0.084375
24 0.6515625 0.14765625 0.075 0.0875
24 0.759375 0.14765625 0.16259765625 0.09375
24 0.7609375 0.05546875 0.16875 0.0984375
24 0.87109375 0.14765625 0.0796875 0.1
24 0.103125 0.2359375 0.05634765625 0.084375
24 0.19921875 0.234375 0.1609375 0.08759765625
24 0.34375 0.234375 0.115625 0.09365234375
24 0.47734375 0.234375 0.1609375 0.096875
24 0.6453125 0.23203125 0.1595703125 0.0984375
24 0.81875 0.2390625 0.159375 0.0908203125
24 0.1140625 0.32421875 0.18125 0.096875
24 0.38125 0.32578125 0.15625 0.0953125
24 0.5421875 0.328125 0.16875 0.096875
24 0.75859375 0.3421875 0.178125 0.09677734375
24 0.9203125 0.33046875 0.15625 0.0953125
24 0.21171875 0.41328125 0.1734375 0.09375
24 0.47734375 0.41796875 0.1625 0.0984375
24 0.6421875 0.41953125 0.15625 0.0984375
24 0.80390625 0.421875 0.159375 0.096875
24 0.94296875 0.42265625 0.1140625 0.0953125
24 0.09140625 0.509375 0.1765625 0.0875
24 0.36171875 0.51171875 0.16875 0.0875
24 0.52421875 0.50859375 0.1765625 0.096875
24 0.73828125 0.51171875 0.1640625 0.0921875
24 0.9 0.515625 0.16875 0.09365234375
24 0.1984375 0.59609375 0.17177734375 0.090625
24 0.359375 0.5984375 0.16259765625 0.090625
24 0.61875 0.60078125 0.16240234375 0.090625
24 0.78125 0.60078125 0.15625 0.090625
24 0.92890625 0.60234375 0.1390625 0.0890625
24 0.10703125 0.6828125 0.15625 0.084375
24 0.353125 0.6890625 0.1623046875 0.0875
24 0.5203125 0.6859375 0.159375 0.0875
24 0.71640625 0.6875 0.15 0.0875
24 0.8765625 0.68984375 0.16552734375 0.090625