24 0.34765625 0.4859375 0.1234375 0.22802734375
24 0.3953125 0.25390625 0.10927734375 0.190625
24 0.51328125 0.2484375 0.1078125 0.2
24 0.2234375 0.4625 0.12197265625 0.19384765625
24 0.47265625 0.46875 0.115625 0.19384765625
24 0.584375 0.453125 0.11240234375 0.16259765625
24 0.228125 0.64453125 0.13134765625 0.2171875
24 0.35703125 0.6765625 0.1171875 0.146875
24 0.475 0.65625 0.115625 0.16259765625
24 0.5890625 0.6296875 0.11552734375 0.20302734375
24 0.6859375 0.48203125 0.059375 0.1921875
24 0.7390625 0.48203125 0.0625 0.2
24 0.665625 0.65625 0.053125 0.146875
24 0.72109375 0.65390625 0.0578125 0.15
24 0.109375 0.1578125 0.04375 0.05625