24 0.9203125 0.12890625 0.096875 0.1390625
24 0.7078125 0.32421875 0.075 0.159375
24 0.790625 0.31640625 0.0998046875 0.1609375
24 0.91328125 0.31875 0.103125 0.15625
24 0.7203125 0.4953125 0.08427734375 0.14072265625
24 0.89921875 0.50703125 0.10625 0.1796875
24 0.75859375 0.6671875 0.09375 0.15947265625
24 0.85546875 0.6921875 0.0984375 0.16552734375
24 0.95390625 0.6953125 0.0921875 0.1625
24 0.74375 0.8859375 0.11240234375 0.17197265625
24 0.80546875 0.5046875 0.0828125 0.14677734375
24 0.85703125 0.89765625 0.11875 0.1921875
24 0.95546875 0.91796875 0.084375 0.159375