24 0.08515625 0.28125 0.1703125 0.35634765625
24 0.27734375 0.28359375 0.24375 0.3578125
24 0.5484375 0.2453125 0.24697265625 0.35927734375
24 0.7953125 0.25390625 0.23125 0.375
24 0.1046875 0.6359375 0.2029296875 0.23125
24 0.29921875 0.61875 0.196875 0.25634765625
24 0.49296875 0.6734375 0.190625 0.1466796875
24 0.6890625 0.65 0.190625 0.17490234375
24 0.8640625 0.59609375 0.1908203125 0.271875
24 0.19609375 0.865625 0.1703125 0.17509765625
24 0.384375 0.8703125 0.1814453125 0.1654296875
24 0.56875 0.8578125 0.184375 0.165625
24 0.7546875 0.8546875 0.16875 0.165625
24 0.91796875 0.85078125 0.159375 0.178125