24 0.4203125 0.4046875 0.084375 0.15625
24 0.5 0.4046875 0.0875 0.1716796875
24 0.5796875 0.415625 0.090625 0.16240234375
24 0.66015625 0.4203125 0.0890625 0.1716796875
24 0.8421875 0.43359375 0.10302734375 0.16875
24 0.84140625 0.109375 0.1609375 0.21875
24 0.70078125 0.09765625 0.1421875 0.1953125
24 0.45703125 0.12109375 0.0765625 0.1875
24 0.9421875 0.584375 0.103125 0.29384765625
24 0.65859375 0.72265625 0.1296875 0.196875
24 0.5296875 0.678125 0.1375 0.24990234375
24 0.43359375 0.63125 0.084375 0.159375
24 0.4234375 0.74609375 0.09052734375 0.0875
24 0.35 0.646875 0.08759765625 0.14365234375
24 0.34765625 0.74140625 0.0828125 0.1015625
24 0.27265625 0.7390625 0.084375 0.096875
24 0.28125 0.625 0.09375 0.15009765625
24 0.196875 0.64921875 0.084375 0.103125
24 0.19453125 0.7125 0.0921875 0.053125
24 0.12890625 0.62109375 0.0875 0.1109375
24 0.1203125 0.68984375 0.07177734375 0.065625
24 0.06484375 0.62890625 0.0703125 0.0703125
24 0.05390625 0.68125 0.0828125 0.05625
24 0.0578125 0.7203125 0.07177734375 0.04375