24 0.18515625 0.4078125 0.1640625 0.17802734375
24 0.35234375 0.39921875 0.190625 0.178125
24 0.14921875 0.21171875 0.1765625 0.2140625
24 0.359375 0.4 0.1875 0.17509765625
24 0.30859375 0.203125 0.2265625 0.21259765625
24 0.5578125 0.41015625 0.18447265625 0.1734375
24 0.74765625 0.4 0.2078125 0.17490234375
24 0.56015625 0.2015625 0.2078125 0.23427734375
24 0.76796875 0.20078125 0.228125 0.2328125
24 0.33671875 0.0578125 0.228125 0.05927734375
24 0.5640625 0.06484375 0.2279296875 0.0625
24 0.77734375 0.06015625 0.2265625 0.0671875