24 0.1046875 0.16015625 0.209375 0.3203125
24 0.33046875 0.1609375 0.28125 0.321875
24 0.61328125 0.1609375 0.2640625 0.3125
24 0.87265625 0.165625 0.2515625 0.303125
24 0.10703125 0.46015625 0.2140625 0.2625
24 0.34375 0.46015625 0.2625 0.2671875
24 0.609375 0.45078125 0.253125 0.2703125
24 0.859375 0.459375 0.24384765625 0.259375
24 0.08984375 0.70625 0.1796875 0.2625
24 0.85078125 0.69609375 0.2359375 0.24375
24 0.11796875 0.91484375 0.2359375 0.16875
24 0.3578125 0.9125 0.24052734375 0.17490234375
24 0.59296875 0.90703125 0.2296875 0.1859375
24 0.8234375 0.90234375 0.22197265625 0.1953125