24 0.17578125 0.0953125 0.2171875 0.190625
24 0.09375 0.334375 0.17490234375 0.34990234375
24 0.2359375 0.3421875 0.16875 0.315625
24 0.43359375 0.32109375 0.2625 0.3484375
24 0.7015625 0.428125 0.196875 0.34375
24 0.89453125 0.1265625 0.209375 0.25302734375
24 0.92578125 0.5359375 0.146875 0.325
24 0.0609375 0.74609375 0.115625 0.346875
24 0.165625 0.73828125 0.18125 0.346875
24 0.36875 0.7875 0.1814453125 0.321875
24 0.5578125 0.77734375 0.18447265625 0.315625
24 0.740625 0.74140625 0.19384765625 0.384375
24 0.91328125 0.85546875 0.1703125 0.284375