24 0.35546875 0.1578125 0.134375 0.146875
24 0.17578125 0.29296875 0.1453125 0.1390625
24 0.31484375 0.2921875 0.1375 0.1375
24 0.44921875 0.29453125 0.1328125 0.134375
24 0.571875 0.2953125 0.125 0.1283203125
24 0.2546875 0.4265625 0.146875 0.128125
24 0.3921875 0.4234375 0.12822265625 0.13427734375
24 0.51796875 0.421875 0.1203125 0.128125
24 0.1765625 0.5421875 0.15322265625 0.10625
24 0.3265625 0.53984375 0.14052734375 0.1078125
24 0.46484375 0.53125 0.1328125 0.103125
24 0.59140625 0.5296875 0.125 0.09697265625
24 0.1609375 0.6421875 0.178125 0.090625
24 0.3265625 0.6421875 0.165625 0.1091796875
24 0.484375 0.6265625 0.14384765625 0.11552734375
24 0.6203125 0.59609375 0.16875 0.084375
24 0.16015625 0.828125 0.2 0.17490234375
24 0.3390625 0.8234375 0.18125 0.15302734375
24 0.515625 0.78828125 0.1560546875 0.1734375
24 0.671875 0.77421875 0.16240234375 0.1640625