24 0.13125 0.06953125 0.14384765625 0.1390625
24 0.24375 0.06484375 0.11875 0.1296875
24 0.35234375 0.06875 0.1078125 0.1375
24 0.45703125 0.0625 0.115625 0.125
24 0.55078125 0.0625 0.115625 0.125
24 0.6609375 0.06640625 0.1029296875 0.1328125
24 0.75234375 0.06875 0.10625 0.1375
24 0.26796875 0.26953125 0.103125 0.1703125
24 0.359375 0.265625 0.103125 0.178125
24 0.45703125 0.26796875 0.09375 0.146875
24 0.546875 0.2609375 0.0998046875 0.15625
24 0.646875 0.259375 0.10625 0.15625
24 0.7515625 0.26171875 0.14072265625 0.15
24 0.26171875 0.48203125 0.103125 0.159375
24 0.3546875 0.4890625 0.10302734375 0.1375
24 0.4484375 0.478125 0.103125 0.14365234375
24 0.540625 0.475 0.10009765625 0.14384765625
24 0.6296875 0.47578125 0.0970703125 0.146875
24 0.7171875 0.46875 0.09375 0.146875
24 0.2203125 0.6609375 0.11552734375 0.17802734375
24 0.31953125 0.66484375 0.1171875 0.1828125
24 0.4359375 0.6671875 0.125 0.17822265625
24 0.5578125 0.65859375 0.11552734375 0.159375
24 0.671875 0.65625 0.11259765625 0.16875
24 0.20703125 0.8609375 0.134375 0.159375
24 0.3015625 0.884375 0.146875 0.20615234375
24 0.42890625 0.859375 0.11875 0.228125
24 0.54453125 0.86796875 0.1203125 0.2046875
24 0.67421875 0.8640625 0.1390625 0.2