24 0.75390625 0.171875 0.146875 0.22490234375
24 0.640625 0.38203125 0.065625 0.209375
24 0.7015625 0.39296875 0.090625 0.221875
24 0.7765625 0.39921875 0.10625 0.2390625
24 0.8953125 0.4078125 0.15322265625 0.25302734375
24 0.55546875 0.60703125 0.065625 0.2171875
24 0.6296875 0.63125 0.07802734375 0.221875
24 0.69921875 0.6515625 0.084375 0.2625
24 0.81640625 0.6890625 0.1546875 0.259375
24 0.53515625 0.80078125 0.0796875 0.221875
24 0.609375 0.8390625 0.0689453125 0.2341796875
24 0.69375 0.884375 0.090625 0.228125
24 0.79453125 0.90234375 0.115625 0.190625