24 0.20078125 0.4703125 0.2703125 0.21572265625
24 0.46640625 0.48046875 0.271875 0.1859375
24 0.73203125 0.5046875 0.2515625 0.18447265625
24 0.9265625 0.484375 0.146875 0.221875
24 0.10546875 0.24765625 0.2109375 0.1078125
24 0.3328125 0.25390625 0.21875 0.09375
24 0.51328125 0.32421875 0.1875 0.0921875
24 0.71171875 0.32421875 0.21875 0.115625
24 0.8890625 0.31875 0.21875 0.1375
24 0.109375 0.34609375 0.19365234375 0.071875
24 0.296875 0.34140625 0.18125 0.0796875
24 0.49375 0.384375 0.178125 0.04990234375