24 0.0828125 0.39765625 0.165625 0.2546875
24 0.2546875 0.390625 0.18447265625 0.24990234375
24 0.43984375 0.38203125 0.1953125 0.2171875
24 0.60703125 0.396875 0.18125 0.20634765625
24 0.77421875 0.40234375 0.165625 0.2640625
24 0.92421875 0.39921875 0.146875 0.228125
24 0.125 0.76953125 0.1375 0.2890625
24 0.25859375 0.7796875 0.1375 0.240625
24 0.38359375 0.8421875 0.1171875 0.1375
24 0.51328125 0.8453125 0.1421875 0.159375
24 0.64453125 0.78828125 0.1296875 0.2578125
24 0.740625 0.79921875 0.10009765625 0.1234375
24 0.8328125 0.796875 0.1283203125 0.128125
24 0.8234375 0.67890625 0.1529296875 0.1203125
24 0.17890625 0.115625 0.1421875 0.159375
24 0.178125 0.23203125 0.14365234375 0.1109375
24 0.31015625 0.21875 0.1453125 0.1375
24 0.3375 0.1140625 0.18125 0.134375
24 0.4578125 0.19921875 0.128125 0.1390625
24 0.5984375 0.21484375 0.15302734375 0.146875
24 0.7328125 0.16796875 0.159375 0.1875
24 0.884375 0.2078125 0.1875 0.1625