24 0.1515625 0.2171875 0.10625 0.153125
24 0.25390625 0.2140625 0.1109375 0.15322265625
24 0.3578125 0.2140625 0.103125 0.15322265625
24 0.56484375 0.2015625 0.10625 0.16875
24 0.65859375 0.20546875 0.1109375 0.153125
24 0.7671875 0.2015625 0.10302734375 0.16552734375
24 0.1546875 0.396875 0.10927734375 0.146875
24 0.2671875 0.39765625 0.10947265625 0.1453125
24 0.36640625 0.3953125 0.103125 0.14072265625
24 0.46015625 0.390625 0.10625 0.1560546875
24 0.5609375 0.38671875 0.090625 0.159375
24 0.66015625 0.38203125 0.1015625 0.159375
24 0.76328125 0.38125 0.1140625 0.159375
24 0.1765625 0.57421875 0.10927734375 0.1390625
24 0.27421875 0.5671875 0.0921875 0.14697265625
24 0.37265625 0.56640625 0.1015625 0.15
24 0.4671875 0.56640625 0.1029296875 0.1515625
24 0.5609375 0.5671875 0.1091796875 0.1466796875
24 0.6578125 0.56640625 0.103125 0.146875
24 0.75859375 0.55859375 0.10625 0.1640625
24 0.2046875 0.728125 0.09375 0.1375
24 0.29453125 0.72578125 0.09375 0.134375
24 0.38828125 0.72109375 0.103125 0.153125
24 0.4796875 0.7203125 0.096875 0.159375
24 0.578125 0.72109375 0.10009765625 0.153125
24 0.6765625 0.7234375 0.103125 0.1470703125
24 0.77265625 0.72109375 0.10625 0.146875
24 0.20703125 0.8765625 0.09375 0.1529296875
24 0.2953125 0.88125 0.10302734375 0.1375
24 0.39296875 0.88203125 0.09375 0.1453125
24 0.57421875 0.8765625 0.096875 0.1408203125
24 0.6671875 0.87109375 0.103125 0.1421875
24 0.7609375 0.87265625 0.103125 0.1453125
24 0.48203125 0.875 0.103125 0.146875