24 0.2078125 0.12265625 0.165625 0.2453125
24 0.3921875 0.125 0.17802734375 0.25
24 0.5765625 0.12890625 0.184375 0.2546875
24 0.7671875 0.12890625 0.19072265625 0.2546875
24 0.14765625 0.390625 0.165625 0.290625
24 0.34765625 0.39453125 0.1875 0.29375
24 0.540625 0.4 0.190625 0.29375
24 0.73671875 0.41015625 0.2078125 0.3109375
24 0.1828125 0.66953125 0.15625 0.2640625
24 0.3234375 0.678125 0.12197265625 0.28115234375
24 0.73203125 0.7078125 0.165625 0.290625
24 0.90625 0.7171875 0.18740234375 0.30302734375
24 0.915625 0.41015625 0.16259765625 0.325