24 0.0421875 0.06953125 0.084375 0.1390625
24 0.1171875 0.071875 0.090625 0.14375
24 0.2015625 0.0734375 0.09375 0.134375
24 0.28828125 0.0734375 0.0921875 0.14072265625
24 0.37109375 0.11171875 0.0921875 0.0671875
24 0.4515625 0.03359375 0.10625 0.0671875
24 0.4625 0.1078125 0.09365234375 0.07822265625
24 0.54453125 0.03828125 0.065625 0.0765625
24 0.5453125 0.1046875 0.08427734375 0.09072265625
24 0.61640625 0.03359375 0.1015625 0.0671875
24 0.63359375 0.0984375 0.090625 0.10625
24 0.7140625 0.0375 0.090625 0.075
24 0.71171875 0.103125 0.09375 0.0810546875
24 0.8078125 0.04453125 0.10927734375 0.071875
24 0.890625 0.04453125 0.08759765625 0.084375
24 0.89453125 0.10546875 0.0921875 0.075
24 0.96640625 0.03515625 0.0671875 0.0703125
24 0.96875 0.1046875 0.0625 0.0625
24 0.2453125 0.31640625 0.075 0.1015625
24 0.3171875 0.28984375 0.0908203125 0.165625
24 0.40390625 0.3484375 0.0921875 0.075
24 0.0609375 0.5421875 0.121875 0.1
24 0.18359375 0.55078125 0.134375 0.0828125
24 0.3140625 0.53515625 0.134375 0.1203125
24 0.4421875 0.5484375 0.128125 0.11875
24 0.0875 0.4359375 0.15625 0.103125
24 0.19921875 0.453125 0.1296875 0.08759765625
24 0.32578125 0.4484375 0.1140625 0.08427734375
24 0.4375 0.4578125 0.13134765625 0.10302734375
24 0.41484375 0.25859375 0.0859375 0.0890625
24 0.58046875 0.2171875 0.090625 0.0875
24 0.58515625 0.27421875 0.0859375 0.0515625
24 0.49609375 0.31953125 0.0890625 0.04375
24 0.078125 0.6875 0.128125 0.18134765625
24 0.21484375 0.709375 0.125 0.15625
24 0.34609375 0.73671875 0.1546875 0.1078125
24 0.46484375 0.740625 0.134375 0.103125
24 0.5921875 0.73671875 0.11875 0.0796875
24 0.7125 0.73046875 0.1123046875 0.096875
24 0.834375 0.72578125 0.13115234375 0.103125
24 0.06875 0.89921875 0.11884765625 0.190625
24 0.19609375 0.90703125 0.1265625 0.1859375
24 0.32109375 0.915625 0.1015625 0.16259765625
24 0.43984375 0.91484375 0.121875 0.1703125
24 0.88359375 0.90625 0.11875 0.18740234375
24 0.53984375 0.896875 0.075 0.20615234375
24 0.615625 0.909375 0.075 0.18125
24 0.6921875 0.9046875 0.0716796875 0.1720703125
24 0.76796875 0.90234375 0.0828125 0.1921875
24 0.56953125 0.54296875 0.1328125 0.1140625
24 0.56015625 0.446875 0.1203125 0.0810546875
24 0.68515625 0.5328125 0.103125 0.10947265625
24 0.67421875 0.446875 0.115625 0.0751953125
24 0.80078125 0.53828125 0.128125 0.1078125
24 0.79296875 0.4484375 0.128125 0.084375
24 0.9203125 0.5296875 0.128125 0.11875
24 0.9171875 0.44140625 0.1283203125 0.0875