24 0.21640625 0.171875 0.1015625 0.1626953125
24 0.11796875 0.1703125 0.0984375 0.165625
24 0.0375 0.17578125 0.075 0.15625
24 0.28515625 0.3578125 0.075 0.1533203125
24 0.20546875 0.3546875 0.090625 0.14677734375
24 0.1140625 0.353125 0.096875 0.1501953125
24 0.03828125 0.3484375 0.0765625 0.159375
24 0.30078125 0.5109375 0.0828125 0.125
24 0.21171875 0.509375 0.0875 0.1310546875
24 0.1296875 0.50703125 0.08125 0.128125
24 0.0484375 0.50390625 0.0875 0.1234375
24 0.2953125 0.51328125 0.08427734375 0.1234375
24 0.2765625 0.64765625 0.09052734375 0.121875
24 0.19375 0.6453125 0.07509765625 0.12177734375
24 0.1109375 0.63828125 0.07822265625 0.121875
24 0.03828125 0.63828125 0.0765625 0.121875