24 0.6765625 0.0984375 0.121875 0.196875
24 0.6109375 0.29921875 0.10302734375 0.2015625
24 0.71640625 0.2921875 0.128125 0.2033203125
24 0.85234375 0.28828125 0.1234375 0.1859375
24 0.68125 0.67578125 0.121875 0.1859375
24 0.81953125 0.6359375 0.1203125 0.16875
24 0.85078125 0.8015625 0.096875 0.15947265625
24 0.80625 0.94375 0.10625 0.11240234375
24 0.68359375 0.87734375 0.0796875 0.2140625
24 0.615625 0.8734375 0.0689453125 0.196875
24 0.14453125 0.775 0.128125 0.24375
24 0.2703125 0.740625 0.07802734375 0.22509765625
24 0.34609375 0.7515625 0.075 0.2