24 0.109375 0.43515625 0.21875 0.2046875
24 0.6109375 0.41484375 0.2125 0.2125
24 0.115625 0.6 0.2251953125 0.1314453125
24 0.3234375 0.609375 0.2125 0.20615234375
24 0.59609375 0.5578125 0.2125 0.07822265625
24 0.59375 0.6140625 0.196875 0.05302734375
24 0.5921875 0.65390625 0.2 0.040625
24 0.75234375 0.6046875 0.1421875 0.190625
24 0.8921875 0.6140625 0.12197265625 0.17197265625
24 0.96875 0.5890625 0.0625 0.17197265625
24 0.3265625 0.74140625 0.22197265625 0.071875
24 0.72734375 0.78359375 0.096875 0.16875
24 0.9640625 0.78359375 0.07177734375 0.1640625