24 0.16015625 0.18984375 0.2171875 0.3015625
24 0.36640625 0.1890625 0.2046875 0.3029296875
24 0.57109375 0.1875 0.190625 0.30009765625
24 0.7703125 0.196875 0.2 0.28115234375
24 0.93515625 0.21484375 0.128125 0.25
24 0.13828125 0.5171875 0.2140625 0.2841796875
24 0.353125 0.51796875 0.21884765625 0.2890625
24 0.56953125 0.509375 0.196875 0.2810546875
24 0.759375 0.5171875 0.215625 0.28427734375
24 0.93359375 0.53515625 0.1328125 0.2484375
24 0.57578125 0.83515625 0.2 0.2765625
24 0.7796875 0.84375 0.196875 0.2873046875
24 0.94140625 0.84765625 0.115625 0.2578125
24 0.1515625 0.83984375 0.19677734375 0.315625