24 0.3734375 0.1546875 0.1875 0.309375
24 0.5140625 0.1203125 0.14677734375 0.240625
24 0.665625 0.14765625 0.20634765625 0.2953125
24 0.35703125 0.55859375 0.1796875 0.221875
24 0.58046875 0.54921875 0.2015625 0.2078125
24 0.85234375 0.58515625 0.2171875 0.271875
24 0.71640625 0.428125 0.128125 0.25
24 0.3578125 0.88125 0.2033203125 0.178125
24 0.5375 0.9046875 0.190625 0.15322265625
24 0.728125 0.928125 0.1939453125 0.1376953125
24 0.09140625 0.0890625 0.1828125 0.178125
24 0.22578125 0.078125 0.134375 0.15625