24 0.58671875 0.38671875 0.0703125 0.2453125
24 0.65 0.39296875 0.065625 0.221875
24 0.6078125 0.61328125 0.05625 0.1328125
24 0.65625 0.60703125 0.06240234375 0.128125
24 0.71640625 0.60546875 0.05625 0.1140625
24 0.56484375 0.83203125 0.0625 0.0890625
24 0.5828125 0.884375 0.05322265625 0.040625
24 0.6265625 0.8421875 0.065625 0.065625
24 0.68046875 0.775 0.0484375 0.13759765625
24 0.72734375 0.771875 0.040625 0.10625
24 0.7640625 0.7765625 0.059375 0.08447265625
24 0.69921875 0.9375 0.0578125 0.125
24 0.7453125 0.92578125 0.084375 0.1078125