24 0.0625 0.15859375 0.125 0.3171875
24 0.22734375 0.15859375 0.178125 0.3125
24 0.39921875 0.15390625 0.196875 0.3078125
24 0.58046875 0.14921875 0.1875 0.29375
24 0.76796875 0.1625 0.16875 0.31865234375
24 0.93046875 0.15390625 0.1375 0.28125
24 0.0765625 0.48828125 0.153125 0.2953125
24 0.24140625 0.4859375 0.1828125 0.27802734375
24 0.8015625 0.490625 0.1908203125 0.2939453125
24 0.94140625 0.4859375 0.115625 0.29697265625
24 0.1046875 0.8140625 0.165625 0.290625
24 0.26328125 0.8375 0.178125 0.3125
24 0.44453125 0.83671875 0.18125 0.3015625
24 0.62734375 0.834375 0.18125 0.33115234375
24 0.82421875 0.834375 0.2 0.303125
24 0.959375 0.84609375 0.08115234375 0.2953125