24 0.06953125 0.11328125 0.1390625 0.178125
24 0.1984375 0.103125 0.14677734375 0.178125
24 0.3328125 0.1 0.134375 0.178125
24 0.46015625 0.09765625 0.1328125 0.178125
24 0.6 0.08984375 0.1375 0.178125
24 0.73046875 0.0875 0.1390625 0.175
24 0.8640625 0.0890625 0.146875 0.178125
24 0.084375 0.375 0.16259765625 0.21259765625
24 0.234375 0.36328125 0.15 0.2140625
24 0.4 0.3796875 0.15634765625 0.1875
24 0.5515625 0.3546875 0.159375 0.2125
24 0.71484375 0.35234375 0.1734375 0.2125
24 0.87734375 0.34609375 0.16875 0.2046875
24 0.15625 0.65390625 0.14365234375 0.228125
24 0.30390625 0.65859375 0.159375 0.221875
24 0.45078125 0.65234375 0.1515625 0.2046875
24 0.60234375 0.6546875 0.159375 0.2
24 0.7671875 0.646875 0.159375 0.20634765625
24 0.1609375 0.89296875 0.14052734375 0.190625
24 0.30546875 0.88203125 0.1328125 0.215625
24 0.48046875 0.884375 0.128125 0.228125
24 0.63203125 0.890625 0.1515625 0.190625
24 0.803125 0.89453125 0.16875 0.196875