24 0.41484375 0.1671875 0.2625 0.178125
24 0.68125 0.16484375 0.25009765625 0.18125
24 0.125 0.33046875 0.25 0.16875
24 0.3703125 0.33671875 0.26572265625 0.159375
24 0.625 0.33203125 0.25615234375 0.165625
24 0.87734375 0.3375 0.24375 0.15634765625
24 0.11796875 0.49296875 0.2359375 0.1546875
24 0.3609375 0.49140625 0.27177734375 0.159375
24 0.6203125 0.49765625 0.24697265625 0.1515625
24 0.8765625 0.490625 0.24375 0.1501953125
24 0.11875 0.63828125 0.2375 0.1515625
24 0.359375 0.640625 0.259375 0.13759765625
24 0.6078125 0.65859375 0.246875 0.1453125
24 0.8546875 0.64921875 0.22802734375 0.1640625
24 0.1140625 0.77890625 0.228125 0.1296875
24 0.3609375 0.77890625 0.25625 0.1375
24 0.59375 0.775 0.23125 0.14365234375
24 0.8390625 0.7765625 0.24052734375 0.14052734375