24 0.08671875 0.13125 0.1734375 0.2625
24 0.26796875 0.1359375 0.165625 0.271875
24 0.428125 0.14453125 0.15009765625 0.2703125
24 0.58046875 0.14765625 0.15625 0.25625
24 0.7296875 0.14765625 0.15625 0.25625
24 0.10234375 0.40390625 0.1625 0.221875
24 0.25 0.40390625 0.134375 0.221875
24 0.53359375 0.4015625 0.1421875 0.2091796875
24 0.671875 0.40234375 0.125 0.2078125
24 0.1265625 0.625 0.1375 0.1935546875
24 0.259375 0.62734375 0.13115234375 0.1734375
24 0.38828125 0.62265625 0.1265625 0.1734375
24 0.5140625 0.61796875 0.125 0.1734375
24 0.6359375 0.62109375 0.1158203125 0.1734375
24 0.61796875 0.77890625 0.103125 0.134375
24 0.5015625 0.78515625 0.11875 0.1328125
24 0.3890625 0.79296875 0.10927734375 0.125
24 0.3234375 0.88671875 0.134375 0.1734375
24 0.19609375 0.8921875 0.15 0.17197265625