79 0.13828125 0.5234375 0.1359375 0.028125
79 0.13984375 0.61015625 0.140625 0.04375
107 0.86484375 0.62109375 0.0546875 0.0796875
113 0.6765625 0.6296875 0.07177734375 0.028125
79 0.16171875 0.66328125 0.090625 0.0390625
101 0.59296875 0.69140625 0.0390625 0.0265625
101 0.5515625 0.6921875 0.05302734375 0.015625
101 0.50859375 0.69375 0.0359375 0.025
101 0.5484375 0.709375 0.071875 0.025
107 0.79296875 0.7328125 0.05625 0.078125
89 0.803125 0.30234375 0.075 0.0296875
89 0.94609375 0.303125 0.1015625 0.0375
98 0.50390625 0.3203125 0.1265625 0.01875
137 0.63671875 0.32890625 0.0578125 0.0171875
137 0.6984375 0.3453125 0.0625 0.015625
137 0.84921875 0.39453125 0.121875 0.0390625
137 0.946875 0.41015625 0.096875 0.0453125
106 0.5609375 0.4375 0.0970703125 0.021875