79 0.596875 0.5421875 0.10009765625 0.09375
79 0.54921875 0.6609375 0.203125 0.06875
64 0.28828125 0.76484375 0.125 0.0640625
64 0.38671875 0.78828125 0.121875 0.0625
101 0.18828125 0.840625 0.1328125 0.05
89 0.5484375 0.14921875 0.178125 0.0578125
89 0.7265625 0.19140625 0.17822265625 0.01875
89 0.5390625 0.21484375 0.175 0.0734375
137 0.665625 0.31875 0.1375 0.071875
137 0.796875 0.3203125 0.125 0.071875
137 0.56875 0.3375 0.125 0.0375
79 0.1109375 0.41796875 0.196875 0.1234375
98 0.6390625 0.434375 0.3375 0.08125