107 0.6890625 0.7328125 0.084375 0.1625
107 0.73046875 0.8875 0.1328125 0.13125
137 0.2015625 0.25234375 0.090625 0.0109375
137 0.221875 0.2640625 0.096875 0.03125
137 0.49609375 0.28046875 0.10625 0.059375
137 0.29921875 0.284375 0.0671875 0.078125
137 0.2234375 0.2875 0.096875 0.028125
137 0.2421875 0.309375 0.090625 0.028125
137 0.5515625 0.32265625 0.1125 0.0484375
137 0.08125 0.33515625 0.075 0.0390625
137 0.19140625 0.340625 0.0796875 0.065625
137 0.26640625 0.3421875 0.065625 0.053125
89 0.8703125 0.34375 0.14375 0.11875
101 0.93203125 0.41484375 0.1359375 0.1046875
135 0.36015625 0.45859375 0.0671875 0.03125
101 0.871875 0.59375 0.090625 0.071875