107 0.58828125 0.16640625 0.23125 0.0296875
77 0.70078125 0.22421875 0.2390625 0.0734375
101 0.5375 0.3328125 0.0875 0.0625
137 0.628125 0.034375 0.128125 0.04375
137 0.8375 0.3515625 0.08115234375 0.1
101 0.30625 0.36953125 0.1 0.0703125
95 0.63671875 0.38046875 0.140625 0.0578125
134 0.75 0.38203125 0.09365234375 0.0671875
74 0.42265625 0.03984375 0.1625 0.0765625
107 0.64140625 0.49765625 0.109375 0.1203125
123 0.26796875 0.05234375 0.196875 0.0546875
75 0.7125 0.62734375 0.121875 0.0765625
100 0.85078125 0.7640625 0.04375 0.115625
76 0.78515625 0.08828125 0.1671875 0.0703125
79 0.596875 0.0890625 0.17509765625 0.06875