77 0.76328125 0.29921875 0.21875 0.0859375
101 0.60546875 0.41328125 0.103125 0.0640625
101 0.35390625 0.44765625 0.1046875 0.0828125
134 0.83359375 0.46484375 0.0828125 0.0671875
95 0.70859375 0.47109375 0.1796875 0.0609375
107 0.72578125 0.59375 0.13125 0.13125
74 0.46640625 0.06640625 0.209375 0.1328125
75 0.79609375 0.73515625 0.15 0.0859375
137 0.70390625 0.08203125 0.140625 0.0484375
123 0.29765625 0.1046875 0.221875 0.059375
79 0.68125 0.14609375 0.2 0.0890625
76 0.83671875 0.14765625 0.0734375 0.0828125