137 0.365625 0.3046875 0.090625 0.0375
74 0.2 0.3046875 0.134375 0.084375
76 0.47265625 0.3515625 0.1 0.046875
79 0.34375 0.35703125 0.115625 0.0578125
137 0.61328125 0.440625 0.1015625 0.059375
77 0.45703125 0.44609375 0.18125 0.0484375
137 0.61171875 0.52421875 0.1140625 0.0734375
101 0.34296875 0.52734375 0.0765625 0.0546875
134 0.51796875 0.54921875 0.0640625 0.0484375
95 0.42265625 0.559375 0.1125 0.05625
101 0.16171875 0.57265625 0.0640625 0.0640625
107 0.46328125 0.65234375 0.0765625 0.1046875
75 0.54609375 0.75703125 0.1203125 0.0734375
100 0.68125 0.84921875 0.059375 0.1203125
107 0.746875 0.92265625 0.084375 0.1234375