137 0.46171875 0.29296875 0.09375 0.0390625
74 0.303125 0.2953125 0.13125 0.090625
76 0.56875 0.34453125 0.1 0.0546875
79 0.43203125 0.34921875 0.13125 0.0609375
123 0.20703125 0.35859375 0.1484375 0.0609375
137 0.7 0.43125 0.1 0.065625
77 0.54375 0.4328125 0.171875 0.059375
101 0.42734375 0.50625 0.0671875 0.05
137 0.69375 0.51484375 0.109375 0.0765625
95 0.51875 0.54453125 0.103125 0.0515625
101 0.240625 0.55078125 0.08125 0.0546875
124 0.68828125 0.61015625 0.0484375 0.0796875
124 0.80703125 0.61796875 0.0359375 0.0921875
107 0.534375 0.63671875 0.096875 0.0984375
75 0.61484375 0.74140625 0.1296875 0.0703125
100 0.76484375 0.83125 0.0953125 0.075
107 0.809375 0.9265625 0.109375 0.134375