137 0.4796875 0.325 0.084375 0.034375
74 0.3328125 0.32578125 0.125 0.0828125
79 0.45546875 0.3640625 0.1109375 0.04375
76 0.57890625 0.36875 0.103125 0.046875
137 0.7140625 0.453125 0.103125 0.0625
77 0.55625 0.45546875 0.16875 0.0453125
137 0.7078125 0.53359375 0.109375 0.0671875
101 0.45390625 0.5359375 0.0703125 0.0375
134 0.6203125 0.55546875 0.065625 0.0421875
95 0.5203125 0.5625 0.11875 0.046875
101 0.2796875 0.56796875 0.071875 0.0484375
107 0.55859375 0.6546875 0.0796875 0.09375
107 0.83125 0.928125 0.08134765625 0.121875