86 0.5390625 0.2265625 0.15625 0.021875
79 0.2484375 0.29140625 0.128125 0.0265625
137 0.58828125 0.30234375 0.071875 0.0421875
133 0.28046875 0.33828125 0.1078125 0.0671875
108 0.19765625 0.34140625 0.059375 0.0765625
79 0.44453125 0.35390625 0.159375 0.0453125
69 0.2984375 0.42421875 0.184375 0.0203125
103 0.7234375 0.43515625 0.184375 0.0640625
134 0.55625 0.45625 0.1125 0.025
134 0.275 0.51953125 0.103125 0.0359375
114 0.565625 0.6875 0.071875 0.034375
101 0.7609375 0.71953125 0.05625 0.0234375
101 0.6296875 0.7234375 0.05 0.021875