137 0.6265625 0.171875 0.109375 0.05
108 0.10859375 0.2125 0.071875 0.10625
133 0.22734375 0.21875 0.1515625 0.096875
79 0.434375 0.24453125 0.215625 0.0515625
69 0.2359375 0.3421875 0.25322265625 0.025
103 0.81015625 0.36015625 0.2390625 0.0703125
134 0.565625 0.38515625 0.1375 0.0234375
108 0.46328125 0.4375 0.1234375 0.0375
134 0.21796875 0.48515625 0.1265625 0.0421875
114 0.59296875 0.7109375 0.1015625 0.05
101 0.85390625 0.76328125 0.0625 0.0296875
101 0.6875 0.76953125 0.065625 0.0265625
86 0.55625 0.08046875 0.190625 0.0296875
79 0.17890625 0.14609375 0.1609375 0.0359375