86 0.5375 0.2234375 0.15625 0.01875
79 0.253125 0.28515625 0.13125 0.0296875
137 0.58671875 0.2984375 0.0765625 0.04375
108 0.18671875 0.33515625 0.0578125 0.0765625
133 0.27421875 0.3375 0.1078125 0.075
79 0.4390625 0.35 0.15947265625 0.046875
69 0.28515625 0.4203125 0.16875 0.021875
103 0.73515625 0.42421875 0.1484375 0.0703125
134 0.54453125 0.45390625 0.0953125 0.0203125
134 0.27421875 0.5125 0.0890625 0.025
114 0.56015625 0.68203125 0.0734375 0.0328125
101 0.62578125 0.72109375 0.0546875 0.0203125