101 0.72265625 0.4890625 0.0484375 0.034375
111 0.6390625 0.490625 0.0625 0.03740234375
107 0.36484375 0.49609375 0.103125 0.1578125
79 0.721875 0.24296875 0.0875 0.0328125
137 0.57109375 0.2515625 0.046875 0.025
101 0.3578125 0.259375 0.06875 0.0498046875
137 0.55546875 0.26796875 0.0703125 0.025
137 0.659375 0.27265625 0.04375 0.03125
79 0.8296875 0.275 0.090625 0.03125
137 0.559375 0.290625 0.0625 0.021875
137 0.61328125 0.30390625 0.0546875 0.0328125
79 0.6640625 0.30546875 0.0375 0.0234375
98 0.80078125 0.3453125 0.0953125 0.01875
79 0.63984375 0.384375 0.0515625 0.0625
79 0.796875 0.41015625 0.096875 0.0265625
111 0.57890625 0.4859375 0.0515625 0.03125
101 0.6859375 0.4875 0.025 0.025