107 0.871875 0.94453125 0.05009765625 0.1109375
76 0.8296875 0.13203125 0.09697265625 0.0546875
137 0.4265625 0.2015625 0.02802734375 0.06572265625
137 0.47734375 0.25234375 0.0640625 0.06875
137 0.57578125 0.25703125 0.03125 0.0703125
137 0.4265625 0.25703125 0.03125 0.0578125
137 0.36328125 0.36328125 0.0375 0.084375
137 0.4875 0.375 0.08115234375 0.06884765625
137 0.60859375 0.3765625 0.034375 0.06875
137 0.66484375 0.41640625 0.0546875 0.11875
137 0.3640625 0.42890625 0.0404296875 0.071875
137 0.39375 0.4328125 0.0314453125 0.0720703125
137 0.42265625 0.434375 0.034375 0.06884765625
137 0.45546875 0.43671875 0.0296875 0.0734375
137 0.621875 0.440625 0.06240234375 0.075
68 0.56328125 0.45625 0.04375 0.04375
137 0.4953125 0.6046875 0.0625 0.0625
93 0.57890625 0.6109375 0.090625 0.10625