101 0.53984375 0.5578125 0.0328125 0.025
111 0.42265625 0.5609375 0.0515625 0.040625
101 0.6296875 0.56328125 0.046875 0.028125
101 0.5796875 0.56328125 0.04697265625 0.0375
111 0.48515625 0.565625 0.0609375 0.03125
98 0.4609375 0.6046875 0.13125 0.040625
107 0.234375 0.62578125 0.1375 0.2171875
79 0.565625 0.30234375 0.1125 0.0234375
137 0.41171875 0.30390625 0.0578125 0.0265625
137 0.38203125 0.32109375 0.0609375 0.03125
137 0.45078125 0.32734375 0.0609375 0.034375
137 0.5 0.33046875 0.04375 0.0328125
101 0.23203125 0.33203125 0.08125 0.0625
79 0.67890625 0.33359375 0.0859375 0.0296875
137 0.3890625 0.34609375 0.075 0.0203125
137 0.45234375 0.36328125 0.0671875 0.0359375
79 0.50625 0.36484375 0.040625 0.0328125
98 0.66953125 0.41328125 0.0796875 0.0171875
79 0.48515625 0.45 0.053125 0.065625
79 0.6515625 0.47890625 0.1154296875 0.034375