107 0.6015625 0.6328125 0.0908203125 0.134375
135 0.2328125 0.6984375 0.16875 0.109375
79 0.7609375 0.7234375 0.1 0.11875
98 0.3515625 0.728125 0.22822265625 0.103125
137 0.8578125 0.18515625 0.10625 0.1015625
137 0.44140625 0.19765625 0.2078125 0.1140625
137 0.10703125 0.1984375 0.1390625 0.071875
137 0.259375 0.2015625 0.178125 0.075
137 0.69296875 0.221875 0.1984375 0.09375
137 0.05078125 0.25078125 0.1015625 0.1171875
137 0.27109375 0.271875 0.175 0.0625
137 0.45703125 0.27421875 0.1828125 0.0578125
137 0.6125 0.3078125 0.146875 0.1
137 0.77265625 0.3140625 0.134375 0.10625
137 0.29296875 0.31640625 0.171875 0.0765625
137 0.0875 0.3203125 0.175 0.084375
137 0.4609375 0.3203125 0.1625 0.0625
68 0.57109375 0.43671875 0.184375 0.1
79 0.50390625 0.49921875 0.209375 0.115625